3 0.629288 0.931423 0.073387 0.134555
0 0.043559 0.917618 0.086824 0.110168
3 0.150123 0.858788 0.107409 0.079081
0 0.504703 0.950913 0.069905 0.096465
0 0.533457 0.835313 0.059950 0.098245
3 0.169311 0.801231 0.059093 0.067401
0 0.447973 0.738981 0.045398 0.070109
0 0.894311 0.722019 0.048825 0.058494
0 0.594624 0.739295 0.039200 0.068496
0 0.376208 0.729399 0.033782 0.067845
0 0.987291 0.802295 0.024965 0.091516
0 0.289582 0.734561 0.041376 0.052397
0 0.545577 0.734075 0.034602 0.057690
0 0.107835 0.887867 0.043246 0.045820
0 0.819468 0.670424 0.036497 0.043003
1 0.450535 0.833351 0.018544 0.044695
1 0.418781 0.823992 0.015401 0.040362
1 0.652264 0.781820 0.013582 0.045065
