0 0.483908 0.700832 0.106212 0.066349
0 0.332627 0.711852 0.116760 0.069720
0 0.612472 0.625839 0.071767 0.040573
0 0.532153 0.590051 0.042016 0.021223
0 0.965925 0.588630 0.059907 0.023391
0 0.043698 0.629386 0.086527 0.036190
1 0.160621 0.709094 0.035367 0.029413
0 0.556200 0.574806 0.036178 0.020696
0 0.976031 0.588769 0.039459 0.022717
1 0.528172 0.650964 0.026289 0.026472
0 0.375849 0.570302 0.034411 0.020858
3 0.603775 0.590140 0.049441 0.032290
0 0.806431 0.562397 0.027148 0.015993
0 0.481423 0.554674 0.036187 0.017033
1 0.460449 0.600278 0.019905 0.015080
0 0.593682 0.558176 0.030655 0.016438
0 0.289993 0.573364 0.045575 0.016304
0 0.149542 0.612639 0.104642 0.024733
0 0.345176 0.972486 0.221882 0.054603
