0 0.042824 0.917439 0.085352 0.110395
0 0.507688 0.944046 0.075692 0.110876
0 0.410712 0.944839 0.076406 0.109544
3 0.146630 0.861176 0.096151 0.080105
0 0.600178 0.824948 0.058285 0.104212
3 0.167041 0.807425 0.061298 0.079643
0 0.285748 0.734118 0.045507 0.053691
0 0.829664 0.728921 0.042448 0.053753
0 0.374372 0.724217 0.033674 0.066848
0 0.105679 0.886180 0.043000 0.046203
0 0.537497 0.746581 0.033918 0.057502
0 0.351852 0.663194 0.053721 0.034744
0 0.563156 0.711085 0.031816 0.058457
0 0.988977 0.823211 0.021587 0.080818
0 0.592528 0.662832 0.031224 0.047019
0 0.531277 0.616176 0.026771 0.046976
1 0.446704 0.898849 0.019877 0.061157
0 0.912970 0.771448 0.022636 0.052382
0 0.555562 0.663318 0.025908 0.044530
1 0.294616 0.952358 0.017294 0.060614
0 0.896656 0.738783 0.029177 0.035788
0 0.561171 0.612329 0.021046 0.040303
1 0.526785 0.861997 0.017127 0.047715
1 0.425138 0.848288 0.016814 0.046250
1 0.506389 0.741603 0.014130 0.041317
1 0.482487 0.767433 0.015213 0.035691
