3 0.662064 0.349359 0.065828 0.100081
3 0.605522 0.276827 0.038319 0.078378
0 0.778511 0.642375 0.083046 0.113812
0 0.624872 0.399166 0.037534 0.053772
0 0.557455 0.360626 0.032014 0.047921
0 0.364689 0.293096 0.020369 0.029317
0 0.424727 0.281809 0.019779 0.027335
0 0.415279 0.262202 0.015832 0.022899
0 0.452312 0.260010 0.015288 0.021014
0 0.438191 0.233967 0.011298 0.015657
3 0.431376 0.202679 0.013192 0.031067
0 0.465293 0.221575 0.009365 0.010320
0 0.503692 0.210597 0.008210 0.015913
0 0.447145 0.221892 0.011527 0.013583
