0 0.667951 0.754345 0.140461 0.101873
0 0.185137 0.615428 0.103120 0.023796
3 0.571691 0.641748 0.074773 0.056513
0 0.502395 0.601479 0.059075 0.034512
0 0.939255 0.582386 0.041201 0.019102
0 0.063193 0.632975 0.073601 0.033795
0 0.602530 0.570599 0.034756 0.020045
0 0.459744 0.580873 0.036558 0.021715
1 0.799666 0.702745 0.029820 0.030165
3 0.404238 0.567950 0.041096 0.030940
0 0.642148 0.601465 0.043199 0.020951
3 0.373092 0.598767 0.055480 0.029331
0 0.584884 0.559048 0.026972 0.014113
0 0.505464 0.562956 0.029861 0.013728
