0 0.499951 0.662157 0.086140 0.051431
0 0.410603 0.862427 0.202130 0.158753
0 0.387331 0.662407 0.087451 0.049553
0 0.604617 0.610416 0.058344 0.035223
1 0.664343 0.962523 0.074951 0.074282
0 0.043436 0.629428 0.085886 0.036642
0 0.981796 0.596409 0.036179 0.025155
0 0.536399 0.581845 0.037434 0.019271
1 0.523977 0.622372 0.021509 0.024508
0 0.820252 0.567686 0.034421 0.017121
0 0.559364 0.569071 0.031805 0.018740
0 0.143937 0.613836 0.104965 0.026570
0 0.486790 0.550167 0.034507 0.016382
0 0.444817 0.538505 0.034201 0.013092
