0 0.638183 0.615335 0.078431 0.106363
0 0.748174 0.605088 0.077644 0.106053
3 0.636850 0.309051 0.052740 0.105624
3 0.334590 0.280830 0.042163 0.086691
0 0.728025 0.451994 0.048844 0.067520
0 0.628401 0.398695 0.042554 0.072683
0 0.332342 0.374404 0.038350 0.052721
0 0.542827 0.342560 0.030679 0.046050
0 0.587082 0.337637 0.026062 0.036867
3 0.551946 0.268442 0.020960 0.044282
0 0.572985 0.311510 0.022072 0.028884
0 0.527321 0.295528 0.021096 0.029507
0 0.403252 0.260499 0.015356 0.018315
0 0.425332 0.247909 0.014950 0.017341
0 0.536362 0.249169 0.012807 0.019169
0 0.544670 0.233932 0.010560 0.015831
0 0.435803 0.231617 0.011744 0.013159
