0 0.122293 0.936669 0.243372 0.126201
2 0.365149 0.579716 0.200897 0.124648
0 0.796807 0.733329 0.185764 0.080032
0 0.913667 0.651334 0.147845 0.055340
2 0.701869 0.500246 0.128662 0.049459
0 0.916909 0.569637 0.096100 0.038224
0 0.617791 0.582408 0.091120 0.036877
0 0.659679 0.562998 0.081703 0.032582
0 0.522613 0.548287 0.075034 0.032703
1 0.797814 0.670844 0.054125 0.038925
0 0.602770 0.536500 0.073445 0.026737
1 0.591091 0.677992 0.051654 0.037969
0 0.508602 0.530048 0.067617 0.022033
1 0.142282 0.642081 0.045857 0.032167
0 0.353062 0.526851 0.053853 0.026239
0 0.395842 0.503592 0.053708 0.022811
0 0.851508 0.514931 0.059057 0.019701
0 0.804393 0.504932 0.047201 0.018275
1 0.623356 0.612422 0.034799 0.022331
0 0.462597 0.501150 0.041968 0.018420
0 0.370292 0.492684 0.039883 0.019222
3 0.989923 0.555239 0.020153 0.037499
0 0.573461 0.493059 0.031892 0.018224
0 0.410217 0.484830 0.033368 0.016807
0 0.469347 0.507612 0.030368 0.018318
0 0.192687 0.486923 0.030923 0.017270
0 0.290206 0.472411 0.032869 0.015691
1 0.518665 0.574694 0.024900 0.018202
0 0.338555 0.488514 0.029031 0.014186
0 0.631674 0.477239 0.030468 0.012889
0 0.490301 0.471671 0.032624 0.011234
0 0.261748 0.473386 0.023921 0.015223
0 0.221496 0.461317 0.028562 0.012289
0 0.308330 0.457409 0.026146 0.013295
0 0.505815 0.466234 0.027543 0.012040
1 0.322440 0.501908 0.016530 0.016823
1 0.295906 0.496397 0.014783 0.012089
