2 0.155304 0.680759 0.310041 0.176496
3 0.110327 0.944340 0.219522 0.110699
2 0.110267 0.944403 0.219817 0.110328
0 0.916340 0.729126 0.167015 0.072360
0 0.875868 0.637758 0.147114 0.050348
3 0.503167 0.624013 0.099299 0.062625
0 0.673919 0.623159 0.126185 0.049041
1 0.770599 0.727317 0.070559 0.053080
0 0.652486 0.588933 0.102957 0.032234
3 0.545120 0.613625 0.066221 0.045876
2 0.551912 0.486948 0.078266 0.036540
3 0.538533 0.565680 0.053247 0.034843
1 0.728651 0.679239 0.049938 0.034780
0 0.706292 0.538578 0.063194 0.027435
2 0.565257 0.488708 0.051557 0.031302
0 0.424995 0.535720 0.057357 0.026624
3 0.726592 0.519530 0.045300 0.026863
0 0.827561 0.525395 0.058104 0.019274
0 0.374404 0.518085 0.047472 0.022253
0 0.599508 0.512972 0.046406 0.021791
3 0.396831 0.499343 0.035802 0.025998
0 0.439069 0.514638 0.044763 0.020789
2 0.396507 0.499273 0.036224 0.025640
0 0.780839 0.515490 0.046397 0.018344
0 0.293210 0.493891 0.039092 0.018515
0 0.358992 0.507070 0.035980 0.018106
0 0.169091 0.498093 0.031811 0.018012
0 0.451319 0.480789 0.038074 0.014226
3 0.251890 0.489905 0.029086 0.018582
0 0.706272 0.507223 0.035189 0.014387
1 0.179662 0.536074 0.022892 0.019195
0 0.340497 0.480715 0.029075 0.012545
3 0.230292 0.481547 0.021141 0.016924
1 0.498726 0.554131 0.021397 0.016687
0 0.301656 0.480967 0.026147 0.013453
1 0.397087 0.560770 0.019215 0.017506
0 0.379468 0.481443 0.028609 0.011238
1 0.293396 0.519976 0.017689 0.018011
1 0.324060 0.526494 0.017572 0.017466
0 0.291396 0.467771 0.023029 0.011479
1 0.368397 0.549326 0.019232 0.013473
1 0.324447 0.529340 0.017074 0.012129
1 0.293016 0.523849 0.017408 0.010688
0 0.270404 0.461261 0.018368 0.009262
