0 0.080332 0.792567 0.160524 0.088385
0 0.483564 0.712821 0.117963 0.077186
0 0.396641 0.965425 0.231576 0.068662
0 0.518531 0.622281 0.062991 0.037364
1 0.227288 0.957496 0.078298 0.084759
0 0.147575 0.613954 0.108601 0.026883
0 0.439892 0.617157 0.063115 0.031817
0 0.598462 0.592256 0.047212 0.026405
1 0.636059 0.740692 0.038494 0.037863
0 0.043306 0.629556 0.085467 0.036876
1 0.639199 0.686720 0.032198 0.030138
0 0.795045 0.556162 0.033793 0.015330
1 0.170095 0.828940 0.048831 0.049957
1 0.710599 0.689416 0.030097 0.031919
0 0.495650 0.543943 0.030295 0.014367
0 0.289013 0.573459 0.045717 0.015491
1 0.346889 0.618323 0.019861 0.016444
0 0.374651 0.569933 0.034442 0.020434
0 0.541349 0.570268 0.033374 0.016169
0 0.450613 0.537091 0.032662 0.012008
