0 0.043766 0.916932 0.087298 0.109228
3 0.608748 0.842874 0.055565 0.133902
0 0.614885 0.955986 0.078056 0.086407
0 0.164418 0.859145 0.078563 0.074912
0 0.522484 0.835161 0.053844 0.083049
0 0.548796 0.766193 0.045905 0.074344
0 0.286947 0.734206 0.045700 0.054235
1 0.671399 0.957649 0.030997 0.073156
0 0.470384 0.698823 0.038181 0.058787
0 0.375870 0.728430 0.032794 0.060422
0 0.592661 0.708475 0.033067 0.057230
0 0.525708 0.644895 0.032470 0.050971
1 0.463436 0.844242 0.020815 0.055559
0 0.784779 0.677179 0.026513 0.042958
1 0.436869 0.892708 0.018633 0.052334
1 0.480736 0.759420 0.016300 0.034357
