3 0.625402 0.919371 0.070281 0.152549
0 0.043722 0.917935 0.087119 0.109348
0 0.147299 0.861849 0.109544 0.083316
0 0.508872 0.929340 0.065462 0.106502
0 0.537017 0.818680 0.055421 0.093882
3 0.169182 0.801677 0.059128 0.067332
0 0.453091 0.730397 0.043846 0.064794
0 0.896954 0.727687 0.047825 0.058836
0 0.594448 0.734142 0.039380 0.068065
0 0.287252 0.735176 0.044764 0.052767
3 0.376417 0.727894 0.033676 0.069264
0 0.546577 0.727031 0.032984 0.057196
0 0.606214 0.706358 0.032454 0.056719
0 0.519610 0.666123 0.030736 0.059679
1 0.429874 0.961954 0.022546 0.069049
0 0.824621 0.675750 0.035598 0.041713
1 0.298376 0.943913 0.016852 0.050568
1 0.618904 0.803831 0.016947 0.041579
1 0.456973 0.817319 0.017179 0.039516
0 0.995170 0.819118 0.009288 0.073006
1 0.419933 0.810113 0.013402 0.042708
1 0.649512 0.773839 0.014261 0.032612
