0 0.612570 0.795889 0.277009 0.197115
2 0.243579 0.434220 0.280258 0.112539
2 0.324972 0.461554 0.260419 0.111903
0 0.405757 0.630285 0.225749 0.111412
0 0.416002 0.521262 0.140300 0.060727
3 0.575131 0.444204 0.100767 0.077127
0 0.722633 0.493704 0.103457 0.054228
0 0.731164 0.438805 0.079203 0.040024
0 0.968640 0.424977 0.062719 0.038331
0 0.557822 0.391719 0.061426 0.031004
0 0.644218 0.427272 0.051276 0.036441
0 0.647562 0.394312 0.060105 0.029384
2 0.630346 0.336961 0.056704 0.029137
0 0.507755 0.446517 0.040322 0.038177
0 0.738064 0.387693 0.053290 0.026672
0 0.230218 0.356184 0.058102 0.019711
0 0.678040 0.376181 0.045198 0.024139
0 0.517361 0.359451 0.047246 0.019701
0 0.630505 0.374361 0.034717 0.024550
1 0.659085 0.466334 0.029477 0.026044
0 0.248653 0.351178 0.044965 0.016374
0 0.707166 0.352356 0.031679 0.018717
0 0.990037 0.387006 0.019927 0.029176
