3 0.058892 0.532428 0.116869 0.339957
0 0.267035 0.455873 0.053143 0.079551
0 0.648177 0.425105 0.047086 0.068810
0 0.572895 0.411161 0.044367 0.070200
0 0.626871 0.326383 0.026030 0.037285
0 0.538710 0.323279 0.024588 0.039026
3 0.409698 0.214466 0.018512 0.041692
0 0.567961 0.296391 0.022486 0.029114
0 0.430466 0.286031 0.021292 0.030270
0 0.396646 0.272679 0.020231 0.030934
0 0.352914 0.282219 0.021485 0.028758
0 0.441293 0.258930 0.018104 0.029419
0 0.420191 0.242706 0.015969 0.027070
0 0.437787 0.222947 0.011404 0.016370
