3 0.583119 0.681104 0.094442 0.076517
0 0.182965 0.614274 0.107035 0.023695
0 0.651691 0.618053 0.056647 0.029590
1 0.330700 0.744498 0.043585 0.039469
0 0.686742 0.911311 0.227529 0.177232
0 0.075805 0.631992 0.096925 0.034674
0 0.931046 0.574624 0.043139 0.018561
0 0.595879 0.581296 0.042970 0.022457
3 0.350497 0.606825 0.065946 0.039740
3 0.479875 0.621914 0.073405 0.043753
1 0.882276 0.776656 0.040696 0.042204
3 0.435973 0.592131 0.052124 0.033819
0 0.585003 0.565957 0.033680 0.017594
0 0.479902 0.621979 0.073997 0.043492
0 0.494443 0.572031 0.028526 0.016142
0 0.407683 0.573563 0.033623 0.019248
