0 0.167295 0.907457 0.156672 0.181048
0 0.334123 0.487509 0.055556 0.080764
0 0.308697 0.343425 0.032643 0.042047
0 0.613698 0.529943 0.063291 0.094313
3 0.367051 0.255995 0.031682 0.068280
0 0.555695 0.286866 0.017928 0.025158
0 0.409744 0.361109 0.034285 0.051754
3 0.677657 0.467094 0.059508 0.093331
0 0.543198 0.316078 0.023689 0.034740
3 0.387413 0.241430 0.024436 0.058918
0 0.435536 0.286537 0.022000 0.039327
3 0.542539 0.217127 0.015404 0.035306
0 0.435251 0.239516 0.012806 0.017879
0 0.539434 0.250093 0.014000 0.020669
0 0.571893 0.262296 0.013926 0.021874
3 0.598274 0.223487 0.020619 0.029662
3 0.590108 0.289124 0.019706 0.028743
