0 0.124549 0.934675 0.247960 0.130238
2 0.124463 0.934726 0.247810 0.130200
2 0.380878 0.563675 0.148322 0.112426
0 0.728849 0.687936 0.156385 0.067106
2 0.736462 0.502863 0.141473 0.053634
0 0.843713 0.622215 0.126446 0.048011
0 0.595337 0.567378 0.083320 0.034538
0 0.509206 0.537653 0.070299 0.032075
0 0.624704 0.545999 0.072218 0.028583
1 0.744486 0.639853 0.047086 0.035885
2 0.345581 0.519268 0.052906 0.031616
0 0.577045 0.523843 0.066993 0.024659
0 0.493991 0.521848 0.064270 0.021981
1 0.545990 0.653156 0.045109 0.030499
0 0.856540 0.511705 0.059884 0.019920
1 0.204620 0.615464 0.036170 0.028581
0 0.596274 0.495148 0.048728 0.019205
0 0.460279 0.496358 0.042631 0.021300
0 0.398695 0.497300 0.043046 0.021054
0 0.987335 0.583164 0.025022 0.032841
0 0.349399 0.479182 0.036816 0.020180
0 0.195534 0.483501 0.036482 0.019286
0 0.371220 0.486359 0.038506 0.017722
1 0.595920 0.592571 0.030835 0.020574
0 0.347501 0.481434 0.034115 0.015643
0 0.818555 0.501973 0.029822 0.017777
0 0.407608 0.478346 0.032222 0.015717
0 0.291294 0.467678 0.029426 0.014531
1 0.499906 0.559076 0.024514 0.017093
0 0.637264 0.474061 0.030932 0.013344
0 0.508946 0.472000 0.032341 0.012135
0 0.309299 0.453379 0.025196 0.011337
1 0.321148 0.494283 0.015872 0.016954
1 0.298041 0.488654 0.013140 0.012003
