3 0.179927 0.618647 0.310804 0.159024
3 0.490975 0.603143 0.197045 0.152445
2 0.290995 0.442926 0.258722 0.109452
2 0.502957 0.421766 0.156088 0.072474
0 0.752460 0.529725 0.124176 0.065594
0 0.610959 0.491626 0.117307 0.055943
3 0.678447 0.409856 0.071152 0.055607
0 0.613743 0.442747 0.077696 0.036552
0 0.779597 0.439207 0.071201 0.036345
0 0.790504 0.405016 0.056878 0.028330
0 0.981741 0.427694 0.036403 0.040685
2 0.687120 0.342292 0.048651 0.026107
0 0.719156 0.383331 0.044529 0.021977
0 0.304250 0.362583 0.054745 0.017815
0 0.555557 0.370580 0.047118 0.020396
0 0.649975 0.374333 0.046809 0.019465
0 0.791858 0.374598 0.042536 0.020973
0 0.732947 0.371426 0.037386 0.020394
0 0.257925 0.365422 0.033917 0.018249
0 0.373764 0.354126 0.031254 0.013483
0 0.759862 0.351468 0.026833 0.015030
