2 0.257402 0.627383 0.371595 0.162805
3 0.108460 0.942515 0.215573 0.114487
0 0.937581 0.868511 0.124838 0.104593
0 0.682103 0.626626 0.118470 0.045920
0 0.759157 0.613992 0.113209 0.043085
2 0.613455 0.497186 0.102899 0.043144
1 0.962676 0.760194 0.072061 0.057065
0 0.953497 0.592431 0.093005 0.040408
0 0.550832 0.576142 0.090434 0.037014
0 0.668629 0.571875 0.091382 0.034627
1 0.704836 0.762514 0.061073 0.036437
3 0.857543 0.542427 0.060956 0.035272
0 0.542476 0.554076 0.080314 0.025377
0 0.731089 0.542327 0.067284 0.029335
1 0.699342 0.669037 0.047623 0.035213
0 0.392334 0.519080 0.052510 0.023409
0 0.825520 0.523559 0.056819 0.019598
1 0.702757 0.673539 0.037270 0.026727
0 0.470718 0.529724 0.037034 0.025149
0 0.779458 0.514007 0.045867 0.018325
0 0.358890 0.507134 0.044490 0.018492
1 0.561160 0.620744 0.033007 0.022520
0 0.407072 0.500865 0.038271 0.017590
0 0.167485 0.494765 0.033730 0.018594
0 0.315810 0.502620 0.033154 0.017163
0 0.343717 0.496798 0.031848 0.017810
0 0.715535 0.506817 0.035867 0.015092
0 0.501285 0.489468 0.036087 0.014922
0 0.282068 0.485572 0.027027 0.016321
0 0.259646 0.487849 0.025960 0.016531
0 0.213649 0.473371 0.030728 0.013592
0 0.294048 0.469211 0.026919 0.014826
0 0.672164 0.509421 0.023854 0.014887
1 0.372608 0.531843 0.018252 0.018893
0 0.442452 0.475125 0.028218 0.012197
1 0.164525 0.528807 0.020451 0.015906
0 0.190030 0.463596 0.022859 0.009152
1 0.321561 0.524759 0.016612 0.012452
0 0.281506 0.460325 0.019943 0.010164
1 0.288292 0.513485 0.014319 0.012477
