2 0.206474 0.652171 0.411907 0.185276
2 0.103836 0.943589 0.205929 0.111985
0 0.103979 0.943709 0.205920 0.111793
0 0.731429 0.651490 0.135565 0.052024
0 0.831101 0.643310 0.132735 0.050558
1 0.776726 0.803034 0.077523 0.056921
0 0.571652 0.588662 0.099516 0.040242
0 0.712999 0.589503 0.104588 0.038146
2 0.581520 0.494157 0.096671 0.040544
2 0.404641 0.580817 0.071691 0.048620
0 0.848035 0.572418 0.089684 0.036468
1 0.777745 0.810829 0.075228 0.040648
1 0.758694 0.704943 0.060833 0.044691
0 0.563491 0.563972 0.087190 0.026546
3 0.801881 0.534200 0.055591 0.033087
0 0.672634 0.531770 0.056757 0.025788
1 0.595161 0.644178 0.040779 0.030341
0 0.396228 0.523987 0.047177 0.024278
3 0.479173 0.539751 0.039807 0.027741
0 0.821502 0.525263 0.053358 0.020169
0 0.771628 0.515203 0.045406 0.018471
0 0.355505 0.510692 0.043145 0.019390
0 0.407919 0.505434 0.040539 0.018744
0 0.702904 0.507533 0.047030 0.016070
2 0.365770 0.491520 0.033371 0.022505
0 0.307545 0.506161 0.039518 0.018411
0 0.156048 0.496069 0.038318 0.018878
3 0.241491 0.480526 0.028977 0.020366
0 0.213395 0.475279 0.031915 0.016099
0 0.477230 0.487010 0.033946 0.015072
0 0.277010 0.488466 0.030856 0.016480
0 0.259907 0.492054 0.027112 0.016517
0 0.639816 0.505001 0.027230 0.016074
0 0.339160 0.497955 0.030874 0.014032
1 0.371617 0.541506 0.019877 0.016349
1 0.269390 0.511744 0.017066 0.012393
1 0.326306 0.532357 0.016696 0.012421
0 0.445118 0.469569 0.021277 0.008929
1 0.290007 0.519249 0.015965 0.011293
