0 0.043057 0.917802 0.085870 0.108970
0 0.149287 0.862015 0.105424 0.082172
0 0.523774 0.843648 0.058115 0.100244
0 0.460155 0.825570 0.053554 0.087948
3 0.168031 0.803040 0.058285 0.071846
0 0.893285 0.778354 0.050081 0.071811
0 0.598349 0.768891 0.041987 0.078876
0 0.505112 0.977675 0.065844 0.041960
0 0.287211 0.730837 0.048526 0.048194
0 0.107423 0.886800 0.046114 0.048096
0 0.375735 0.724102 0.033138 0.060077
0 0.330546 0.664808 0.048095 0.034771
1 0.627889 0.971405 0.028704 0.056898
0 0.813089 0.697890 0.031125 0.049147
0 0.544889 0.711067 0.031651 0.048219
0 0.570256 0.685074 0.028825 0.052677
0 0.901518 0.718908 0.031494 0.046257
0 0.454488 0.618067 0.032499 0.038998
0 0.993588 0.750816 0.012492 0.031317
