3 0.865618 0.668984 0.268764 0.186490
0 0.401403 0.889885 0.222390 0.218901
0 0.584265 0.725310 0.197803 0.178072
3 0.716378 0.538453 0.169191 0.097840
3 0.964359 0.891539 0.071282 0.193947
2 0.817357 0.478365 0.178719 0.052481
0 0.038174 0.731465 0.075320 0.113532
0 0.543603 0.562908 0.094473 0.058290
0 0.381696 0.559142 0.072898 0.052442
2 0.695319 0.456695 0.095230 0.038757
3 0.499117 0.504069 0.065852 0.054890
0 0.583324 0.534585 0.079555 0.044203
2 0.091216 0.427854 0.094876 0.033230
0 0.130944 0.522056 0.082525 0.037463
0 0.432462 0.523404 0.067095 0.043407
0 0.470174 0.484734 0.045970 0.028140
0 0.248777 0.475910 0.046145 0.027641
0 0.397852 0.477403 0.045620 0.027231
0 0.149432 0.465096 0.054045 0.021072
0 0.609753 0.482974 0.051444 0.021297
0 0.475430 0.466089 0.039411 0.022581
0 0.598744 0.465466 0.044501 0.019537
0 0.543029 0.457146 0.036181 0.020036
0 0.403236 0.461294 0.037135 0.019207
2 0.326709 0.431622 0.025537 0.022428
0 0.222424 0.442534 0.037041 0.015202
0 0.308721 0.451007 0.032754 0.015430
0 0.446618 0.451637 0.031771 0.015888
0 0.489804 0.448226 0.027993 0.014816
0 0.399464 0.446218 0.025526 0.014373
0 0.575726 0.446319 0.027593 0.013039
