2 0.159608 0.679204 0.318473 0.180852
3 0.109569 0.944279 0.218525 0.110859
0 0.908933 0.722374 0.182134 0.069783
0 0.862258 0.633500 0.143748 0.049634
3 0.494462 0.620025 0.097348 0.061804
0 0.664339 0.620469 0.123489 0.048247
1 0.753762 0.722081 0.067801 0.047896
0 0.645572 0.586367 0.102874 0.031189
3 0.536764 0.610728 0.065083 0.045530
2 0.553557 0.486957 0.078087 0.036248
1 0.979074 0.814346 0.041384 0.050262
0 0.712561 0.540569 0.064860 0.028662
2 0.565190 0.488207 0.054219 0.032381
0 0.533260 0.564324 0.052092 0.032923
1 0.715256 0.674552 0.048953 0.032744
0 0.422004 0.534965 0.056737 0.026679
3 0.730186 0.520323 0.046012 0.027399
0 0.826039 0.525227 0.057903 0.019312
0 0.983072 0.706571 0.033856 0.031627
0 0.373433 0.517720 0.047063 0.022020
0 0.599619 0.514505 0.042568 0.022342
2 0.393708 0.498610 0.037102 0.025551
0 0.436634 0.513878 0.043788 0.020353
0 0.778895 0.515314 0.045797 0.018495
0 0.165019 0.496976 0.037080 0.019921
0 0.290607 0.493260 0.038701 0.017668
0 0.356119 0.506218 0.037090 0.016967
3 0.250170 0.487900 0.029166 0.020930
0 0.705774 0.507546 0.037505 0.015322
0 0.339375 0.481680 0.029733 0.015672
1 0.177396 0.535777 0.022885 0.018643
0 0.202445 0.467645 0.027938 0.013851
0 0.456581 0.480499 0.028052 0.012877
1 0.394458 0.558517 0.019689 0.018263
0 0.299946 0.479901 0.026366 0.013266
1 0.177223 0.538174 0.021341 0.014095
1 0.494236 0.553349 0.019689 0.015174
1 0.321426 0.525991 0.017448 0.017015
1 0.364846 0.546660 0.018493 0.015372
0 0.289346 0.467663 0.023559 0.010941
0 0.268300 0.460389 0.018463 0.010359
