2 0.164305 0.678244 0.327984 0.185602
2 0.108397 0.944309 0.215742 0.110915
0 0.108551 0.944140 0.215275 0.110867
0 0.897073 0.716036 0.188203 0.067516
0 0.848537 0.629706 0.140081 0.047736
3 0.485270 0.616869 0.095901 0.060362
0 0.655574 0.617284 0.121026 0.047403
1 0.968165 0.813613 0.063670 0.062417
0 0.637845 0.584235 0.101311 0.030672
1 0.737962 0.714857 0.066198 0.046197
2 0.553399 0.487208 0.080171 0.036800
3 0.530580 0.607887 0.061048 0.044921
0 0.974122 0.707110 0.051445 0.046589
0 0.719232 0.542441 0.065097 0.028852
2 0.565362 0.488762 0.055811 0.032730
0 0.527664 0.561582 0.049662 0.033501
1 0.703264 0.668677 0.047840 0.034078
0 0.418542 0.534162 0.056841 0.026531
1 0.746530 0.723230 0.048126 0.029290
3 0.733678 0.521041 0.045350 0.028862
0 0.825103 0.525429 0.057491 0.019396
0 0.604873 0.515032 0.047199 0.022180
0 0.371052 0.516768 0.047530 0.021326
2 0.390590 0.498039 0.036849 0.025301
0 0.433758 0.513289 0.043188 0.020059
0 0.777680 0.515120 0.046356 0.018493
0 0.162701 0.496849 0.038091 0.019565
0 0.288860 0.492775 0.038235 0.017648
3 0.248737 0.486657 0.028914 0.021533
0 0.355306 0.505830 0.035834 0.016677
0 0.703061 0.507439 0.035747 0.015698
0 0.281877 0.499070 0.027868 0.018571
1 0.174843 0.535467 0.022853 0.019075
0 0.200175 0.467644 0.028869 0.013413
1 0.490957 0.551717 0.021365 0.016223
1 0.392481 0.557177 0.019477 0.017200
1 0.318052 0.525432 0.017712 0.016752
1 0.287927 0.519370 0.017319 0.014878
0 0.287916 0.466992 0.022531 0.011188
1 0.361610 0.546348 0.018382 0.013211
