0 0.045356 0.917781 0.090712 0.111513
0 0.521848 0.934072 0.075729 0.127435
0 0.156260 0.862168 0.101285 0.074805
0 0.947228 0.814745 0.070932 0.088527
3 0.172919 0.804933 0.056299 0.074286
0 0.536208 0.799024 0.046936 0.081821
0 0.482594 0.781256 0.046367 0.073775
0 0.379603 0.717636 0.038855 0.082829
0 0.599005 0.743427 0.039802 0.069093
0 0.978654 0.772378 0.042191 0.064732
0 0.293523 0.736343 0.052486 0.050290
0 0.302318 0.981707 0.062212 0.035276
0 0.834463 0.719969 0.038638 0.050984
0 0.862555 0.686799 0.031193 0.047357
1 0.618522 0.900036 0.023523 0.060353
0 0.553204 0.692625 0.028746 0.045541
1 0.626663 0.971156 0.021742 0.057255
0 0.578907 0.672501 0.024144 0.047417
1 0.653320 0.881947 0.018183 0.056119
0 0.818266 0.615859 0.027363 0.036009
1 0.414178 0.793256 0.012505 0.033818
