0 0.044784 0.836037 0.088942 0.293392
0 0.664435 0.697277 0.091632 0.126078
0 0.784353 0.666245 0.090861 0.117462
3 0.642622 0.314214 0.055340 0.110109
0 0.745507 0.472788 0.053038 0.071652
0 0.639049 0.417087 0.046265 0.075413
3 0.339273 0.277268 0.040196 0.083673
0 0.342343 0.359667 0.035680 0.050619
0 0.546939 0.355865 0.033712 0.049077
0 0.591473 0.346427 0.027956 0.038213
3 0.553699 0.272182 0.022094 0.045643
0 0.576727 0.317954 0.023380 0.029258
0 0.529381 0.302584 0.021887 0.030419
3 0.598376 0.221534 0.020992 0.030192
0 0.404405 0.254416 0.015749 0.023975
0 0.426901 0.245756 0.014557 0.018556
0 0.537437 0.251826 0.013278 0.019543
0 0.404358 0.257753 0.015112 0.016769
0 0.530569 0.238826 0.012715 0.018963
0 0.436636 0.228640 0.011796 0.015618
0 0.545768 0.235587 0.010393 0.015658
