0 0.633706 0.748327 0.143145 0.095015
0 0.503376 0.646199 0.071479 0.038032
3 0.630633 0.646356 0.074841 0.061211
0 0.044036 0.630631 0.086554 0.034180
0 0.531827 0.605631 0.058548 0.032055
1 0.814664 0.749497 0.051796 0.042827
1 0.372581 0.692411 0.029750 0.026154
0 0.593757 0.575890 0.041933 0.021692
1 0.418229 0.659570 0.023756 0.024730
0 0.165454 0.612389 0.076463 0.024128
0 0.893629 0.569068 0.040654 0.016588
0 0.544586 0.573599 0.035463 0.017856
0 0.985640 0.595745 0.027373 0.027866
1 0.271433 0.652475 0.021264 0.018293
0 0.446686 0.574609 0.046320 0.022524
1 0.415897 0.601487 0.015487 0.014346
1 0.448966 0.605150 0.020518 0.012948
