0 0.283313 0.597678 0.076630 0.115702
3 0.645905 0.419095 0.048770 0.078764
0 0.583391 0.443541 0.050045 0.069751
0 0.396477 0.398290 0.039836 0.062880
3 0.361653 0.260426 0.033466 0.070791
0 0.283157 0.365409 0.037173 0.047173
3 0.383219 0.243978 0.026719 0.061982
0 0.430044 0.298045 0.024511 0.042737
0 0.537758 0.300427 0.021097 0.031721
3 0.598288 0.221441 0.020888 0.030008
3 0.541309 0.215186 0.014812 0.036748
0 0.400345 0.283464 0.019721 0.026412
3 0.584471 0.281156 0.018313 0.027618
0 0.514582 0.244347 0.015494 0.027237
0 0.550916 0.278198 0.016696 0.023088
0 0.406876 0.238050 0.013018 0.023634
0 0.432285 0.242843 0.013832 0.019062
