0 0.074578 0.920900 0.094445 0.107754
0 0.184699 0.868046 0.103222 0.081519
0 0.576718 0.859607 0.057375 0.108665
3 0.203281 0.811282 0.059353 0.077104
0 0.577831 0.769260 0.042667 0.077215
0 0.457847 0.797853 0.043919 0.065691
0 0.409220 0.734709 0.034389 0.057799
0 0.324817 0.740588 0.037989 0.051130
0 0.582469 0.703537 0.031657 0.053655
0 0.623905 0.678241 0.031063 0.049370
1 0.472698 0.957327 0.021712 0.069790
0 0.551633 0.686795 0.029820 0.049226
0 0.367752 0.655227 0.043826 0.031104
0 0.941278 0.752397 0.033907 0.035016
1 0.413240 0.887429 0.018492 0.063443
0 0.839693 0.651797 0.021645 0.044330
1 0.506518 0.871794 0.017526 0.049216
