0 0.382041 0.459131 0.048701 0.069599
0 0.267797 0.468662 0.051499 0.072018
0 0.663893 0.468197 0.048292 0.068744
0 0.559483 0.287679 0.019246 0.024274
3 0.564431 0.237291 0.022186 0.048418
0 0.530283 0.292793 0.021346 0.029403
0 0.448364 0.270134 0.018040 0.027512
0 0.392912 0.296208 0.022085 0.031867
3 0.584513 0.268031 0.029323 0.048162
0 0.543256 0.260719 0.014533 0.020586
0 0.419215 0.257092 0.015981 0.027155
0 0.174449 0.956556 0.140590 0.086369
3 0.417033 0.216753 0.016338 0.039119
0 0.432897 0.244489 0.014005 0.019025
0 0.512029 0.241553 0.011469 0.017030
2 0.417167 0.217059 0.016126 0.039845
