3 0.380211 0.677222 0.262678 0.197962
3 0.097207 0.706347 0.193313 0.206216
2 0.262615 0.441173 0.268544 0.111079
2 0.452191 0.429335 0.177135 0.081020
0 0.713695 0.565392 0.141237 0.077149
0 0.556210 0.516158 0.134445 0.064202
3 0.640587 0.416056 0.075387 0.060038
0 0.564356 0.454876 0.086015 0.039750
0 0.750738 0.449133 0.076381 0.039343
0 0.963604 0.411074 0.062804 0.037367
0 0.761026 0.411971 0.060995 0.029989
2 0.657262 0.340781 0.049331 0.025882
0 0.611710 0.379924 0.046217 0.024897
0 0.686525 0.384728 0.047871 0.021972
0 0.762896 0.377203 0.044240 0.021997
0 0.271090 0.361621 0.054989 0.017503
0 0.703238 0.372287 0.039335 0.021387
0 0.591564 0.409622 0.027123 0.030080
0 0.528666 0.367922 0.041770 0.019065
0 0.685485 0.408816 0.024255 0.029497
0 0.347374 0.351431 0.041088 0.015718
1 0.711782 0.429363 0.022661 0.020230
0 0.731174 0.351526 0.026320 0.015857
