3 0.295894 0.314905 0.058641 0.110030
0 0.216807 0.539401 0.072130 0.101994
0 0.685217 0.745267 0.099376 0.144687
3 0.608679 0.284801 0.040178 0.086246
0 0.633812 0.418288 0.041071 0.056568
0 0.563974 0.397047 0.037973 0.053133
0 0.656233 0.371456 0.034013 0.048349
0 0.526658 0.292864 0.022107 0.031585
0 0.565096 0.297298 0.019882 0.027610
0 0.585914 0.331752 0.028501 0.049546
0 0.392487 0.277807 0.020347 0.034421
0 0.428197 0.241296 0.012812 0.018565
0 0.413110 0.266023 0.017512 0.020878
0 0.521029 0.267215 0.015608 0.021346
3 0.541327 0.252251 0.016868 0.033670
0 0.560185 0.281986 0.017358 0.021710
3 0.429553 0.205810 0.012340 0.028806
