3 0.573855 0.939158 0.077306 0.119935
0 0.066150 0.925580 0.081589 0.108538
0 0.186187 0.867700 0.101044 0.074860
0 0.499443 0.832450 0.061972 0.111266
3 0.369207 0.819206 0.058085 0.099986
3 0.202674 0.811265 0.058798 0.069037
0 0.642734 0.829919 0.049134 0.077382
3 0.459746 0.759752 0.044569 0.083159
0 0.937972 0.758625 0.042431 0.061825
0 0.881818 0.700110 0.047327 0.052709
0 0.406555 0.735797 0.035937 0.064070
0 0.320463 0.745674 0.043781 0.052524
0 0.602156 0.731887 0.035324 0.063926
0 0.586867 0.687135 0.030675 0.049399
0 0.396186 0.656528 0.047160 0.032001
0 0.504842 0.705510 0.028963 0.046084
1 0.186837 0.970315 0.021715 0.055732
0 0.352547 0.662824 0.030087 0.033427
0 0.585851 0.644092 0.023608 0.039805
0 0.617882 0.632308 0.022494 0.039696
0 0.993633 0.738578 0.012413 0.033477
