0 0.185958 0.614346 0.101990 0.023693
0 0.597584 0.577705 0.039617 0.020887
0 0.072135 0.632010 0.089374 0.034192
0 0.487495 0.615072 0.067839 0.040304
0 0.935239 0.576660 0.043484 0.018051
0 0.648536 0.611596 0.052410 0.026647
1 0.371463 0.711030 0.038778 0.034320
1 0.850093 0.747901 0.035931 0.036999
0 0.579455 0.667004 0.086228 0.069774
0 0.407311 0.573116 0.032960 0.019954
0 0.357381 0.604252 0.059733 0.034326
3 0.444870 0.586840 0.047891 0.031223
3 0.579511 0.666994 0.086173 0.069489
3 0.677628 0.853208 0.189837 0.161671
0 0.677449 0.853082 0.189457 0.161296
3 0.357451 0.604393 0.060178 0.034440
