0 0.846133 0.914739 0.238782 0.161916
0 0.510999 0.690969 0.114336 0.066538
0 0.345243 0.638753 0.068722 0.034584
3 0.059682 0.731025 0.119057 0.096906
1 0.092572 0.866570 0.074702 0.064798
1 0.396705 0.728218 0.038291 0.039635
0 0.533950 0.617635 0.069303 0.035888
0 0.539536 0.584069 0.042637 0.022432
0 0.495293 0.579169 0.039798 0.019795
0 0.855093 0.576590 0.045011 0.018086
0 0.596329 0.570118 0.036570 0.019180
1 0.306143 0.776149 0.048206 0.045507
0 0.990245 0.589898 0.019510 0.017528
1 0.161903 0.750091 0.048109 0.041139
0 0.151518 0.614903 0.107034 0.027574
0 0.045906 0.630503 0.090053 0.035967
1 0.412889 0.633955 0.022411 0.018279
1 0.471145 0.663152 0.027669 0.024725
0 0.987523 0.613669 0.024363 0.028643
