3 0.199997 0.832633 0.393218 0.301579
2 0.251021 0.438799 0.271946 0.111146
2 0.405013 0.440137 0.204738 0.092003
0 0.683533 0.627082 0.176127 0.100061
0 0.504709 0.552523 0.160822 0.076823
3 0.616148 0.425039 0.083122 0.066230
0 0.513882 0.474834 0.102951 0.046128
0 0.738515 0.463031 0.084041 0.043964
0 0.747075 0.420366 0.067448 0.033406
2 0.643621 0.339098 0.050531 0.027068
0 0.586981 0.383847 0.049450 0.026901
0 0.986894 0.471239 0.026212 0.049993
0 0.669496 0.387218 0.054435 0.023903
0 0.945399 0.393955 0.037552 0.033198
0 0.252748 0.359525 0.059607 0.019403
0 0.750489 0.380528 0.047260 0.023008
0 0.561511 0.422190 0.032756 0.032005
0 0.667952 0.415398 0.032294 0.032278
0 0.522523 0.364487 0.046979 0.020094
0 0.690741 0.373076 0.040718 0.021911
1 0.689225 0.440192 0.024879 0.022554
0 0.719003 0.350888 0.026728 0.015819
