0 0.667811 0.642563 0.067603 0.036299
0 0.588112 0.594153 0.045930 0.026250
0 0.075469 0.631505 0.092550 0.034701
0 0.481194 0.580982 0.034731 0.016936
0 0.443148 0.655266 0.094394 0.057520
0 0.194834 0.614054 0.085173 0.022825
3 0.398014 0.609390 0.064113 0.050340
3 0.313809 0.623260 0.076081 0.044793
1 0.495880 0.613984 0.021348 0.022425
0 0.590922 0.740539 0.123788 0.113988
3 0.590890 0.740199 0.124189 0.113308
0 0.584024 0.556530 0.029767 0.016540
0 0.585922 0.574518 0.047337 0.020992
0 0.323620 0.576104 0.040705 0.014560
