0 0.389668 0.874042 0.214736 0.250885
3 0.839866 0.640679 0.275892 0.161367
3 0.923394 0.835041 0.153212 0.225956
0 0.560159 0.690771 0.172829 0.149709
3 0.698669 0.529763 0.154255 0.091909
2 0.818098 0.479771 0.179167 0.055552
0 0.533046 0.551802 0.088371 0.053416
0 0.097063 0.541332 0.103905 0.044212
2 0.692580 0.456794 0.090384 0.039763
0 0.381594 0.547933 0.067719 0.048316
2 0.092097 0.426132 0.094433 0.034334
0 0.574002 0.527659 0.073701 0.043212
0 0.429107 0.515315 0.063727 0.040261
0 0.492493 0.502162 0.057159 0.043660
0 0.240027 0.483280 0.061644 0.030199
0 0.131922 0.470090 0.061141 0.023602
0 0.398237 0.471955 0.043975 0.028615
0 0.469116 0.481085 0.045225 0.026543
0 0.597713 0.478576 0.049200 0.020515
0 0.592525 0.462905 0.042238 0.018323
0 0.474070 0.461946 0.036577 0.020234
0 0.538831 0.455537 0.035169 0.020013
0 0.305364 0.454477 0.036413 0.016897
2 0.324687 0.432120 0.026755 0.022884
0 0.446070 0.448026 0.029955 0.016216
0 0.487609 0.445587 0.026731 0.014586
0 0.400047 0.442997 0.024814 0.015676
0 0.576266 0.446034 0.028457 0.013392
0 0.291431 0.430276 0.020921 0.013017
