0 0.210913 0.520976 0.073379 0.137602
0 0.811893 0.539576 0.070231 0.096195
0 0.371522 0.486069 0.052900 0.080460
0 0.553730 0.352688 0.035270 0.054200
0 0.609963 0.375673 0.034702 0.047484
0 0.351225 0.340995 0.029626 0.040684
0 0.421093 0.337207 0.027878 0.040040
0 0.643391 0.341661 0.026733 0.040635
3 0.561317 0.235335 0.020355 0.050510
0 0.579855 0.318235 0.024931 0.036428
0 0.538175 0.311404 0.026544 0.033100
0 0.432992 0.303571 0.022580 0.032770
0 0.438922 0.283556 0.021426 0.029135
3 0.408133 0.226808 0.018040 0.033532
0 0.519609 0.269115 0.016722 0.022709
0 0.445797 0.258601 0.015963 0.023643
0 0.573743 0.267151 0.015764 0.023838
0 0.424352 0.243159 0.013809 0.016324
