0 0.242946 0.803429 0.120754 0.203879
0 0.119362 0.517854 0.074056 0.088301
3 0.338332 0.281621 0.043067 0.083305
0 0.395200 0.371704 0.040594 0.070617
3 0.365533 0.257716 0.031849 0.074375
3 0.590218 0.331110 0.030846 0.050571
0 0.538782 0.319408 0.026144 0.038437
0 0.368665 0.325756 0.027157 0.036889
3 0.537693 0.210532 0.014649 0.033964
3 0.400299 0.251270 0.014827 0.029062
0 0.418164 0.265540 0.016936 0.023027
0 0.524745 0.267385 0.015706 0.024183
0 0.565372 0.261844 0.015785 0.022845
0 0.537912 0.254725 0.013618 0.018905
0 0.559979 0.246088 0.011701 0.018304
0 0.509671 0.236139 0.012151 0.016680
