0 0.660294 0.837600 0.256438 0.243429
3 0.778428 0.685267 0.211371 0.169897
2 0.864302 0.497959 0.270690 0.090565
0 0.379674 0.729516 0.154828 0.145026
3 0.710176 0.569355 0.173686 0.102281
2 0.709991 0.569383 0.173103 0.102504
0 0.495586 0.598725 0.115970 0.089790
3 0.644067 0.504890 0.117171 0.073095
1 0.944837 0.737712 0.083533 0.070499
0 0.159237 0.528782 0.102175 0.048195
2 0.691157 0.457095 0.090216 0.039263
2 0.092544 0.419733 0.094957 0.033337
0 0.499845 0.518182 0.069692 0.042236
0 0.038204 0.499538 0.076341 0.033494
0 0.480728 0.483253 0.055729 0.038049
0 0.543799 0.502445 0.060446 0.033112
0 0.379940 0.514098 0.052530 0.036655
0 0.420252 0.491931 0.052145 0.033113
0 0.279194 0.472252 0.055163 0.023048
1 0.979883 0.600403 0.040092 0.031080
0 0.171451 0.456442 0.051742 0.021050
0 0.396126 0.459346 0.039343 0.023071
0 0.226472 0.466116 0.038253 0.022932
2 0.310865 0.442958 0.033077 0.025006
0 0.565095 0.464896 0.039351 0.018299
0 0.521407 0.447614 0.031949 0.017768
0 0.466619 0.452162 0.032339 0.017502
0 0.579023 0.457297 0.031913 0.017180
0 0.237268 0.431041 0.031561 0.011179
0 0.441656 0.439715 0.027357 0.012894
