3 0.898995 0.607516 0.201419 0.316513
3 0.123861 0.462810 0.167213 0.247773
0 0.228140 0.729897 0.108615 0.161668
3 0.243593 0.358639 0.089785 0.167055
3 0.674762 0.342549 0.070358 0.135449
3 0.356244 0.354075 0.033892 0.059630
3 0.598316 0.222135 0.021014 0.030894
3 0.538321 0.245986 0.015974 0.025709
3 0.527128 0.197425 0.011017 0.027256
3 0.438247 0.191109 0.010662 0.026048
0 0.428664 0.237884 0.012115 0.017786
0 0.459787 0.232675 0.012008 0.016265
0 0.509579 0.233651 0.010696 0.015108
0 0.501479 0.208873 0.007740 0.015931
0 0.459482 0.235114 0.010843 0.011320
