0 0.065160 0.922732 0.099378 0.107282
0 0.176121 0.868284 0.105887 0.084210
0 0.564498 0.884139 0.071237 0.118470
3 0.196771 0.818547 0.062798 0.091401
0 0.958961 0.831002 0.055203 0.082706
0 0.567875 0.780427 0.046498 0.078721
0 0.442834 0.812021 0.046371 0.069730
0 0.315986 0.740743 0.043264 0.050279
0 0.930638 0.740691 0.040744 0.052981
0 0.402015 0.735123 0.033801 0.058842
0 0.574227 0.711843 0.033514 0.056621
0 0.617494 0.684836 0.031222 0.052501
0 0.778898 0.727962 0.038482 0.041586
0 0.542401 0.696379 0.030195 0.051745
0 0.357873 0.655542 0.044209 0.030928
1 0.456841 0.973272 0.024471 0.053180
1 0.388766 0.921087 0.018563 0.064353
1 0.489723 0.899948 0.018525 0.054031
0 0.827073 0.647667 0.023462 0.042191
0 0.582236 0.646404 0.023028 0.034290
1 0.482229 0.790402 0.014352 0.037062
1 0.615883 0.766795 0.013312 0.039524
