0 0.508042 0.698782 0.114319 0.070367
0 0.338093 0.642849 0.069140 0.035574
1 0.057538 0.893785 0.084272 0.072491
0 0.531797 0.621652 0.071881 0.038384
0 0.868404 0.932188 0.254300 0.135215
0 0.849258 0.574956 0.043298 0.017704
1 0.389716 0.743424 0.040142 0.041466
0 0.492708 0.580587 0.041206 0.020756
0 0.539258 0.585237 0.041849 0.022410
1 0.286686 0.792803 0.053831 0.048545
1 0.133171 0.766957 0.051854 0.044952
0 0.597237 0.571133 0.037239 0.019600
0 0.045882 0.630668 0.089805 0.035593
3 0.051946 0.740698 0.103341 0.100465
0 0.985595 0.609685 0.028653 0.030115
1 0.409813 0.637340 0.025816 0.020948
0 0.151543 0.614644 0.106703 0.026857
1 0.464108 0.668526 0.028913 0.027469
