0 0.511074 0.928306 0.073525 0.128379
0 0.042948 0.917250 0.085509 0.108957
0 0.423724 0.918158 0.070778 0.114110
0 0.143188 0.862828 0.090359 0.080337
3 0.166461 0.805960 0.062522 0.078456
0 0.599603 0.812886 0.050443 0.094475
0 0.374176 0.722338 0.034324 0.068523
0 0.286072 0.733857 0.045067 0.050417
0 0.840358 0.739936 0.031803 0.060430
0 0.346365 0.663093 0.055458 0.034181
0 0.539370 0.739168 0.033145 0.055612
0 0.564762 0.705386 0.031796 0.056053
1 0.317549 0.917777 0.022837 0.063465
0 0.492962 0.647838 0.030123 0.046990
0 0.787366 0.672133 0.032294 0.043457
0 0.591230 0.657084 0.029391 0.043928
0 0.555721 0.657343 0.024216 0.044038
0 0.910024 0.743759 0.026899 0.037782
1 0.462039 0.873794 0.016103 0.053201
1 0.529433 0.842776 0.017113 0.043864
1 0.434863 0.831454 0.016648 0.043553
1 0.548702 0.790276 0.014799 0.037574
1 0.488702 0.758498 0.012817 0.029469
