3 0.194266 0.611856 0.300841 0.155308
3 0.498691 0.598292 0.193548 0.150058
2 0.293425 0.442908 0.259474 0.109417
2 0.506307 0.421281 0.155205 0.072621
0 0.755172 0.527196 0.122446 0.064920
0 0.614858 0.489489 0.115521 0.054702
3 0.680972 0.409657 0.069703 0.055378
0 0.617425 0.441525 0.077043 0.036410
0 0.782170 0.438428 0.071831 0.036472
0 0.792415 0.404355 0.055542 0.028087
2 0.689054 0.342342 0.049368 0.025937
0 0.985161 0.429821 0.029066 0.040654
0 0.306704 0.362394 0.055486 0.018185
0 0.557050 0.370767 0.047708 0.020308
0 0.721154 0.383174 0.044315 0.021433
0 0.652946 0.373983 0.046902 0.019611
0 0.794239 0.374400 0.042067 0.020941
0 0.734872 0.371416 0.037611 0.020715
0 0.260086 0.365660 0.034337 0.018722
0 0.761860 0.351496 0.026269 0.015584
