0 0.138062 0.901890 0.275416 0.194943
3 0.243182 0.437012 0.268458 0.112204
2 0.243497 0.437065 0.268311 0.111964
0 0.659572 0.683681 0.206395 0.128805
2 0.372302 0.448810 0.227782 0.099819
0 0.467455 0.581894 0.184025 0.088308
3 0.600335 0.431338 0.089147 0.069168
0 0.476711 0.492266 0.116905 0.051507
0 0.732275 0.474218 0.091283 0.047668
0 0.740669 0.427105 0.072624 0.035361
0 0.977608 0.449047 0.044597 0.044889
0 0.575688 0.386296 0.058095 0.028497
2 0.638131 0.338235 0.053451 0.027940
0 0.660236 0.389719 0.056509 0.026151
0 0.658167 0.419773 0.037942 0.035332
0 0.745789 0.383089 0.051238 0.024225
0 0.242430 0.358298 0.059998 0.018978
1 0.048725 0.424574 0.046393 0.024064
0 0.685801 0.374514 0.042179 0.022844
0 0.519721 0.362281 0.046547 0.019681
0 0.642675 0.370152 0.033234 0.020158
1 0.676510 0.450003 0.026794 0.023664
0 0.760177 0.349646 0.025939 0.019344
0 0.713654 0.351398 0.028868 0.017380
