0 0.781858 0.805707 0.270776 0.204445
3 0.925229 0.687457 0.148728 0.180637
0 0.382895 0.794431 0.157508 0.167301
0 0.519430 0.682508 0.140006 0.115392
0 0.740114 0.667250 0.167606 0.095988
0 0.072390 0.670800 0.144780 0.084338
2 0.828572 0.498000 0.181392 0.052864
2 0.952507 0.517148 0.094985 0.050943
0 0.581489 0.619593 0.087826 0.054844
2 0.943356 0.556624 0.113288 0.042292
0 0.942961 0.556652 0.114018 0.041922
0 0.050423 0.589439 0.100739 0.045866
0 0.794315 0.560414 0.105210 0.040789
0 0.414694 0.546883 0.072887 0.051207
2 0.704588 0.478242 0.090612 0.040625
2 0.105965 0.453033 0.092754 0.030895
0 0.735497 0.515053 0.090011 0.030819
0 0.512415 0.545651 0.066004 0.038920
0 0.255498 0.517913 0.063382 0.035603
0 0.172474 0.522088 0.071197 0.028819
0 0.516730 0.515196 0.053877 0.036634
3 0.098062 0.475123 0.058048 0.029493
0 0.840326 0.519690 0.062452 0.025135
0 0.622810 0.497304 0.057720 0.026004
0 0.423378 0.510742 0.045647 0.025897
0 0.471939 0.492423 0.041483 0.021657
0 0.539415 0.494854 0.041744 0.021352
0 0.411935 0.488198 0.030642 0.022403
1 0.636826 0.562225 0.026122 0.023113
1 0.461714 0.546014 0.023932 0.021317
0 0.324110 0.460748 0.027163 0.014955
0 0.464366 0.473000 0.026825 0.014232
1 0.659800 0.549759 0.021858 0.017400
0 0.585961 0.467582 0.028025 0.013148
0 0.308843 0.452266 0.022992 0.015840
1 0.207597 0.489874 0.018122 0.019341
0 0.453581 0.462748 0.025121 0.013074
