3 0.666225 0.337224 0.065181 0.125701
0 0.831213 0.567783 0.073298 0.095988
0 0.567485 0.418815 0.044508 0.065136
3 0.353860 0.266271 0.035873 0.075004
0 0.611759 0.388157 0.034605 0.045957
0 0.221551 0.536461 0.078806 0.134317
3 0.563726 0.289252 0.024926 0.050159
0 0.369830 0.324122 0.028926 0.039542
0 0.538623 0.332294 0.026791 0.036312
0 0.593987 0.347568 0.029350 0.037483
0 0.543186 0.263567 0.014601 0.021846
0 0.537083 0.247335 0.015684 0.018340
0 0.691271 0.495386 0.062367 0.108537
0 0.408278 0.247862 0.014180 0.020812
3 0.691334 0.495099 0.062232 0.108988
0 0.514117 0.244307 0.012897 0.019562
0 0.508749 0.232783 0.009785 0.015693
0 0.432035 0.239087 0.013052 0.017049
