0 0.072563 0.923950 0.090890 0.107259
0 0.485910 0.872149 0.069104 0.128261
0 0.186003 0.865739 0.101522 0.076003
3 0.353929 0.832024 0.061983 0.119645
0 0.578112 0.967419 0.081137 0.065004
0 0.649336 0.863171 0.053699 0.089127
3 0.202832 0.810142 0.058476 0.069297
0 0.933966 0.743559 0.044803 0.060437
0 0.597082 0.751431 0.039206 0.066141
0 0.407842 0.735195 0.034451 0.063577
0 0.319386 0.744482 0.044397 0.049255
0 0.866601 0.689370 0.042437 0.048632
0 0.586381 0.701037 0.032247 0.055587
0 0.393202 0.654840 0.047105 0.036253
0 0.497586 0.722723 0.031563 0.049753
0 0.618851 0.642872 0.025549 0.040300
0 0.559728 0.641803 0.023624 0.041266
0 0.585792 0.652629 0.023856 0.039203
0 0.349906 0.659954 0.026056 0.030387
