0 0.467220 0.714998 0.111189 0.074563
0 0.574266 0.619415 0.061643 0.036886
0 0.337104 0.628111 0.081027 0.039568
0 0.039912 0.632804 0.079310 0.034717
0 0.663467 0.598191 0.055724 0.027898
1 0.723441 0.675092 0.026686 0.025262
0 0.520861 0.602950 0.047046 0.028025
1 0.928074 0.821379 0.077505 0.058087
0 0.696699 0.864578 0.188860 0.203526
1 0.364200 0.690988 0.030454 0.028627
1 0.221561 0.767562 0.049101 0.039510
0 0.480982 0.579836 0.044852 0.025991
0 0.150802 0.614257 0.098910 0.023557
0 0.586291 0.569167 0.032772 0.019282
0 0.533574 0.580985 0.039673 0.022432
1 0.619697 0.651865 0.023018 0.021471
0 0.368312 0.580448 0.040225 0.024352
0 0.972598 0.587110 0.053349 0.024088
