3 0.318755 0.294825 0.047403 0.097292
3 0.621877 0.295074 0.045263 0.095638
0 0.676840 0.488731 0.053497 0.071559
0 0.590623 0.475363 0.050508 0.069823
0 0.290852 0.432076 0.049769 0.068623
0 0.686345 0.405247 0.040416 0.057773
0 0.603873 0.359576 0.035850 0.058980
0 0.534248 0.313545 0.026194 0.037249
3 0.546316 0.258943 0.018820 0.039368
0 0.576331 0.314619 0.022376 0.032616
3 0.598537 0.221131 0.021242 0.029237
0 0.399431 0.264964 0.017655 0.029617
0 0.565555 0.293890 0.019654 0.024991
0 0.523766 0.279645 0.018070 0.025545
0 0.399468 0.270203 0.017310 0.018635
0 0.419934 0.256234 0.015822 0.017256
0 0.532613 0.242301 0.011704 0.018003
0 0.431645 0.235980 0.012495 0.013330
0 0.458371 0.230906 0.010691 0.014102
