0 0.911677 0.819525 0.176150 0.317766
0 0.668178 0.472751 0.051690 0.078997
0 0.408904 0.349015 0.032618 0.045612
0 0.544596 0.330616 0.030009 0.046072
0 0.594923 0.339352 0.031199 0.042778
0 0.368523 0.312623 0.026404 0.039252
0 0.319612 0.316603 0.027133 0.037149
3 0.402524 0.224122 0.020053 0.046564
0 0.426188 0.299483 0.024115 0.038470
0 0.407155 0.262086 0.021094 0.032109
0 0.598949 0.294491 0.020615 0.029172
0 0.526655 0.286739 0.019747 0.027541
0 0.553031 0.271934 0.018063 0.023960
0 0.431333 0.235871 0.013091 0.018028
0 0.526211 0.225207 0.010940 0.019122
