0 0.696305 0.522632 0.058720 0.079534
0 0.373900 0.463156 0.049462 0.074417
0 0.698452 0.411628 0.042480 0.060507
0 0.299673 0.413558 0.042683 0.059574
0 0.407346 0.374512 0.034733 0.049752
0 0.420798 0.329080 0.028180 0.039115
0 0.536050 0.304979 0.024887 0.040641
3 0.555614 0.229741 0.019074 0.045754
0 0.574500 0.323700 0.025295 0.033900
3 0.399368 0.229130 0.017959 0.046837
3 0.413304 0.219763 0.017909 0.044748
0 0.616554 0.311441 0.022318 0.032970
3 0.598414 0.221910 0.020814 0.030356
0 0.434745 0.286007 0.020212 0.031048
0 0.564635 0.291838 0.021088 0.029283
0 0.527852 0.282195 0.020220 0.026200
0 0.445422 0.265489 0.017537 0.025248
0 0.408755 0.256094 0.016108 0.021456
0 0.453172 0.247407 0.014451 0.022076
0 0.565617 0.256323 0.014380 0.021943
0 0.537838 0.249672 0.013856 0.019412
0 0.514906 0.253424 0.013762 0.018740
