3 0.035197 0.565803 0.069624 0.273359
0 0.625881 0.543754 0.071979 0.119553
0 0.746653 0.590020 0.072223 0.097936
0 0.291536 0.417227 0.047781 0.082221
0 0.721510 0.431253 0.042675 0.062820
0 0.573859 0.413198 0.041841 0.057561
0 0.345530 0.348383 0.034475 0.062391
0 0.623309 0.391491 0.037472 0.054482
3 0.572952 0.248456 0.025199 0.057537
0 0.434647 0.314275 0.025033 0.033888
0 0.534101 0.312131 0.024407 0.031856
0 0.590873 0.289889 0.019601 0.029172
0 0.392611 0.286047 0.020119 0.028393
0 0.559243 0.288579 0.019616 0.026987
0 0.447046 0.268979 0.016696 0.026264
0 0.544430 0.261770 0.016704 0.026161
0 0.520769 0.271388 0.017349 0.022425
