0 0.070799 0.924972 0.086497 0.107068
0 0.491501 0.858991 0.066614 0.126901
0 0.186714 0.866416 0.100994 0.077661
0 0.574965 0.954394 0.079574 0.089690
3 0.360014 0.830956 0.058799 0.107439
3 0.450184 0.770445 0.047149 0.100810
3 0.201596 0.811342 0.061461 0.071710
0 0.646664 0.849949 0.053070 0.081370
0 0.935139 0.748656 0.043410 0.058527
0 0.599312 0.743127 0.037492 0.066631
0 0.320732 0.743378 0.047469 0.051890
0 0.394513 0.661232 0.048972 0.049120
0 0.407181 0.736169 0.034201 0.060862
0 0.587129 0.696033 0.030454 0.053807
0 0.394884 0.653475 0.047972 0.033130
0 0.586581 0.650455 0.025023 0.041474
0 0.618347 0.638791 0.024226 0.039624
0 0.432982 0.651691 0.030433 0.030391
0 0.560900 0.637276 0.023539 0.037373
0 0.350985 0.659623 0.027491 0.030142
1 0.622927 0.709616 0.011701 0.034176
