0 0.821070 0.886591 0.217453 0.141044
0 0.517351 0.683721 0.101020 0.064059
0 0.351946 0.634110 0.065732 0.034792
3 0.067150 0.725134 0.133750 0.091828
0 0.532912 0.614392 0.063896 0.035686
0 0.540222 0.583035 0.041936 0.023884
1 0.127117 0.841385 0.071389 0.060768
1 0.323697 0.760745 0.046038 0.045110
1 0.403352 0.715231 0.034948 0.037301
1 0.188531 0.734066 0.044749 0.041083
0 0.497208 0.577694 0.038418 0.019554
0 0.595774 0.568677 0.036015 0.019375
0 0.152300 0.615049 0.106745 0.027179
0 0.046312 0.630811 0.088503 0.035363
0 0.859274 0.578013 0.048045 0.019021
1 0.417412 0.629362 0.020835 0.018510
1 0.476716 0.655920 0.026856 0.026589
0 0.988681 0.613978 0.022076 0.026311
0 0.553858 0.555041 0.025497 0.013851
0 0.991638 0.591897 0.016267 0.017828
3 0.172745 0.594863 0.057066 0.021155
