3 0.614159 0.285380 0.041482 0.086515
3 0.684131 0.373703 0.076979 0.116282
0 0.661896 0.459472 0.047227 0.065445
0 0.044623 0.855151 0.088720 0.265815
0 0.575710 0.414173 0.040441 0.060851
0 0.382113 0.277546 0.018751 0.025991
0 0.952495 0.939736 0.094031 0.116564
0 0.438247 0.268739 0.017306 0.022771
0 0.456246 0.248227 0.013800 0.020426
0 0.421563 0.254128 0.014348 0.020793
0 0.440578 0.229851 0.010685 0.016080
0 0.504515 0.214177 0.008669 0.017592
3 0.599265 0.223536 0.021323 0.030484
3 0.432870 0.200294 0.012104 0.031299
