0 0.775818 0.895313 0.165156 0.201374
3 0.123246 0.458590 0.143386 0.219539
0 0.615579 0.535402 0.060584 0.090484
0 0.800266 0.521931 0.059508 0.086102
0 0.969242 0.957380 0.060957 0.084044
0 0.667374 0.459688 0.051160 0.074396
0 0.339564 0.354368 0.035480 0.060178
3 0.579560 0.254856 0.028230 0.063982
0 0.546922 0.348469 0.029834 0.042032
0 0.373921 0.320550 0.027514 0.033638
0 0.601899 0.304070 0.021914 0.032443
0 0.571230 0.309333 0.022589 0.029345
0 0.551334 0.273783 0.018270 0.032908
0 0.444114 0.281936 0.019373 0.028223
0 0.525999 0.289149 0.019747 0.027337
3 0.421993 0.212503 0.014668 0.036269
0 0.405184 0.269303 0.017998 0.025259
0 0.534596 0.256566 0.014168 0.016909
