3 0.819246 0.482585 0.152340 0.257628
0 0.224350 0.831404 0.134079 0.220301
0 0.931795 0.921650 0.135761 0.153275
0 0.658986 0.687295 0.086578 0.129969
0 0.762947 0.628474 0.080922 0.116933
0 0.356173 0.478472 0.057014 0.088741
3 0.631673 0.389483 0.047406 0.096485
0 0.268553 0.457273 0.053595 0.078650
0 0.218103 0.420689 0.047797 0.063912
0 0.378057 0.311687 0.031238 0.049574
3 0.387341 0.237337 0.024578 0.056199
0 0.578077 0.319257 0.025074 0.037332
0 0.558981 0.279682 0.019703 0.028725
0 0.526077 0.275177 0.018367 0.030686
0 0.415084 0.259283 0.016956 0.024962
0 0.571577 0.263858 0.015112 0.022524
0 0.516650 0.253835 0.014971 0.020537
0 0.537303 0.247822 0.013996 0.018361
0 0.418797 0.226676 0.011419 0.014450
0 0.443898 0.221781 0.010718 0.012641
