0 0.886897 0.788888 0.140801 0.181653
3 0.203735 0.369266 0.105972 0.188775
0 0.691966 0.734043 0.110768 0.174423
0 0.571163 0.411851 0.039651 0.062944
0 0.686739 0.392125 0.038641 0.054404
0 0.599404 0.341133 0.031666 0.043800
0 0.357881 0.318362 0.029334 0.042505
3 0.594842 0.205142 0.021474 0.036231
3 0.415952 0.200795 0.016154 0.038425
0 0.415824 0.237781 0.016114 0.026759
0 0.378120 0.250101 0.016879 0.022913
3 0.538059 0.236056 0.014654 0.026216
0 0.442139 0.243164 0.016132 0.023189
0 0.514478 0.247120 0.014921 0.019611
0 0.450409 0.229681 0.013565 0.016589
0 0.429510 0.223518 0.013049 0.017127
0 0.525917 0.223048 0.011101 0.013356
