3 0.195078 0.398690 0.104297 0.171179
0 0.691344 0.750396 0.105354 0.146612
3 0.585923 0.263130 0.030479 0.068568
0 0.907555 0.641593 0.089178 0.118388
0 0.722202 0.542672 0.066419 0.101916
0 0.561460 0.391087 0.036550 0.051197
0 0.612550 0.318349 0.024229 0.034418
0 0.412984 0.260560 0.015840 0.022223
0 0.581924 0.328476 0.026501 0.035007
0 0.532145 0.306883 0.024166 0.032640
0 0.448912 0.266538 0.016900 0.024561
0 0.558107 0.286043 0.020672 0.035579
0 0.361922 0.324417 0.030306 0.051082
3 0.361874 0.324594 0.030391 0.050725
0 0.540741 0.264639 0.015201 0.021203
0 0.388135 0.292883 0.023354 0.044982
3 0.598499 0.224660 0.020996 0.032642
3 0.424088 0.213108 0.013908 0.032322
