2 0.106647 0.696934 0.212131 0.164159
3 0.574726 0.653266 0.121935 0.071338
0 0.751466 0.650524 0.148827 0.056800
1 0.906749 0.790277 0.096578 0.072123
0 0.947038 0.670225 0.105466 0.058434
0 0.708574 0.607649 0.114657 0.041259
3 0.600136 0.635695 0.079207 0.052054
3 0.682131 0.509977 0.090118 0.036704
2 0.543163 0.487425 0.075658 0.038559
1 0.828118 0.717226 0.061951 0.045856
0 0.582918 0.582973 0.060242 0.038940
0 0.979329 0.768196 0.041311 0.045817
3 0.938415 0.567360 0.058811 0.031852
0 0.445518 0.543343 0.061209 0.028294
0 0.666401 0.528909 0.055988 0.023827
0 0.390608 0.523709 0.051202 0.023090
0 0.837517 0.527128 0.058003 0.019565
0 0.459533 0.520849 0.047259 0.021606
3 0.415755 0.505427 0.037303 0.026131
0 0.578713 0.508393 0.043148 0.020052
0 0.789197 0.517229 0.045986 0.018267
0 0.373204 0.511484 0.038375 0.017655
0 0.177272 0.499462 0.032237 0.018897
3 0.262735 0.493524 0.029617 0.020356
3 0.300776 0.505520 0.028114 0.020239
0 0.594635 0.495672 0.033567 0.015067
1 0.411312 0.571916 0.021917 0.020875
1 0.530383 0.566237 0.023599 0.019137
0 0.356230 0.499205 0.025900 0.017122
1 0.195686 0.539849 0.022362 0.018972
0 0.311049 0.483723 0.028445 0.012087
1 0.395070 0.559550 0.022692 0.014653
1 0.195239 0.542602 0.022812 0.014153
0 0.328840 0.515547 0.029100 0.010828
0 0.453654 0.479335 0.023344 0.012912
0 0.302234 0.471644 0.023413 0.011904
0 0.365191 0.474417 0.022863 0.010410
1 0.343481 0.535537 0.016874 0.012381
0 0.233871 0.458755 0.020314 0.009416
1 0.313507 0.529755 0.017203 0.010982
