0 0.124576 0.934660 0.248042 0.130275
3 0.381769 0.562093 0.146802 0.110936
2 0.381726 0.562036 0.146845 0.110834
0 0.724492 0.684753 0.153670 0.066325
2 0.739161 0.503445 0.143345 0.054264
0 0.839095 0.620610 0.125757 0.047550
0 0.593991 0.566397 0.082067 0.034307
0 0.506246 0.536919 0.072737 0.032239
0 0.621876 0.544802 0.071989 0.028498
2 0.344454 0.519010 0.052434 0.032623
0 0.575477 0.523014 0.065939 0.025034
1 0.741072 0.638774 0.045158 0.035189
0 0.491775 0.521308 0.062224 0.022350
1 0.541367 0.651075 0.043763 0.030345
0 0.856403 0.511261 0.059750 0.019722
1 0.207840 0.613388 0.036056 0.029817
1 0.545615 0.653275 0.036250 0.025845
0 0.599258 0.495279 0.048238 0.019009
0 0.398977 0.496748 0.040846 0.021401
0 0.196377 0.483502 0.035468 0.019472
2 0.366819 0.462196 0.026023 0.025952
0 0.370492 0.486110 0.037102 0.017691
1 0.593737 0.592216 0.029341 0.021268
0 0.991157 0.584108 0.017686 0.028765
0 0.407154 0.478050 0.031825 0.015634
0 0.346191 0.481423 0.031476 0.014970
0 0.820470 0.502327 0.027092 0.016743
1 0.498774 0.558173 0.025444 0.017030
0 0.637475 0.473979 0.031183 0.013215
0 0.510308 0.471997 0.033503 0.012131
0 0.291122 0.467335 0.028518 0.013676
0 0.258988 0.467155 0.023282 0.015024
0 0.218518 0.456500 0.026567 0.010806
1 0.321074 0.494372 0.014882 0.016503
1 0.298207 0.488432 0.013072 0.011849
