0 0.648958 0.920987 0.241214 0.157580
0 0.474904 0.710302 0.099970 0.057339
3 0.648894 0.695121 0.099705 0.088392
0 0.517264 0.631787 0.070729 0.041078
0 0.418572 0.588755 0.055809 0.026601
0 0.043987 0.631164 0.087179 0.034061
1 0.351066 0.744268 0.039398 0.040646
0 0.591774 0.588211 0.049349 0.025705
0 0.539473 0.583199 0.039276 0.020649
1 0.119403 0.737879 0.037672 0.033160
0 0.625114 0.575898 0.045360 0.020881
1 0.251083 0.824804 0.056921 0.047938
1 0.693629 0.637987 0.022950 0.021302
0 0.510818 0.562802 0.036036 0.021094
1 0.403902 0.639049 0.022275 0.018449
1 0.667148 0.610360 0.016131 0.016202
0 0.596151 0.556283 0.031890 0.015600
