0 0.708401 0.766500 0.105454 0.166816
0 0.331168 0.579054 0.069477 0.109045
0 0.266678 0.458550 0.051973 0.073596
0 0.654217 0.451054 0.046761 0.063402
0 0.388364 0.425404 0.043672 0.063983
0 0.673130 0.382427 0.037055 0.053570
0 0.409313 0.357750 0.033906 0.046772
3 0.396550 0.231100 0.021709 0.049803
3 0.410462 0.221841 0.018470 0.046708
0 0.532233 0.293065 0.022507 0.037334
0 0.428460 0.301098 0.022873 0.035994
3 0.553631 0.227781 0.018050 0.043357
0 0.563676 0.309858 0.022056 0.029278
0 0.608340 0.301917 0.020494 0.030976
3 0.598386 0.221984 0.020692 0.030161
0 0.560113 0.283238 0.019922 0.027157
0 0.439756 0.276177 0.018618 0.028265
0 0.525372 0.274846 0.019185 0.023032
0 0.400818 0.261806 0.016695 0.024214
0 0.450706 0.254717 0.015953 0.021859
0 0.562642 0.253487 0.013852 0.019429
0 0.513512 0.248398 0.013390 0.016595
