0 0.452139 0.752047 0.119216 0.073574
0 0.508082 0.646676 0.080180 0.047286
0 0.590779 0.593780 0.050046 0.027843
0 0.043672 0.631765 0.086405 0.034459
0 0.536234 0.587798 0.040255 0.021179
0 0.402595 0.596372 0.060236 0.028489
1 0.297321 0.808993 0.053144 0.054192
0 0.657634 0.724086 0.114240 0.105596
0 0.633767 0.580234 0.046503 0.022488
1 0.375736 0.659271 0.028195 0.022490
0 0.014089 0.790222 0.027997 0.056394
0 0.146283 0.614749 0.103043 0.027367
1 0.724394 0.662386 0.024488 0.025450
1 0.676501 0.621611 0.020033 0.017960
0 0.594990 0.559434 0.031213 0.016868
0 0.548773 0.569431 0.033774 0.018880
