0 0.248701 0.497766 0.061019 0.089796
0 0.902289 0.808202 0.138488 0.195375
0 0.369268 0.476875 0.053680 0.087586
0 0.635211 0.417006 0.040537 0.055322
0 0.365291 0.331691 0.028741 0.044374
0 0.401883 0.285740 0.019783 0.028795
0 0.564590 0.295813 0.019978 0.026542
3 0.549250 0.223229 0.017674 0.040737
0 0.441674 0.288319 0.019999 0.027849
0 0.535136 0.246151 0.011689 0.016860
3 0.561873 0.244041 0.020436 0.036602
3 0.403180 0.229011 0.020583 0.050310
0 0.511668 0.241424 0.012545 0.017306
0 0.444846 0.265607 0.016859 0.024476
0 0.525782 0.232239 0.010036 0.014358
0 0.505114 0.217301 0.008152 0.011932
