0 0.313152 0.881016 0.258598 0.237272
0 0.761953 0.922406 0.289879 0.154818
2 0.864158 0.500841 0.271178 0.084766
0 0.551677 0.660211 0.139616 0.113831
3 0.651840 0.591619 0.127206 0.102018
0 0.380522 0.628860 0.111216 0.084722
3 0.883713 0.644953 0.114422 0.076486
3 0.634803 0.526110 0.122177 0.068544
0 0.790103 0.501684 0.131717 0.043057
0 0.459462 0.544805 0.086803 0.059951
3 0.604982 0.482247 0.092370 0.047774
2 0.694203 0.461264 0.093545 0.040704
2 0.097288 0.415762 0.096576 0.033663
0 0.228829 0.515068 0.074557 0.037140
0 0.086521 0.484321 0.083211 0.031855
0 0.176930 0.495148 0.074723 0.031599
0 0.481653 0.498983 0.057609 0.033368
0 0.384426 0.491500 0.044361 0.030008
0 0.520794 0.484689 0.048902 0.026627
0 0.418215 0.477201 0.044106 0.028074
0 0.205076 0.464212 0.052876 0.020404
0 0.011201 0.652329 0.021944 0.044735
1 0.751790 0.594988 0.031494 0.028983
0 0.305598 0.441459 0.038524 0.018815
0 0.400456 0.449443 0.034388 0.020481
0 0.203595 0.443241 0.043335 0.015096
1 0.069039 0.519014 0.028388 0.022047
0 0.545088 0.457181 0.033799 0.015523
0 0.507297 0.443166 0.028956 0.017225
0 0.272972 0.426629 0.031869 0.013889
0 0.322685 0.427077 0.027695 0.013159
