0 0.206849 0.551483 0.071954 0.097638
0 0.819353 0.728138 0.098095 0.141441
0 0.380077 0.454722 0.048451 0.069145
0 0.423131 0.340319 0.028441 0.039519
0 0.340184 0.366567 0.033883 0.047060
0 0.546080 0.333177 0.027150 0.035695
3 0.571609 0.244978 0.025263 0.054405
0 0.574394 0.313189 0.022907 0.030279
3 0.597369 0.281967 0.034146 0.053218
0 0.408817 0.272707 0.018094 0.027176
0 0.552441 0.276595 0.017049 0.024832
0 0.429331 0.246118 0.013952 0.021429
0 0.516546 0.254811 0.014235 0.020855
3 0.420799 0.212286 0.015332 0.038901
0 0.455073 0.251135 0.015048 0.022968
