0 0.046767 0.605310 0.093427 0.114099
0 0.255475 0.486056 0.057156 0.077723
0 0.930628 0.906964 0.138409 0.182267
0 0.396621 0.407809 0.040266 0.057289
0 0.552288 0.349697 0.029744 0.040348
0 0.579679 0.320945 0.023849 0.035710
0 0.428902 0.321685 0.024575 0.036281
0 0.352468 0.348274 0.030148 0.042870
3 0.573500 0.245825 0.025458 0.054947
0 0.556235 0.282381 0.018085 0.025358
0 0.412442 0.267388 0.016624 0.025183
0 0.517577 0.259891 0.014604 0.021097
3 0.601099 0.260798 0.036012 0.105267
0 0.431178 0.243791 0.014079 0.020320
3 0.422166 0.211112 0.015778 0.039137
0 0.456559 0.250219 0.013295 0.014138
