3 0.089953 0.485698 0.161166 0.239539
0 0.714693 0.772357 0.124685 0.202207
0 0.911226 0.848169 0.128408 0.165727
0 0.605654 0.495154 0.060815 0.078718
0 0.776180 0.494260 0.054098 0.077010
3 0.577978 0.255490 0.027416 0.061103
0 0.402263 0.274427 0.018053 0.025333
0 0.442398 0.289952 0.021077 0.028108
0 0.543365 0.339051 0.028416 0.037523
0 0.567710 0.304896 0.021940 0.028229
0 0.653930 0.437777 0.047309 0.070000
0 0.525156 0.285542 0.019771 0.025494
0 0.368587 0.319846 0.029272 0.055997
0 0.330084 0.368046 0.037976 0.063782
0 0.598871 0.301045 0.021253 0.030563
3 0.330040 0.367972 0.037573 0.064224
0 0.452278 0.259385 0.014112 0.017709
