0 0.271278 0.733129 0.103733 0.164384
0 0.118242 0.658603 0.099458 0.132731
0 0.358928 0.485802 0.054162 0.079163
0 0.596408 0.462382 0.049534 0.075770
0 0.632621 0.337442 0.028611 0.041422
0 0.420580 0.309370 0.024638 0.034584
0 0.406932 0.356661 0.032723 0.049416
0 0.600383 0.361656 0.031188 0.041907
0 0.542884 0.286034 0.019200 0.024534
3 0.403308 0.228573 0.019368 0.050096
0 0.379822 0.280474 0.020105 0.026814
0 0.441893 0.276030 0.020025 0.029052
3 0.548809 0.224019 0.016952 0.042641
0 0.523668 0.273445 0.017788 0.028696
3 0.388543 0.239270 0.024523 0.054037
0 0.592311 0.285316 0.017615 0.027112
0 0.429505 0.246401 0.013686 0.018910
0 0.551817 0.270408 0.016952 0.024672
0 0.451116 0.248904 0.015471 0.027453
0 0.518881 0.258159 0.014624 0.020240
