0 0.511114 0.635000 0.071868 0.041086
0 0.463583 0.754388 0.141594 0.097957
0 0.421841 0.631845 0.072026 0.036535
0 0.599867 0.598576 0.051199 0.029445
1 0.647367 0.717399 0.039339 0.036915
0 0.042981 0.629295 0.085906 0.037314
1 0.642825 0.797834 0.046336 0.052001
0 0.024366 0.894103 0.048209 0.156381
0 0.146158 0.613795 0.101789 0.026009
1 0.739218 0.735418 0.031822 0.036942
0 0.539334 0.574442 0.032670 0.017605
1 0.459856 0.616432 0.018355 0.019118
0 0.023927 0.854132 0.047855 0.077165
0 0.492505 0.546308 0.031009 0.015343
0 0.563999 0.564215 0.032812 0.017509
0 0.291560 0.573978 0.055372 0.015712
1 0.317142 0.631862 0.023165 0.018685
0 0.839642 0.574047 0.037823 0.017815
2 0.166932 0.595363 0.058339 0.023773
