0 0.779432 0.837773 0.183426 0.116217
3 0.080147 0.710792 0.159519 0.085727
0 0.364750 0.626691 0.060842 0.031049
0 0.521307 0.670565 0.096346 0.057689
1 0.181009 0.799861 0.062238 0.052891
0 0.533921 0.609844 0.060986 0.033405
0 0.152490 0.615097 0.107842 0.027399
0 0.594448 0.567422 0.035113 0.018592
1 0.350160 0.736748 0.040843 0.038516
0 0.542189 0.580298 0.039220 0.022572
0 0.868700 0.581404 0.050328 0.018824
1 0.414996 0.695132 0.032792 0.031610
0 0.045630 0.631250 0.089275 0.035333
0 0.500941 0.575156 0.037487 0.019051
1 0.231922 0.710928 0.030914 0.034266
1 0.427845 0.619937 0.023174 0.018988
0 0.554159 0.553660 0.024854 0.013019
