3 0.956930 0.653627 0.085494 0.359606
3 0.328531 0.291319 0.048487 0.089689
0 0.024988 0.628668 0.049751 0.121990
0 0.353185 0.348142 0.030072 0.041903
3 0.358841 0.265823 0.034287 0.079155
0 0.533160 0.301713 0.022939 0.032952
3 0.579781 0.314940 0.027684 0.044427
0 0.412544 0.276296 0.017871 0.026469
0 0.522068 0.260839 0.014794 0.023180
0 0.373654 0.419174 0.051684 0.086322
3 0.536524 0.212550 0.014110 0.035056
0 0.559292 0.258006 0.014285 0.021180
3 0.398711 0.257615 0.015985 0.029666
0 0.508114 0.231363 0.011797 0.020870
