2 0.286730 0.615476 0.333822 0.158403
0 0.110708 0.941638 0.220205 0.116208
0 0.916019 0.845477 0.167693 0.115648
0 0.666214 0.617610 0.112893 0.044994
2 0.629924 0.497812 0.105119 0.044095
0 0.734737 0.602667 0.106031 0.039900
1 0.924961 0.739968 0.074049 0.052021
0 0.543738 0.570777 0.087724 0.035374
0 0.653480 0.564536 0.088214 0.033335
3 0.885629 0.545726 0.064002 0.036617
0 0.761343 0.547324 0.071368 0.031180
1 0.679559 0.743611 0.060481 0.036400
0 0.535989 0.549504 0.077093 0.023996
0 0.980129 0.597618 0.039655 0.033828
0 0.394543 0.516048 0.051482 0.023015
1 0.682263 0.658361 0.040736 0.028164
0 0.831330 0.522446 0.056873 0.018954
0 0.469726 0.525288 0.034397 0.023937
0 0.784791 0.512791 0.045836 0.017928
0 0.361485 0.505581 0.042185 0.018016
0 0.171073 0.493513 0.037404 0.019045
0 0.989860 0.709690 0.019901 0.034163
0 0.407636 0.498066 0.037172 0.017496
1 0.551225 0.611408 0.029604 0.020642
0 0.348220 0.496007 0.032058 0.018579
0 0.321705 0.501096 0.035358 0.015874
0 0.215302 0.471237 0.031306 0.014475
0 0.284054 0.483822 0.028813 0.015643
0 0.260139 0.485491 0.025217 0.016834
0 0.296892 0.468698 0.026314 0.013105
0 0.452215 0.475966 0.027729 0.012085
1 0.167217 0.526766 0.020823 0.015818
0 0.688131 0.510937 0.021481 0.014648
1 0.373482 0.527695 0.018481 0.017012
1 0.321232 0.517660 0.017652 0.016882
0 0.470674 0.469826 0.022711 0.010549
1 0.321140 0.520427 0.016673 0.013879
0 0.285336 0.459340 0.018857 0.010125
1 0.289650 0.511803 0.014374 0.010231
