0 0.237708 0.821016 0.124314 0.202395
0 0.087899 0.700679 0.110636 0.152153
0 0.345992 0.511571 0.064052 0.086994
0 0.590114 0.444975 0.046846 0.072379
0 0.401729 0.363951 0.035694 0.052853
3 0.386972 0.237395 0.023669 0.055841
0 0.596141 0.353243 0.029279 0.042596
0 0.629428 0.332277 0.028374 0.041781
3 0.402494 0.227460 0.019595 0.050610
0 0.416899 0.313196 0.025930 0.034554
3 0.548510 0.221405 0.016367 0.041430
0 0.440638 0.277211 0.019448 0.030104
0 0.376795 0.281548 0.020837 0.028014
0 0.523332 0.269492 0.019435 0.028121
0 0.590890 0.282401 0.017643 0.027363
0 0.540789 0.281619 0.018219 0.025947
0 0.450148 0.247685 0.017191 0.027258
0 0.550773 0.267421 0.016589 0.023863
0 0.428394 0.247385 0.013331 0.018100
0 0.556268 0.245294 0.012526 0.018971
0 0.445864 0.220811 0.010801 0.014733
