0 0.470991 0.710052 0.109557 0.072531
0 0.342655 0.625729 0.078994 0.039151
1 0.907102 0.805104 0.066909 0.055656
0 0.040221 0.632767 0.080264 0.034431
0 0.662314 0.597270 0.054325 0.027159
0 0.577130 0.618265 0.061589 0.035678
0 0.522232 0.602449 0.047477 0.026818
1 0.721413 0.670883 0.025615 0.024154
0 0.343274 0.957246 0.217719 0.084859
0 0.483463 0.579485 0.042882 0.025812
0 0.694221 0.852955 0.183382 0.196657
0 0.535920 0.579906 0.040254 0.021846
1 0.622644 0.648991 0.021279 0.021923
0 0.151670 0.614523 0.096481 0.024610
0 0.588237 0.568643 0.035210 0.019656
1 0.368849 0.688357 0.026919 0.026107
3 0.343705 0.957415 0.217510 0.084424
