0 0.507520 0.703023 0.119092 0.072281
0 0.335209 0.645197 0.071476 0.035564
0 0.530318 0.623484 0.074810 0.038327
1 0.040440 0.910418 0.079729 0.075577
0 0.538441 0.586183 0.041827 0.022463
0 0.847358 0.574287 0.041814 0.017808
0 0.492335 0.581122 0.040271 0.020774
0 0.597297 0.571727 0.038294 0.019670
1 0.385483 0.751688 0.043490 0.043708
0 0.046285 0.630515 0.090704 0.035666
0 0.974494 0.607181 0.051012 0.029973
0 0.875256 0.937007 0.245797 0.125565
1 0.276828 0.802476 0.052469 0.050238
1 0.406588 0.639699 0.024524 0.021900
1 0.461353 0.671983 0.028982 0.027950
0 0.149465 0.614843 0.108900 0.026804
1 0.112978 0.777387 0.059419 0.044449
0 0.835762 0.555276 0.033074 0.010995
1 0.636774 0.602638 0.019508 0.022186
