2 0.307725 0.608944 0.302889 0.150900
0 0.113213 0.940721 0.226426 0.118065
0 0.900135 0.818087 0.199602 0.106721
2 0.642526 0.498595 0.108839 0.045592
0 0.653934 0.609845 0.107993 0.042631
0 0.716769 0.594157 0.100575 0.038146
1 0.894844 0.721859 0.069328 0.053457
0 0.539584 0.566366 0.086519 0.035493
0 0.642189 0.558732 0.084755 0.031520
3 0.909900 0.548181 0.066516 0.038194
0 0.973300 0.698336 0.053305 0.047484
0 0.788250 0.550744 0.076154 0.032586
1 0.660729 0.729653 0.057209 0.035365
0 0.530209 0.545741 0.074287 0.023989
0 0.395512 0.513684 0.050721 0.022893
0 0.836645 0.521438 0.057229 0.019966
1 0.016211 0.680793 0.031360 0.032286
0 0.788745 0.511687 0.046480 0.017514
0 0.363462 0.502793 0.042495 0.018723
0 0.469697 0.522014 0.033834 0.023044
1 0.543653 0.601588 0.030136 0.024151
0 0.719524 0.503734 0.046438 0.015430
0 0.176409 0.492814 0.034816 0.018987
0 0.408122 0.495839 0.036637 0.017678
2 0.366807 0.481519 0.028693 0.021887
0 0.325342 0.499016 0.032924 0.015790
0 0.286064 0.481399 0.029496 0.015831
0 0.460339 0.475282 0.028579 0.014075
0 0.217160 0.470529 0.032438 0.012032
0 0.703856 0.512259 0.022022 0.013090
1 0.168948 0.525509 0.019685 0.014635
1 0.321514 0.516397 0.017491 0.015457
1 0.375674 0.524991 0.017953 0.014773
1 0.321349 0.518768 0.016345 0.011043
1 0.290767 0.508298 0.014289 0.012392
0 0.271820 0.451244 0.017318 0.008436
0 0.235367 0.447160 0.016041 0.008932
