0 0.668891 0.644722 0.070140 0.036198
0 0.587460 0.595320 0.046312 0.026466
0 0.075722 0.631449 0.093156 0.034654
0 0.440661 0.658368 0.095938 0.058669
0 0.479225 0.581640 0.037275 0.017463
0 0.198293 0.614035 0.077977 0.022887
3 0.591967 0.744332 0.126817 0.118643
3 0.398202 0.610359 0.071601 0.051404
3 0.311063 0.624056 0.077466 0.046219
0 0.584664 0.574823 0.045270 0.021398
1 0.495251 0.617027 0.020986 0.019208
0 0.584573 0.556577 0.030637 0.016556
0 0.556179 0.552088 0.026497 0.014267
0 0.924034 0.566633 0.033616 0.017499
