3 0.584953 0.692980 0.099470 0.083522
0 0.655592 0.623290 0.059868 0.030201
0 0.928595 0.573425 0.040110 0.016979
1 0.286953 0.782465 0.050088 0.043337
0 0.183281 0.614254 0.106858 0.023455
2 0.692809 0.938504 0.231805 0.122559
0 0.077919 0.632047 0.097966 0.034578
0 0.593544 0.583868 0.044784 0.024217
3 0.346660 0.608661 0.076688 0.044689
0 0.472752 0.629010 0.078546 0.047009
3 0.431876 0.595865 0.063417 0.037086
0 0.493177 0.573371 0.030902 0.016309
0 0.584315 0.567102 0.036760 0.019310
0 0.326789 0.576091 0.040249 0.015734
1 0.917817 0.807562 0.043525 0.045204
