0 0.193023 0.831522 0.204006 0.127989
0 0.448794 0.779809 0.148561 0.101474
0 0.618180 0.650071 0.083934 0.050726
0 0.524736 0.602518 0.050399 0.024460
0 0.044347 0.630025 0.088694 0.035757
0 0.549736 0.582085 0.041251 0.022640
1 0.557371 0.711113 0.036668 0.035994
1 0.308972 0.685021 0.026409 0.024329
1 0.288509 0.725166 0.040481 0.035533
3 0.607527 0.604090 0.055455 0.040150
0 0.593256 0.564079 0.035023 0.017881
0 0.164557 0.612360 0.076498 0.022962
0 0.471928 0.561143 0.039546 0.017753
1 0.441143 0.618522 0.019238 0.017608
