0 0.698042 0.719094 0.111749 0.061688
0 0.053234 0.631731 0.100511 0.034800
3 0.220596 0.695645 0.145401 0.085537
0 0.418147 0.603553 0.049069 0.023355
0 0.550853 0.629955 0.067996 0.041085
0 0.553576 0.591961 0.046167 0.024262
0 0.928704 0.596339 0.061010 0.022400
1 0.430361 0.669280 0.027750 0.026159
0 0.558727 0.569424 0.036116 0.018544
3 0.258996 0.805186 0.207338 0.142068
0 0.524864 0.565743 0.031777 0.016042
0 0.160727 0.614922 0.110596 0.025029
1 0.336316 0.697631 0.052081 0.033213
0 0.910637 0.570899 0.044460 0.019277
0 0.603490 0.560160 0.032620 0.016437
1 0.465098 0.636301 0.025077 0.023786
1 0.347253 0.646067 0.025409 0.022696
2 0.591718 0.919807 0.242252 0.160056
