2 0.175383 0.677032 0.349798 0.193512
0 0.105971 0.943985 0.209848 0.111289
0 0.852713 0.699141 0.174066 0.063942
1 0.957378 0.908370 0.084922 0.081653
0 0.950766 0.697529 0.098467 0.064396
0 0.814572 0.619672 0.131288 0.045997
1 0.925299 0.784369 0.093399 0.061564
3 0.463425 0.608055 0.091717 0.057249
0 0.632433 0.609642 0.115478 0.045274
0 0.618680 0.579151 0.096469 0.028679
1 0.697721 0.696717 0.057879 0.041266
2 0.565214 0.489446 0.065449 0.035566
3 0.514003 0.601234 0.053829 0.042805
0 0.740195 0.547619 0.070567 0.030062
0 0.513403 0.556016 0.048877 0.032508
0 0.410988 0.531488 0.056371 0.026262
1 0.671505 0.657486 0.043680 0.032248
0 0.821059 0.524978 0.057761 0.019447
0 0.615035 0.518129 0.047165 0.022941
0 0.365299 0.515628 0.046758 0.020996
2 0.383772 0.496346 0.035427 0.025863
0 0.425480 0.511251 0.042764 0.020224
0 0.312198 0.511988 0.038895 0.019918
0 0.775897 0.514971 0.041580 0.018425
0 0.160121 0.496637 0.036724 0.018982
0 0.702775 0.507241 0.044246 0.015607
0 0.285218 0.491628 0.037288 0.018017
3 0.246177 0.486086 0.031611 0.019394
0 0.348900 0.504100 0.034542 0.017272
0 0.275564 0.497694 0.028064 0.018558
0 0.455870 0.481567 0.034345 0.013606
1 0.169138 0.534395 0.022623 0.019181
0 0.294143 0.478330 0.026801 0.014194
1 0.385930 0.553644 0.019771 0.016853
1 0.480416 0.547269 0.021205 0.015537
1 0.310170 0.524762 0.017723 0.013940
0 0.282580 0.466263 0.022790 0.010821
1 0.351896 0.543330 0.018739 0.012511
1 0.281911 0.519249 0.018407 0.011794
