0 0.667141 0.641077 0.067314 0.036467
0 0.588180 0.593901 0.045199 0.025229
0 0.075637 0.631376 0.092685 0.034894
3 0.403342 0.609220 0.070799 0.047227
0 0.481739 0.580239 0.033597 0.017581
3 0.315828 0.622549 0.075684 0.042952
0 0.186943 0.614240 0.100328 0.023819
3 0.590460 0.736988 0.122772 0.109956
0 0.445909 0.652534 0.091937 0.056650
0 0.924646 0.566735 0.034254 0.018368
1 0.060248 0.965770 0.087843 0.068311
0 0.965658 0.584868 0.037410 0.016360
1 0.496747 0.613445 0.021769 0.021403
0 0.556810 0.550824 0.026465 0.013995
