3 0.034529 0.559801 0.068288 0.310089
3 0.618970 0.289697 0.043441 0.089906
3 0.697095 0.383640 0.084653 0.134913
0 0.587283 0.453930 0.047817 0.071794
0 0.689876 0.501012 0.058495 0.074530
3 0.119623 0.692259 0.118484 0.192598
0 0.443067 0.262238 0.016317 0.024661
0 0.424557 0.251025 0.013578 0.018011
0 0.389316 0.270569 0.017723 0.025837
0 0.441886 0.227382 0.010395 0.015690
0 0.457787 0.243770 0.012659 0.019076
0 0.504763 0.216615 0.009406 0.017077
3 0.433410 0.199353 0.012570 0.029595
3 0.526401 0.229231 0.011772 0.020331
