3 0.882934 0.644648 0.234054 0.187601
0 0.679337 0.691411 0.183021 0.123626
0 0.395131 0.685539 0.112535 0.105966
2 0.830293 0.488795 0.182385 0.052796
0 0.681306 0.612330 0.128303 0.072598
0 0.487761 0.611261 0.104548 0.077995
3 0.548620 0.561337 0.087997 0.079897
2 0.952967 0.510520 0.092980 0.057739
0 0.103928 0.550978 0.100536 0.040055
2 0.705606 0.467025 0.090957 0.036814
2 0.105826 0.445507 0.094552 0.034099
0 0.220780 0.540868 0.078434 0.040483
0 0.736759 0.532076 0.087507 0.033825
0 0.413590 0.519612 0.059723 0.043150
3 0.050942 0.477446 0.070728 0.034632
0 0.681530 0.495768 0.073185 0.027928
0 0.501699 0.522022 0.057976 0.034930
0 0.507060 0.496854 0.049897 0.031822
0 0.595555 0.481839 0.048060 0.024749
0 0.984761 0.553034 0.029974 0.031737
0 0.421560 0.492591 0.041699 0.022705
0 0.253661 0.474822 0.042141 0.020801
0 0.468785 0.477309 0.038124 0.019699
0 0.526090 0.477452 0.037483 0.019214
0 0.312893 0.459253 0.036146 0.016769
1 0.605588 0.530163 0.021901 0.021596
0 0.234423 0.453272 0.034228 0.011727
0 0.586386 0.457985 0.028353 0.013617
0 0.462010 0.459534 0.025737 0.014290
1 0.170728 0.500408 0.020239 0.015628
0 0.338772 0.448124 0.025637 0.011548
0 0.269061 0.444510 0.020254 0.010937
