3 0.871854 0.681674 0.256293 0.199944
0 0.399516 0.897350 0.234156 0.204595
0 0.593354 0.741381 0.206895 0.188549
3 0.724331 0.542266 0.171743 0.099863
0 0.049773 0.725885 0.098799 0.143827
2 0.817312 0.481247 0.178985 0.058764
2 0.942948 0.506137 0.112858 0.064689
0 0.548492 0.567971 0.097665 0.060763
0 0.381818 0.563948 0.074864 0.053844
2 0.695570 0.457100 0.095910 0.039213
0 0.587178 0.537929 0.080784 0.046409
3 0.501124 0.507257 0.066321 0.055612
2 0.090286 0.428452 0.094983 0.033348
0 0.435086 0.526984 0.069522 0.044854
0 0.142714 0.516003 0.078145 0.035132
0 0.257750 0.474673 0.053363 0.028235
0 0.397716 0.478113 0.046139 0.031062
0 0.471952 0.485766 0.048898 0.028983
0 0.614288 0.484852 0.055172 0.022188
0 0.155512 0.463207 0.053192 0.021361
0 0.600466 0.466189 0.044180 0.019687
0 0.403176 0.463208 0.038325 0.021032
0 0.544918 0.458194 0.036601 0.020404
0 0.447273 0.452388 0.032854 0.016854
2 0.327722 0.431233 0.024447 0.021601
0 0.309697 0.450250 0.032316 0.015377
0 0.491258 0.449705 0.029475 0.015435
0 0.399507 0.447082 0.025469 0.014468
0 0.575821 0.446245 0.027501 0.012644
