3 0.957263 0.653577 0.084861 0.360792
0 0.024913 0.629226 0.049576 0.124170
3 0.328289 0.288233 0.048618 0.093371
0 0.374047 0.417766 0.051249 0.086149
3 0.358895 0.264317 0.033123 0.080112
0 0.353297 0.346750 0.029982 0.042740
3 0.579650 0.313833 0.027339 0.044984
0 0.533246 0.300411 0.022900 0.033123
3 0.398981 0.256395 0.015963 0.031329
3 0.536402 0.210276 0.014113 0.034762
0 0.412439 0.275089 0.018267 0.026446
0 0.522069 0.259173 0.015127 0.022681
0 0.559226 0.256504 0.014592 0.021509
0 0.508029 0.229260 0.011509 0.020542
