0 0.880275 0.794466 0.126128 0.174039
3 0.256418 0.346679 0.075769 0.134135
0 0.019719 0.894895 0.039077 0.197174
0 0.596323 0.491966 0.053430 0.075259
3 0.596102 0.271394 0.034951 0.076660
0 0.601970 0.362521 0.031935 0.042889
0 0.543020 0.340181 0.029079 0.040005
0 0.630749 0.339538 0.027748 0.040351
0 0.380606 0.295397 0.024381 0.042926
0 0.569022 0.304011 0.024100 0.040231
0 0.519432 0.272317 0.019611 0.026445
0 0.402018 0.279566 0.020169 0.024278
3 0.536011 0.241100 0.014566 0.032378
0 0.550904 0.278298 0.016834 0.023321
0 0.421061 0.248234 0.014035 0.021730
0 0.558018 0.267237 0.013761 0.020701
0 0.453705 0.248764 0.014082 0.020009
