0 0.490356 0.685151 0.099742 0.061830
0 0.355778 0.691104 0.103309 0.062358
0 0.609883 0.619780 0.063659 0.039133
0 0.534066 0.587129 0.039974 0.019780
0 0.978576 0.591105 0.042519 0.023040
1 0.200695 0.689181 0.033686 0.026628
0 0.354892 0.934583 0.261200 0.130261
0 0.043836 0.629016 0.086136 0.037239
0 0.148583 0.613506 0.111186 0.025671
0 0.557027 0.572556 0.035545 0.019145
0 0.484933 0.552682 0.035202 0.017358
0 0.809514 0.564540 0.034114 0.015846
0 0.603186 0.586789 0.048925 0.031153
1 0.525266 0.640841 0.023662 0.022891
