0 0.475324 0.700999 0.104298 0.068399
0 0.350532 0.621328 0.076162 0.037807
0 0.353615 0.939843 0.216165 0.119946
0 0.040273 0.632652 0.080251 0.034142
0 0.658514 0.595218 0.053309 0.026185
0 0.578071 0.615549 0.058318 0.036345
1 0.874113 0.779849 0.056925 0.046683
0 0.524338 0.600887 0.045572 0.024613
0 0.688251 0.832573 0.170996 0.180351
0 0.154797 0.614114 0.092259 0.023447
0 0.879211 0.573277 0.033400 0.016529
1 0.375267 0.679635 0.028157 0.026383
1 0.714621 0.664440 0.025149 0.023920
0 0.537207 0.579053 0.040474 0.020664
1 0.624105 0.643103 0.021921 0.021018
3 0.688824 0.832489 0.172801 0.179930
3 0.160757 0.596582 0.059981 0.022912
0 0.485611 0.577761 0.043717 0.025362
0 0.589546 0.567404 0.032091 0.019200
0 0.372088 0.579407 0.037169 0.023551
0 0.284516 0.574824 0.040511 0.015767
