0 0.622900 0.689651 0.106910 0.066330
0 0.360869 0.932957 0.253620 0.133635
0 0.515587 0.620965 0.056097 0.029556
1 0.179650 0.770942 0.044361 0.041088
0 0.540711 0.592878 0.049621 0.025846
1 0.097807 0.855179 0.070211 0.059584
3 0.617655 0.622860 0.065130 0.049065
0 0.044018 0.630959 0.087261 0.034221
1 0.444041 0.627128 0.022799 0.020935
1 0.729301 0.678559 0.036386 0.029573
0 0.459612 0.568368 0.041707 0.020320
1 0.412619 0.649276 0.023108 0.020645
0 0.166527 0.612793 0.076189 0.022923
0 0.547295 0.568755 0.032821 0.016589
0 0.295075 0.573819 0.053065 0.015866
0 0.520417 0.549169 0.029870 0.016951
0 0.149528 0.612909 0.110722 0.023529
