0 0.694786 0.700061 0.095549 0.054663
3 0.281548 0.664734 0.124040 0.086164
0 0.439761 0.598557 0.044895 0.021960
3 0.322395 0.757924 0.172467 0.112483
0 0.597695 0.898232 0.212822 0.203264
0 0.322193 0.758036 0.172666 0.112563
0 0.064785 0.631849 0.097905 0.034671
0 0.564609 0.621590 0.066321 0.037623
0 0.176652 0.613959 0.103754 0.023466
1 0.364530 0.680683 0.032252 0.027083
0 0.565781 0.589646 0.044678 0.026300
1 0.452955 0.654845 0.025810 0.025969
0 0.928667 0.575863 0.042506 0.014430
0 0.571968 0.566608 0.033823 0.018229
0 0.615586 0.558283 0.030151 0.016297
1 0.382308 0.632345 0.022018 0.021487
0 0.953273 0.602506 0.060162 0.023993
0 0.538770 0.562563 0.030330 0.015754
