0 0.051823 0.922871 0.101290 0.107963
0 0.551997 0.909334 0.069879 0.125613
0 0.164307 0.867936 0.105586 0.081878
0 0.932876 0.812504 0.063911 0.078342
0 0.555127 0.791811 0.049857 0.080089
0 0.421263 0.827823 0.048462 0.077392
0 0.388265 0.734483 0.039977 0.059103
0 0.916222 0.731975 0.042998 0.054914
0 0.561427 0.720674 0.033765 0.057973
0 0.527752 0.705543 0.032791 0.053420
0 0.606496 0.689956 0.031996 0.053503
1 0.356754 0.955985 0.022101 0.073635
1 0.468194 0.937793 0.019429 0.057197
0 0.570244 0.651087 0.023295 0.034949
0 0.557706 0.576927 0.021997 0.035671
1 0.466328 0.805971 0.015071 0.040565
1 0.606763 0.776771 0.012659 0.041079
