3 0.815652 0.478656 0.148887 0.249231
0 0.210709 0.861425 0.144807 0.232025
0 0.925909 0.909844 0.147689 0.177599
0 0.264811 0.462602 0.054688 0.080770
0 0.653914 0.671232 0.084016 0.124856
0 0.756080 0.619219 0.078379 0.103731
0 0.353612 0.485960 0.057244 0.090630
0 0.214721 0.424544 0.048041 0.064035
3 0.629577 0.388138 0.047299 0.094695
0 0.577641 0.320029 0.025068 0.035985
3 0.386822 0.239609 0.024701 0.055945
0 0.414858 0.261604 0.017260 0.025139
0 0.558578 0.280788 0.019229 0.028323
0 0.537020 0.249911 0.014077 0.017933
0 0.418606 0.229617 0.010982 0.011680
0 0.525665 0.276400 0.019236 0.029459
3 0.376780 0.315233 0.030900 0.048820
0 0.516471 0.254680 0.014741 0.020591
0 0.571211 0.264977 0.014278 0.021941
0 0.443516 0.223070 0.010851 0.013174
