0 0.262346 0.745438 0.333124 0.176567
2 0.236748 0.487994 0.328693 0.136229
2 0.235973 0.420611 0.280586 0.090187
0 0.282089 0.588651 0.194929 0.082661
3 0.525441 0.473700 0.123902 0.093719
0 0.701840 0.537452 0.123111 0.067927
0 0.712897 0.462042 0.092639 0.046393
0 0.967493 0.462594 0.064987 0.062901
0 0.614534 0.445595 0.074924 0.043742
0 0.526927 0.402301 0.070137 0.035596
0 0.624149 0.405066 0.067875 0.031941
0 0.949492 0.400274 0.062364 0.032670
2 0.619395 0.337722 0.063856 0.031272
0 0.728111 0.398472 0.059099 0.029488
1 0.622965 0.501364 0.040157 0.035889
0 0.664828 0.382341 0.050023 0.026112
0 0.975939 0.369987 0.048123 0.024467
0 0.610349 0.382053 0.039107 0.026986
0 0.513377 0.356531 0.047398 0.020466
1 0.563951 0.411652 0.028585 0.032102
0 0.236020 0.348941 0.044783 0.017827
0 0.215998 0.356077 0.040182 0.019714
0 0.696256 0.355426 0.035592 0.019371
0 0.749252 0.354902 0.029533 0.021670
1 0.563719 0.418617 0.025625 0.019343
0 0.994394 0.386581 0.011212 0.026821
1 0.483222 0.367664 0.017226 0.015519
