0 0.072863 0.925259 0.093655 0.107783
0 0.574356 0.944095 0.078741 0.109543
0 0.496987 0.841540 0.063267 0.119726
0 0.186602 0.867656 0.101004 0.074843
3 0.366550 0.823145 0.057685 0.103567
0 0.499579 0.759681 0.057750 0.084486
3 0.202814 0.812483 0.059178 0.071260
0 0.643071 0.835932 0.048967 0.081317
0 0.365574 0.840790 0.055199 0.066702
0 0.937730 0.755735 0.043083 0.063303
3 0.453836 0.769169 0.036139 0.072461
0 0.601400 0.735121 0.037148 0.064413
0 0.406903 0.735696 0.035336 0.064421
0 0.586900 0.689722 0.029429 0.052967
0 0.395629 0.656353 0.046551 0.031105
0 0.504682 0.706961 0.030879 0.044455
0 0.618012 0.634355 0.022735 0.040254
0 0.585704 0.644040 0.023046 0.039182
0 0.351180 0.661263 0.027682 0.030963
