3 0.124954 0.935363 0.249490 0.128998
2 0.124779 0.935258 0.248970 0.129024
0 0.081355 0.704898 0.161658 0.074982
2 0.383964 0.551893 0.110840 0.097833
2 0.777431 0.510292 0.158826 0.056620
0 0.946313 0.747920 0.106962 0.083861
0 0.664586 0.652569 0.133025 0.057780
0 0.776366 0.600036 0.109560 0.042646
0 0.961517 0.681185 0.076584 0.049575
0 0.570402 0.556855 0.076537 0.032317
0 0.491279 0.532786 0.066546 0.029228
0 0.588455 0.534335 0.063834 0.026442
0 0.471563 0.518433 0.061523 0.024336
2 0.330183 0.512741 0.043473 0.030975
0 0.546753 0.515128 0.059829 0.022495
1 0.692843 0.616583 0.040871 0.031640
0 0.627594 0.502971 0.049908 0.020283
1 0.565834 0.574127 0.030727 0.028531
0 0.392531 0.494533 0.039726 0.019562
0 0.194921 0.484602 0.036908 0.018995
1 0.503588 0.634508 0.031016 0.022572
1 0.241542 0.597259 0.027262 0.024607
0 0.345917 0.477000 0.031854 0.020720
1 0.565895 0.578642 0.030113 0.019238
0 0.870189 0.512317 0.031102 0.018492
0 0.523029 0.477263 0.037188 0.013746
0 0.399911 0.475726 0.029093 0.015184
0 0.283607 0.465901 0.030303 0.013976
0 0.636879 0.474270 0.030145 0.012971
0 0.484659 0.467635 0.029391 0.012360
3 0.251625 0.465536 0.022861 0.014935
1 0.473889 0.548669 0.020952 0.014611
0 0.212183 0.455424 0.021485 0.011059
1 0.313863 0.489141 0.014479 0.015515
