0 0.283236 0.754812 0.145070 0.089363
0 0.470741 0.731710 0.122662 0.080535
0 0.613608 0.636538 0.076107 0.044778
0 0.529011 0.595271 0.042994 0.022446
0 0.552555 0.578162 0.041410 0.021129
1 0.537771 0.673778 0.029900 0.030058
0 0.044249 0.630097 0.088044 0.035885
1 0.084049 0.748388 0.046216 0.038100
0 0.477588 0.557490 0.037008 0.017734
1 0.340589 0.690525 0.031381 0.029449
0 0.164558 0.612625 0.075230 0.022525
0 0.528483 0.542775 0.028117 0.016195
1 0.476859 0.596522 0.019526 0.015814
0 0.964597 0.584925 0.031796 0.021921
3 0.604842 0.597143 0.051355 0.036904
