0 0.279120 0.687835 0.094255 0.141961
0 0.571233 0.393362 0.037680 0.057217
0 0.383416 0.415941 0.042085 0.065726
0 0.404876 0.340065 0.029854 0.041832
0 0.616277 0.318413 0.025250 0.037279
0 0.581550 0.331085 0.026105 0.034345
0 0.363871 0.295784 0.023556 0.028664
0 0.434723 0.293338 0.022799 0.034463
3 0.398753 0.232270 0.021497 0.051524
3 0.382627 0.245401 0.027333 0.053387
0 0.547700 0.264271 0.015978 0.022583
0 0.532680 0.273963 0.016191 0.024509
0 0.519696 0.263304 0.017326 0.027668
3 0.546721 0.221658 0.016607 0.039126
0 0.447403 0.257645 0.016938 0.030813
0 0.950708 0.892589 0.097794 0.206918
0 0.424043 0.255658 0.014242 0.017811
0 0.584855 0.277715 0.016669 0.024879
0 0.418701 0.227153 0.011504 0.020437
