0 0.687454 0.671535 0.082479 0.045160
0 0.465204 0.590463 0.042426 0.019500
0 0.582609 0.607951 0.055924 0.032184
0 0.579871 0.581855 0.042305 0.022906
0 0.394412 0.702748 0.129209 0.079824
3 0.355587 0.639017 0.097444 0.058822
0 0.076098 0.631886 0.094899 0.035258
0 0.600167 0.821868 0.167196 0.171669
0 0.187745 0.613813 0.101527 0.023430
1 0.481041 0.636841 0.021775 0.021380
0 0.584334 0.562234 0.032509 0.016890
1 0.425170 0.615826 0.019099 0.018839
0 0.555093 0.557539 0.029610 0.015814
0 0.624989 0.554533 0.030098 0.015334
1 0.512913 0.609011 0.020113 0.019359
3 0.313065 0.625188 0.161930 0.084389
0 0.327922 0.576079 0.037883 0.013946
