3 0.609764 0.280547 0.039802 0.082599
0 0.856290 0.769071 0.111202 0.138726
3 0.672822 0.361409 0.069653 0.106011
0 0.565935 0.383453 0.036109 0.053616
0 0.641038 0.425939 0.040740 0.058575
0 0.373953 0.284714 0.019423 0.027029
0 0.432296 0.273904 0.018270 0.026077
0 0.418232 0.257964 0.015242 0.021686
0 0.454755 0.254355 0.014410 0.020331
3 0.599270 0.224138 0.021836 0.031223
0 0.504250 0.212516 0.009089 0.016197
0 0.439365 0.233489 0.010985 0.011972
3 0.431900 0.204753 0.011584 0.023225
0 0.465999 0.219924 0.008292 0.007441
