0 0.914270 0.654690 0.099388 0.134554
0 0.125362 0.634077 0.104705 0.170780
0 0.567647 0.386208 0.044468 0.065473
0 0.269522 0.443829 0.054821 0.105058
0 0.631818 0.413739 0.038751 0.054034
0 0.544799 0.332925 0.028436 0.037845
0 0.588722 0.335137 0.028019 0.040921
0 0.400698 0.407072 0.040316 0.057517
0 0.431332 0.309926 0.021912 0.033978
0 0.366168 0.321511 0.026269 0.036546
3 0.564381 0.240103 0.021150 0.051281
0 0.660011 0.362076 0.030249 0.044853
0 0.578489 0.274737 0.016889 0.024932
0 0.440228 0.287759 0.018553 0.027239
0 0.522701 0.280231 0.018260 0.024794
3 0.598246 0.223787 0.020647 0.029585
3 0.547001 0.257820 0.015591 0.045751
3 0.411586 0.224530 0.017406 0.035986
