3 0.582185 0.678247 0.091518 0.074323
0 0.185340 0.614202 0.101970 0.023794
0 0.075306 0.631979 0.096088 0.034814
0 0.931497 0.574782 0.041882 0.018313
0 0.596096 0.580296 0.041412 0.022271
1 0.339105 0.737704 0.040542 0.037318
3 0.481908 0.620382 0.072377 0.043113
0 0.651194 0.617084 0.054160 0.027337
1 0.873375 0.770191 0.046772 0.042707
3 0.351201 0.607362 0.063415 0.037069
0 0.686009 0.905551 0.222264 0.188301
0 0.584803 0.565643 0.034541 0.016120
3 0.437829 0.590259 0.050333 0.033798
0 0.494252 0.571233 0.027316 0.015860
0 0.481741 0.620523 0.072841 0.043153
