0 0.292466 0.721205 0.308382 0.163151
2 0.253762 0.482954 0.314944 0.131244
2 0.240393 0.419976 0.288336 0.091566
0 0.308219 0.574391 0.183499 0.076929
3 0.534328 0.467868 0.118711 0.089721
0 0.705484 0.528662 0.119722 0.065120
0 0.714859 0.457151 0.089177 0.044776
0 0.970908 0.471837 0.058183 0.067881
0 0.619069 0.442291 0.070465 0.043249
0 0.531122 0.400374 0.066180 0.033984
0 0.952869 0.403702 0.065210 0.034482
0 0.628078 0.402285 0.066657 0.030777
2 0.620912 0.337837 0.063358 0.030901
0 0.729279 0.396200 0.057380 0.028843
0 0.666704 0.381166 0.049437 0.026319
0 0.977353 0.372520 0.045294 0.025457
0 0.612406 0.380918 0.039551 0.026247
0 0.513465 0.356947 0.047862 0.020697
0 0.217749 0.355826 0.044471 0.019581
0 0.236789 0.349328 0.044894 0.018114
0 0.697770 0.355111 0.035128 0.019554
3 0.684836 0.328614 0.026668 0.024119
1 0.568807 0.414435 0.025996 0.021023
0 0.751176 0.353763 0.026354 0.020218
1 0.483071 0.368073 0.017304 0.015476
