0 0.646686 0.722477 0.164039 0.133107
3 0.774198 0.658191 0.151764 0.110923
2 0.885690 0.517251 0.226842 0.070871
0 0.406091 0.689381 0.129818 0.109031
0 0.041366 0.763861 0.082182 0.100007
0 0.042074 0.646691 0.083376 0.074692
0 0.618636 0.555383 0.083539 0.068694
0 0.537905 0.581899 0.087127 0.059198
2 0.620765 0.519165 0.086375 0.052801
3 0.620927 0.519073 0.086666 0.052571
3 0.250039 0.552569 0.078493 0.057712
0 0.434313 0.576680 0.075563 0.050056
0 0.141741 0.542320 0.096266 0.037172
2 0.738546 0.482977 0.097363 0.036581
0 0.789126 0.583117 0.071846 0.044553
2 0.151266 0.444479 0.089383 0.032706
0 0.469295 0.526132 0.064470 0.041398
0 0.873601 0.553662 0.071195 0.034638
2 0.611863 0.486293 0.070104 0.032607
0 0.155153 0.503118 0.071481 0.026106
0 0.309459 0.498749 0.056785 0.029517
1 0.830986 0.629071 0.043168 0.034448
0 0.243245 0.498695 0.051276 0.025343
0 0.506499 0.501623 0.046650 0.024271
0 0.455721 0.485631 0.036694 0.021811
0 0.542117 0.490371 0.037183 0.020469
0 0.432337 0.495795 0.034683 0.021588
0 0.277089 0.472179 0.038431 0.018357
0 0.344225 0.470074 0.036377 0.018582
1 0.681354 0.543247 0.022823 0.018720
0 0.360903 0.452235 0.025361 0.011400
