0 0.823527 0.551486 0.073454 0.100432
0 0.376784 0.471992 0.051706 0.077073
0 0.555824 0.357619 0.036593 0.055800
0 0.612274 0.381319 0.033377 0.048286
0 0.027413 0.816663 0.054343 0.223449
0 0.353571 0.338790 0.029190 0.039875
0 0.580786 0.322061 0.025477 0.036905
0 0.422742 0.333748 0.027395 0.039478
0 0.538895 0.315110 0.025995 0.033654
0 0.433890 0.302248 0.022355 0.032319
0 0.221238 0.519443 0.069230 0.105476
0 0.645764 0.344849 0.027837 0.040045
3 0.561901 0.237638 0.020220 0.049222
0 0.574243 0.269794 0.015256 0.022783
0 0.519991 0.272041 0.016303 0.023365
0 0.439459 0.282433 0.020506 0.026994
0 0.446670 0.261202 0.015292 0.020150
0 0.425276 0.243461 0.013446 0.017883
