2 0.175306 0.677029 0.349703 0.193513
0 0.105961 0.943983 0.209818 0.111306
0 0.852714 0.699145 0.174065 0.063933
1 0.957379 0.908336 0.084928 0.081745
0 0.950790 0.697533 0.098421 0.064403
0 0.814632 0.619582 0.131430 0.045978
1 0.925182 0.784220 0.093978 0.061774
3 0.463544 0.608045 0.091554 0.057212
0 0.632435 0.609645 0.115456 0.045270
0 0.618710 0.579172 0.096529 0.028727
1 0.697747 0.696723 0.057894 0.041252
2 0.565356 0.489481 0.065597 0.035611
3 0.514045 0.601271 0.053890 0.042881
0 0.740211 0.547612 0.070873 0.030061
0 0.513409 0.556024 0.048802 0.032500
0 0.410971 0.531485 0.056388 0.026268
1 0.671560 0.657537 0.043759 0.032209
0 0.821071 0.524977 0.057789 0.019465
0 0.615267 0.518263 0.048154 0.022954
0 0.365296 0.515620 0.046757 0.021002
2 0.384039 0.496352 0.034882 0.025855
0 0.425503 0.511254 0.042795 0.020227
0 0.312203 0.511978 0.038902 0.019922
0 0.775996 0.514956 0.041345 0.018454
0 0.159976 0.496591 0.037109 0.019083
0 0.702782 0.507257 0.044260 0.015647
0 0.285457 0.491574 0.036787 0.018068
3 0.245877 0.486043 0.030779 0.019509
0 0.348899 0.504099 0.034555 0.017265
0 0.275540 0.497672 0.028135 0.018613
0 0.455790 0.481594 0.034400 0.013642
1 0.169163 0.534409 0.022776 0.019184
0 0.294139 0.478306 0.026796 0.014143
1 0.385940 0.553708 0.019779 0.016774
1 0.480416 0.547267 0.021198 0.015543
1 0.351815 0.540688 0.019038 0.016661
1 0.310086 0.524818 0.017684 0.014004
0 0.282579 0.466267 0.022781 0.010804
1 0.351978 0.543344 0.018835 0.012523
1 0.281901 0.519240 0.018415 0.011794
