0 0.042844 0.915790 0.085364 0.110850
0 0.513481 0.908206 0.069941 0.125118
3 0.149257 0.858958 0.101749 0.074851
0 0.433208 0.893570 0.067303 0.111717
3 0.166924 0.807295 0.063234 0.083063
0 0.598801 0.801706 0.048045 0.092158
0 0.846697 0.746802 0.043656 0.062617
0 0.916886 0.739651 0.050721 0.052530
0 0.285947 0.733888 0.046375 0.049949
0 0.374608 0.726091 0.033726 0.061675
1 0.106007 0.886280 0.044357 0.045434
0 0.106196 0.886297 0.044897 0.044701
0 0.341551 0.661561 0.055953 0.033628
0 0.565153 0.700199 0.031319 0.057475
0 0.540855 0.732889 0.033650 0.053173
0 0.791521 0.676666 0.034440 0.043441
0 0.591558 0.651951 0.029369 0.043764
0 0.494263 0.646417 0.029710 0.040118
1 0.334095 0.896633 0.020008 0.054099
1 0.471311 0.856931 0.015325 0.051685
1 0.442815 0.817472 0.016607 0.040374
1 0.532038 0.826325 0.015990 0.039184
