0 0.043707 0.917285 0.087035 0.111399
0 0.634664 0.945019 0.078380 0.108013
0 0.150977 0.859440 0.104342 0.078727
0 0.530615 0.852461 0.060535 0.105103
0 0.499267 0.968885 0.073766 0.061102
2 0.169211 0.801849 0.059561 0.070776
0 0.981809 0.792954 0.035873 0.102363
0 0.441655 0.747715 0.047315 0.074859
0 0.593623 0.748447 0.042034 0.068247
0 0.376571 0.726959 0.035219 0.072802
0 0.544351 0.739813 0.035552 0.063241
0 0.108079 0.886554 0.044371 0.047324
0 0.290832 0.732931 0.039905 0.051476
0 0.611701 0.719742 0.033661 0.059060
0 0.888221 0.714910 0.036910 0.053682
0 0.814309 0.663541 0.035622 0.042211
0 0.324598 0.657336 0.040768 0.034151
1 0.645831 0.839499 0.019273 0.051010
1 0.442146 0.857514 0.019602 0.044998
1 0.415931 0.840625 0.013752 0.044768
