0 0.060092 0.824432 0.119902 0.100711
0 0.476043 0.728755 0.126671 0.085888
0 0.515528 0.627348 0.066488 0.038149
0 0.599407 0.594719 0.048469 0.028249
0 0.433094 0.623278 0.065914 0.034522
0 0.147602 0.614037 0.108170 0.026702
0 0.043210 0.629308 0.086079 0.037077
1 0.638371 0.763099 0.039034 0.041346
1 0.720910 0.705365 0.036176 0.035913
1 0.642329 0.698604 0.032392 0.032217
0 0.790804 0.555375 0.033393 0.014160
0 0.493678 0.545062 0.030590 0.014267
0 0.286499 0.573377 0.051037 0.016011
0 0.541371 0.572252 0.033319 0.016278
