3 0.872411 0.533446 0.190774 0.303585
0 0.312770 0.602450 0.081956 0.121767
0 0.746898 0.924527 0.142807 0.149878
0 0.854283 0.777569 0.114752 0.147720
0 0.381455 0.413885 0.045847 0.070018
0 0.247410 0.390241 0.041806 0.055591
0 0.587964 0.337152 0.028377 0.041528
3 0.653672 0.423779 0.056788 0.111003
0 0.564430 0.289052 0.021602 0.030760
3 0.390793 0.235407 0.023857 0.053466
0 0.301496 0.410684 0.044269 0.064926
0 0.528909 0.283833 0.020986 0.030961
0 0.419049 0.254303 0.015808 0.024149
0 0.540084 0.252254 0.014798 0.019707
0 0.421001 0.226257 0.010549 0.013015
0 0.385138 0.299167 0.026776 0.044761
0 0.576527 0.269995 0.015928 0.024300
0 0.518240 0.260437 0.014920 0.021005
