3 0.790563 0.653811 0.101032 0.162909
3 0.696761 0.364623 0.079161 0.151803
0 0.966586 0.744424 0.066331 0.141407
0 0.606204 0.535774 0.065312 0.100841
0 0.304493 0.420626 0.051890 0.086986
0 0.645940 0.449354 0.046035 0.060282
3 0.366073 0.254479 0.031550 0.067828
3 0.577855 0.307107 0.030009 0.060314
0 0.554962 0.374922 0.035942 0.046894
0 0.617647 0.388880 0.034632 0.048152
0 0.388410 0.296753 0.024243 0.033174
0 0.551001 0.274959 0.017124 0.024823
0 0.543056 0.253735 0.016145 0.021643
0 0.411790 0.237816 0.013160 0.023541
0 0.517222 0.250938 0.014546 0.020950
0 0.555208 0.247501 0.012733 0.018052
0 0.436364 0.232691 0.012530 0.014639
