3 0.759328 0.421277 0.119170 0.205787
3 0.257716 0.346230 0.084677 0.151069
0 0.166742 0.611596 0.082900 0.113515
3 0.316786 0.301312 0.051800 0.111587
0 0.372407 0.369387 0.035353 0.049559
0 0.386484 0.295372 0.023233 0.040931
3 0.599000 0.221872 0.022141 0.031305
3 0.551545 0.267113 0.019537 0.031762
0 0.517540 0.252913 0.014354 0.019746
3 0.441419 0.186741 0.010012 0.021289
0 0.538393 0.237957 0.011992 0.017758
0 0.503586 0.217971 0.009905 0.018167
0 0.512091 0.234964 0.010748 0.016428
0 0.548696 0.232623 0.009691 0.015777
