0 0.045343 0.918938 0.090687 0.108949
0 0.526761 0.913119 0.071629 0.133119
0 0.154952 0.863735 0.102095 0.075187
0 0.320317 0.962855 0.074303 0.072582
0 0.537464 0.785675 0.044821 0.077106
0 0.487958 0.769206 0.044357 0.069694
0 0.597890 0.735343 0.039371 0.064616
0 0.291432 0.737552 0.048362 0.051122
0 0.841233 0.727701 0.040224 0.055731
0 0.379870 0.727019 0.034736 0.062938
0 0.110899 0.890113 0.043887 0.043691
0 0.553933 0.688694 0.027372 0.045010
0 0.820441 0.620596 0.026414 0.040909
1 0.391727 0.972378 0.019422 0.055244
1 0.625020 0.939477 0.018279 0.056698
0 0.579931 0.668309 0.021587 0.046241
0 0.510628 0.620282 0.026543 0.036962
1 0.642540 0.857407 0.018007 0.054073
