0 0.523446 0.927801 0.076311 0.137882
0 0.045302 0.918326 0.090520 0.110656
0 0.152697 0.862786 0.094843 0.074871
0 0.954617 0.824395 0.073439 0.082062
0 0.308845 0.960224 0.067361 0.077336
3 0.172743 0.805630 0.056728 0.075351
0 0.536288 0.794277 0.046683 0.081022
0 0.484649 0.775807 0.045849 0.075918
0 0.598865 0.740576 0.038925 0.069408
0 0.980030 0.775843 0.039586 0.066395
0 0.291164 0.737027 0.047318 0.049756
0 0.836936 0.724385 0.041925 0.051396
1 0.110607 0.888687 0.042762 0.047099
0 0.553614 0.690347 0.027593 0.046829
1 0.626164 0.962207 0.020201 0.060361
0 0.819054 0.617525 0.028202 0.037408
1 0.417145 0.785867 0.015414 0.040368
