0 0.692011 0.683184 0.087024 0.048726
0 0.455372 0.594265 0.044506 0.020825
0 0.185359 0.613814 0.103006 0.023320
0 0.073740 0.631842 0.093193 0.033948
0 0.576701 0.614013 0.057773 0.033475
0 0.575434 0.584915 0.042820 0.024162
3 0.324901 0.654467 0.101188 0.059732
1 0.470771 0.644895 0.024053 0.021844
0 0.367661 0.723266 0.145623 0.091666
3 0.367992 0.723216 0.145313 0.091393
1 0.391947 0.663734 0.030413 0.025800
1 0.408828 0.622834 0.017779 0.019693
0 0.549819 0.559423 0.030698 0.016155
3 0.256380 0.645306 0.091487 0.060049
0 0.581403 0.564608 0.032705 0.017115
0 0.622833 0.556086 0.031667 0.015728
