0 0.203925 0.545200 0.071015 0.096021
0 0.627846 0.548136 0.064576 0.099235
0 0.346001 0.537488 0.062935 0.097889
0 0.648242 0.355359 0.031865 0.045697
0 0.386884 0.413752 0.043759 0.059731
0 0.619314 0.393858 0.035811 0.048508
0 0.418250 0.328396 0.028649 0.041275
0 0.551749 0.294702 0.020249 0.028757
0 0.389619 0.273109 0.018624 0.023770
0 0.526721 0.282133 0.019613 0.031475
0 0.429813 0.293451 0.022009 0.029141
3 0.392697 0.236717 0.023634 0.051752
3 0.550772 0.226106 0.017516 0.042110
0 0.188020 0.915416 0.147411 0.166563
0 0.446223 0.266567 0.017617 0.025075
3 0.406000 0.226711 0.019168 0.046288
0 0.555401 0.276828 0.018635 0.026610
0 0.521559 0.265515 0.015898 0.022763
0 0.559422 0.250543 0.013536 0.021638
0 0.432953 0.244491 0.012482 0.014554
3 0.598934 0.292418 0.018490 0.029630
0 0.511440 0.243758 0.012336 0.015511
