0 0.273159 0.763670 0.151846 0.093983
0 0.466335 0.737955 0.128379 0.082531
0 0.613819 0.638501 0.076198 0.045284
0 0.528483 0.596106 0.043775 0.022387
1 0.068476 0.757622 0.047593 0.038619
0 0.553135 0.578655 0.038916 0.021064
1 0.539458 0.679311 0.031729 0.030953
0 0.044110 0.630263 0.087719 0.035541
0 0.476843 0.557856 0.037359 0.018010
0 0.164284 0.612661 0.074801 0.022525
1 0.332792 0.694332 0.035945 0.031333
0 0.594602 0.561121 0.033134 0.017098
0 0.528533 0.542921 0.029361 0.016270
3 0.605160 0.597856 0.052394 0.036847
1 0.475196 0.597381 0.019041 0.015200
0 0.992687 0.580041 0.014232 0.013805
