0 0.205278 0.764367 0.118360 0.175912
0 0.380982 0.443317 0.046875 0.074610
0 0.257688 0.390169 0.042528 0.052650
0 0.568068 0.397970 0.043366 0.060686
3 0.626947 0.391883 0.043059 0.069152
3 0.356324 0.266935 0.035188 0.072311
0 0.394622 0.292984 0.021068 0.029429
3 0.379143 0.248670 0.028043 0.065370
0 0.546266 0.272877 0.016458 0.022261
0 0.534043 0.292000 0.019513 0.030539
0 0.424008 0.312183 0.028456 0.047525
0 0.429195 0.248079 0.014358 0.021101
0 0.405039 0.242711 0.013754 0.024497
3 0.540356 0.217443 0.015399 0.036068
0 0.579967 0.278275 0.017859 0.025190
3 0.598282 0.224042 0.020443 0.030502
