0 0.627772 0.761942 0.255667 0.175216
2 0.245754 0.435080 0.278842 0.112630
2 0.337981 0.458376 0.250751 0.108990
0 0.424896 0.616005 0.210398 0.103510
0 0.433317 0.512884 0.132824 0.057441
3 0.582244 0.440801 0.097374 0.074519
0 0.726186 0.488351 0.098806 0.052298
0 0.733843 0.435812 0.077522 0.038721
0 0.970833 0.430624 0.058334 0.040606
0 0.649094 0.425288 0.048689 0.036653
0 0.562215 0.390028 0.058468 0.030260
0 0.651659 0.393125 0.060433 0.028318
2 0.631524 0.337396 0.055836 0.029440
0 0.516582 0.440938 0.040230 0.039952
0 0.740877 0.386627 0.053631 0.026124
0 0.233086 0.356617 0.059444 0.019278
0 0.518736 0.360070 0.047036 0.020092
0 0.683582 0.375919 0.037762 0.024124
0 0.633210 0.373324 0.034816 0.023528
1 0.663858 0.461972 0.030068 0.026239
0 0.758191 0.350534 0.026748 0.019799
0 0.709852 0.351992 0.029273 0.017867
