2 0.267509 0.623828 0.357910 0.160888
0 0.109121 0.941928 0.218242 0.115530
0 0.930588 0.868430 0.138792 0.123997
0 0.677187 0.623825 0.116792 0.044862
0 0.750296 0.609887 0.110357 0.042000
2 0.618313 0.497402 0.104573 0.044248
1 0.952082 0.753286 0.077682 0.056236
0 0.548108 0.574686 0.088510 0.036274
0 0.962157 0.595381 0.075657 0.040999
0 0.662914 0.569506 0.090962 0.033811
3 0.866958 0.543381 0.062525 0.036325
1 0.695956 0.756406 0.061793 0.035544
0 0.741355 0.543759 0.067575 0.029860
0 0.539683 0.553175 0.077864 0.025823
0 0.392808 0.518253 0.051999 0.023327
1 0.693667 0.668627 0.042878 0.026836
0 0.827942 0.523248 0.055698 0.019240
0 0.781098 0.513707 0.046761 0.018570
0 0.470281 0.528612 0.034888 0.024336
0 0.360166 0.506440 0.042622 0.018937
1 0.557526 0.615992 0.031812 0.024941
2 0.252579 0.470959 0.028120 0.027290
0 0.406954 0.499614 0.037788 0.018183
0 0.168910 0.494489 0.034024 0.019020
0 0.316504 0.501516 0.030816 0.016469
0 0.282185 0.484527 0.028981 0.017073
0 0.504172 0.489203 0.033163 0.014379
0 0.718525 0.507002 0.033853 0.013742
0 0.214352 0.472433 0.031883 0.014445
0 0.259835 0.487187 0.025649 0.016443
0 0.294314 0.469586 0.026700 0.014511
1 0.165343 0.527205 0.020283 0.017558
0 0.322278 0.482291 0.022271 0.015875
0 0.446405 0.475081 0.027230 0.012860
1 0.372960 0.531413 0.017596 0.017788
1 0.321243 0.519928 0.017198 0.017933
0 0.342410 0.481197 0.020847 0.011862
0 0.677220 0.511645 0.020777 0.011255
0 0.283011 0.460031 0.019553 0.009765
1 0.321413 0.524208 0.016580 0.011436
1 0.288343 0.513085 0.014175 0.011720
0 0.265740 0.453728 0.016930 0.008728
0 0.227599 0.449709 0.016980 0.008044
