0 0.636012 0.808562 0.168026 0.125499
0 0.494238 0.668508 0.080819 0.043463
0 0.527865 0.615508 0.058155 0.035365
3 0.639417 0.665119 0.083921 0.070594
1 0.904363 0.818942 0.072595 0.087550
0 0.044258 0.630617 0.087339 0.034308
0 0.595285 0.580675 0.042812 0.022444
0 0.878693 0.565196 0.047831 0.018065
0 0.543659 0.577053 0.036276 0.020431
0 0.435972 0.580301 0.049478 0.023359
0 0.979975 0.588897 0.039468 0.030374
1 0.395374 0.688951 0.031332 0.029085
1 0.336522 0.736228 0.032808 0.030863
1 0.219545 0.680507 0.028408 0.024834
0 0.149464 0.612904 0.107440 0.025079
0 0.810058 0.550293 0.029116 0.013837
2 0.168829 0.593772 0.058402 0.021290
0 0.614280 0.569746 0.039980 0.019993
1 0.434199 0.617307 0.020860 0.015950
