3 0.219675 0.601270 0.284360 0.147700
2 0.296939 0.443311 0.258281 0.108983
3 0.511753 0.589446 0.184558 0.143949
2 0.512587 0.420637 0.152593 0.072130
0 0.760242 0.522310 0.119326 0.062521
0 0.622544 0.486348 0.113376 0.054392
3 0.685598 0.408758 0.068441 0.055218
0 0.624334 0.439699 0.076538 0.035293
0 0.785899 0.436854 0.071902 0.035400
0 0.795594 0.403625 0.054191 0.027868
2 0.692922 0.342303 0.048650 0.025492
0 0.987444 0.433013 0.025112 0.042608
0 0.560205 0.371693 0.047853 0.020621
0 0.725918 0.383002 0.045178 0.020719
0 0.310277 0.363975 0.054336 0.016894
0 0.797609 0.374049 0.041705 0.020846
0 0.656911 0.373406 0.045872 0.018604
0 0.738449 0.370913 0.037048 0.020158
0 0.263656 0.365828 0.034956 0.017553
0 0.300823 0.364271 0.035829 0.016155
0 0.765960 0.351510 0.026329 0.015245
1 0.751425 0.420247 0.021025 0.018377
