3 0.175107 0.414908 0.113342 0.186270
0 0.656840 0.656675 0.083414 0.121107
0 0.864213 0.593238 0.077098 0.105737
0 0.700828 0.511657 0.060605 0.087797
3 0.583520 0.259042 0.030032 0.067552
0 0.355571 0.332464 0.032015 0.053293
0 0.556497 0.374610 0.035968 0.047154
0 0.383688 0.297230 0.025200 0.046692
0 0.578401 0.320780 0.024742 0.032604
0 0.608767 0.312004 0.023501 0.032966
3 0.598636 0.221927 0.021312 0.031565
0 0.529439 0.299369 0.022007 0.029314
0 0.555137 0.280883 0.018596 0.034154
0 0.447396 0.269362 0.017244 0.026126
3 0.531076 0.230331 0.013385 0.033549
0 0.410286 0.261494 0.016577 0.024109
0 0.538720 0.261192 0.015165 0.021331
