0 0.043696 0.917453 0.086995 0.110393
3 0.629942 0.935197 0.074829 0.126737
0 0.152036 0.859116 0.103429 0.079133
0 0.503859 0.954907 0.069384 0.088249
0 0.532893 0.839014 0.059558 0.102035
3 0.169296 0.800961 0.058760 0.066936
0 0.446225 0.742821 0.046870 0.071439
0 0.984744 0.805480 0.029918 0.098101
0 0.594292 0.741329 0.039541 0.070339
0 0.893855 0.719747 0.042461 0.056103
0 0.376165 0.729256 0.034070 0.068605
0 0.290595 0.734390 0.039545 0.052293
0 0.545103 0.737165 0.035105 0.057609
0 0.608852 0.715492 0.033086 0.059583
0 0.108068 0.888024 0.042868 0.045181
0 0.818186 0.668316 0.037476 0.043393
0 0.557210 0.681898 0.029009 0.049984
0 0.594945 0.657407 0.026755 0.049743
1 0.634825 0.821535 0.019146 0.054864
1 0.417457 0.828992 0.013263 0.040873
