0 0.609517 0.502134 0.063288 0.104012
0 0.715117 0.539667 0.061387 0.089042
0 0.274071 0.439613 0.052542 0.090235
0 0.335830 0.359257 0.036982 0.068920
0 0.568538 0.392990 0.041947 0.054002
0 0.707805 0.415949 0.039474 0.056861
0 0.615551 0.376482 0.035464 0.058173
3 0.571185 0.246776 0.024439 0.055870
0 0.429850 0.324548 0.025426 0.037376
0 0.531950 0.304846 0.023070 0.030540
3 0.417218 0.216083 0.017062 0.038784
0 0.388625 0.290382 0.020708 0.030030
0 0.588654 0.286684 0.019138 0.027201
0 0.556414 0.284052 0.018021 0.026097
0 0.445034 0.274838 0.017058 0.026314
0 0.542542 0.258943 0.015759 0.026351
0 0.519533 0.267614 0.016414 0.021865
