0 0.510159 0.637195 0.071420 0.042252
0 0.459514 0.762157 0.145447 0.101107
0 0.419477 0.634168 0.071692 0.036959
0 0.599109 0.600292 0.057359 0.028576
1 0.644163 0.808689 0.047927 0.054453
0 0.043182 0.630051 0.085706 0.035944
0 0.013382 0.868881 0.026710 0.071086
0 0.143473 0.613976 0.098084 0.026260
1 0.647315 0.722980 0.037785 0.037081
0 0.837602 0.573860 0.033584 0.018443
1 0.742346 0.741309 0.038913 0.042046
0 0.538353 0.575612 0.033574 0.018012
0 0.492335 0.546526 0.031277 0.015558
1 0.456899 0.619007 0.019251 0.017052
2 0.166894 0.595261 0.058225 0.023563
0 0.291225 0.573652 0.054601 0.016476
0 0.562932 0.564555 0.031609 0.017954
0 0.591881 0.549643 0.028165 0.013677
