0 0.748795 0.799507 0.156990 0.096065
1 0.224579 0.767134 0.054608 0.047764
0 0.538059 0.604520 0.053786 0.030991
1 0.372055 0.716847 0.038208 0.032897
0 0.376983 0.618632 0.060522 0.031867
3 0.114505 0.696990 0.137659 0.078021
0 0.046146 0.631338 0.090402 0.035821
0 0.594036 0.565971 0.036763 0.018445
0 0.543671 0.577094 0.040093 0.020781
1 0.264073 0.689741 0.031498 0.032507
0 0.152313 0.614709 0.107008 0.026753
1 0.425666 0.676573 0.027844 0.029342
0 0.522958 0.658682 0.098080 0.052039
2 0.063113 0.789882 0.125230 0.123901
0 0.884077 0.566566 0.042738 0.016271
0 0.504825 0.572324 0.036544 0.018626
1 0.435547 0.614043 0.021520 0.017060
0 0.880261 0.584686 0.049752 0.018545
