0 0.175328 0.863999 0.349310 0.270679
2 0.245021 0.438695 0.263613 0.112025
0 0.673922 0.650434 0.190140 0.111297
2 0.390333 0.443225 0.215811 0.096839
0 0.488301 0.565162 0.169855 0.081312
3 0.609020 0.428766 0.085571 0.067757
0 0.497674 0.482517 0.109758 0.048566
0 0.735325 0.467930 0.086622 0.045226
0 0.744196 0.423456 0.069993 0.034212
0 0.982500 0.460869 0.034805 0.048180
0 0.583263 0.384948 0.055459 0.027950
2 0.640297 0.338791 0.053660 0.027467
0 0.665616 0.388492 0.055445 0.025836
0 0.663702 0.416735 0.036714 0.033276
0 0.552288 0.425515 0.034947 0.033913
0 0.246666 0.359152 0.058242 0.020135
0 0.747894 0.381772 0.048252 0.023772
0 0.520927 0.363604 0.046573 0.020331
0 0.687171 0.373982 0.039286 0.021921
0 0.648993 0.370064 0.035779 0.020992
1 0.683323 0.444455 0.025353 0.022959
0 0.716528 0.351513 0.027886 0.016955
0 0.739096 0.333204 0.028645 0.013159
