3 0.753231 0.416934 0.115424 0.198780
3 0.253174 0.350289 0.084827 0.154534
3 0.314086 0.305121 0.053318 0.112453
0 0.149194 0.636204 0.088448 0.120374
0 0.370275 0.377059 0.036184 0.050478
0 0.503964 0.219506 0.010592 0.018315
3 0.550781 0.266598 0.019154 0.031884
0 0.516993 0.251811 0.013474 0.021299
3 0.530490 0.203977 0.012680 0.030273
0 0.511701 0.236518 0.010823 0.016096
0 0.385500 0.299085 0.023048 0.040604
0 0.452195 0.207760 0.008434 0.009777
0 0.446294 0.227452 0.010302 0.013387
0 0.548587 0.234191 0.009389 0.015454
3 0.385572 0.299150 0.023220 0.040565
