0 0.280657 0.374134 0.035869 0.048526
0 0.599541 0.492632 0.054676 0.075273
3 0.622085 0.308112 0.043769 0.071276
0 0.620571 0.390541 0.035323 0.048161
0 0.433145 0.305784 0.022218 0.033248
3 0.585431 0.257676 0.030325 0.064013
0 0.363842 0.345657 0.030154 0.039876
0 0.527089 0.287898 0.019931 0.027859
0 0.575440 0.316052 0.023763 0.032475
0 0.390172 0.296198 0.021087 0.030881
0 0.445060 0.271985 0.017140 0.024850
0 0.426648 0.248609 0.014086 0.020737
3 0.426163 0.207192 0.013774 0.034809
0 0.460602 0.232758 0.012081 0.014941
