3 0.635782 0.309943 0.052447 0.103783
3 0.333966 0.283122 0.042391 0.087483
0 0.744285 0.596663 0.079138 0.101123
0 0.635500 0.604736 0.077849 0.103296
0 0.725321 0.449669 0.048911 0.065847
0 0.330214 0.377634 0.038933 0.052672
0 0.542810 0.342113 0.030788 0.044529
0 0.586718 0.337661 0.025912 0.036765
0 0.626716 0.398883 0.042057 0.069431
0 0.572557 0.311231 0.022669 0.027778
3 0.551611 0.269283 0.020425 0.043930
0 0.527228 0.294829 0.020925 0.029898
0 0.535829 0.251026 0.013255 0.019112
0 0.435525 0.232946 0.011761 0.015070
0 0.425301 0.245311 0.014902 0.025836
0 0.403162 0.256710 0.016656 0.028770
0 0.529514 0.237828 0.011815 0.016618
0 0.544630 0.235377 0.010100 0.016011
