3 0.656521 0.328418 0.061181 0.119697
0 0.915482 0.870537 0.148331 0.174740
0 0.793442 0.525578 0.064111 0.084783
0 0.166333 0.613007 0.100262 0.165158
3 0.348836 0.271194 0.037137 0.076525
0 0.360401 0.336510 0.030846 0.042330
0 0.558112 0.390977 0.039331 0.057496
0 0.602722 0.370282 0.031212 0.043173
3 0.560255 0.283560 0.022623 0.046374
0 0.585890 0.335611 0.026079 0.033848
0 0.778247 0.957229 0.152257 0.085265
0 0.430262 0.243126 0.013394 0.016731
0 0.534770 0.320113 0.025074 0.033761
0 0.668320 0.462724 0.055334 0.089327
0 0.540946 0.259228 0.014331 0.022224
0 0.406953 0.250060 0.015119 0.024654
0 0.513113 0.242120 0.012554 0.018485
0 0.439391 0.227927 0.010266 0.015019
3 0.598610 0.223602 0.020915 0.030313
