3 0.677543 0.346809 0.070290 0.134194
0 0.879851 0.621861 0.086520 0.111549
3 0.358677 0.262499 0.034754 0.072194
0 0.581419 0.454326 0.054754 0.075073
0 0.377687 0.313210 0.026515 0.036605
0 0.601411 0.361909 0.030239 0.040808
0 0.623321 0.408604 0.038620 0.049713
0 0.543959 0.346513 0.029298 0.040817
3 0.568419 0.295925 0.027336 0.052968
0 0.546051 0.267793 0.015740 0.023332
0 0.260439 0.482307 0.065787 0.110257
0 0.721322 0.544543 0.072464 0.116711
0 0.538621 0.250010 0.014553 0.020075
3 0.721343 0.544754 0.072304 0.116755
0 0.433903 0.238689 0.012470 0.015387
0 0.409813 0.243098 0.013681 0.025850
0 0.514740 0.246893 0.014064 0.020846
0 0.509412 0.235143 0.010369 0.014651
0 0.409504 0.248571 0.012723 0.015060
