0 0.543025 0.829036 0.293186 0.195999
3 0.326232 0.557055 0.226339 0.123435
2 0.317319 0.443376 0.257422 0.107091
3 0.571343 0.549819 0.157346 0.122339
2 0.571245 0.549873 0.156626 0.122271
2 0.546176 0.415302 0.139950 0.067865
0 0.785250 0.500256 0.109449 0.055320
0 0.658873 0.469845 0.102055 0.048509
3 0.712204 0.403872 0.068552 0.052489
0 0.654521 0.432166 0.071116 0.033314
0 0.804016 0.429349 0.066203 0.033484
0 0.815737 0.398470 0.052818 0.026198
2 0.712973 0.342626 0.047095 0.024971
0 0.573221 0.372771 0.047900 0.019221
0 0.330805 0.365036 0.053840 0.017066
0 0.747581 0.381218 0.041956 0.020614
0 0.816151 0.371428 0.039906 0.019222
0 0.682204 0.370693 0.043190 0.017150
0 0.282125 0.368084 0.038058 0.018275
0 0.322613 0.365468 0.036785 0.016056
0 0.397579 0.357074 0.028839 0.013525
0 0.784507 0.351054 0.025444 0.015177
0 0.992757 0.420570 0.014456 0.022106
