0 0.357162 0.528855 0.061230 0.089021
0 0.231059 0.519912 0.063390 0.087726
0 0.643487 0.431661 0.042473 0.061318
0 0.555818 0.281198 0.017626 0.024275
0 0.387033 0.303448 0.022777 0.035244
3 0.562232 0.235778 0.021685 0.047850
3 0.581576 0.265628 0.028650 0.047194
0 0.527137 0.284686 0.019619 0.027345
0 0.415603 0.262890 0.016298 0.026110
0 0.445816 0.276915 0.019121 0.029895
0 0.540743 0.257978 0.013730 0.017493
3 0.416057 0.217377 0.016435 0.040367
0 0.431745 0.248181 0.013563 0.016769
0 0.510834 0.238568 0.010847 0.016069
