3 0.214359 0.382324 0.107520 0.183006
3 0.715006 0.380516 0.092497 0.166202
3 0.980243 0.726083 0.038992 0.257221
3 0.291728 0.321255 0.065672 0.129811
0 0.341908 0.448253 0.047308 0.068529
3 0.377442 0.315281 0.026605 0.047593
3 0.599014 0.221868 0.022149 0.030807
3 0.544818 0.256924 0.017544 0.028078
0 0.441453 0.229905 0.013723 0.017540
0 0.513755 0.242523 0.012658 0.017823
0 0.533370 0.232846 0.011358 0.016906
0 0.509822 0.229874 0.009829 0.015042
0 0.522689 0.219750 0.011964 0.012196
0 0.502475 0.216113 0.009089 0.015761
