0 0.624560 0.708643 0.114605 0.075864
0 0.511639 0.629633 0.059624 0.031836
3 0.623453 0.631088 0.069313 0.053758
1 0.101517 0.824987 0.055652 0.049192
0 0.044243 0.630647 0.086492 0.034155
0 0.537188 0.597478 0.050973 0.028455
1 0.435043 0.636063 0.024648 0.025739
0 0.341940 0.982034 0.219795 0.035595
0 0.898220 0.571357 0.049393 0.019146
1 0.399950 0.663363 0.024074 0.020493
0 0.546882 0.569801 0.033208 0.017988
0 0.827748 0.555137 0.037138 0.014359
0 0.455632 0.570415 0.044202 0.020507
1 0.759416 0.700818 0.035831 0.031769
0 0.164453 0.612309 0.079415 0.023351
1 0.309001 0.632840 0.017020 0.015885
0 0.519428 0.551230 0.030851 0.017885
