0 0.382671 0.912406 0.231640 0.174853
0 0.623658 0.679479 0.104938 0.064661
0 0.517352 0.616290 0.055764 0.028322
3 0.614779 0.618440 0.062275 0.048437
1 0.606856 0.820841 0.059447 0.056470
1 0.156230 0.815087 0.064356 0.054999
0 0.043814 0.630936 0.086735 0.034501
0 0.543339 0.590118 0.046419 0.025217
1 0.214558 0.746754 0.038687 0.037086
0 0.165278 0.613086 0.076895 0.023078
1 0.447868 0.621694 0.024228 0.019692
0 0.039947 0.981167 0.079298 0.037145
0 0.295123 0.574112 0.052220 0.015961
1 0.418648 0.641473 0.022342 0.020819
0 0.462988 0.566985 0.040578 0.019651
0 0.375540 0.572503 0.032875 0.018735
1 0.715029 0.668444 0.033063 0.025642
0 0.547610 0.567008 0.032995 0.017399
0 0.520781 0.548418 0.030883 0.016322
