3 0.358708 0.693164 0.277149 0.208435
2 0.256973 0.440784 0.265243 0.111267
3 0.082529 0.697216 0.163679 0.157481
2 0.443846 0.431016 0.181123 0.081827
0 0.708582 0.573289 0.146363 0.080507
0 0.547234 0.520343 0.138063 0.066179
3 0.635402 0.417510 0.076103 0.060414
0 0.556160 0.457231 0.088836 0.040326
0 0.747977 0.450842 0.076848 0.039759
0 0.958334 0.408769 0.059349 0.037102
0 0.758029 0.413052 0.063569 0.030897
3 0.966732 0.368136 0.046378 0.032846
2 0.653688 0.340550 0.049434 0.026138
0 0.607150 0.380710 0.048039 0.025412
0 0.682758 0.384573 0.050702 0.021519
0 0.759594 0.377597 0.045488 0.021914
0 0.528482 0.367533 0.047411 0.020161
0 0.681483 0.409462 0.027368 0.030675
0 0.700727 0.372585 0.038647 0.021575
0 0.586010 0.411420 0.028146 0.029492
0 0.258220 0.362305 0.037925 0.017580
0 0.343901 0.351447 0.041100 0.014991
1 0.706256 0.430583 0.022673 0.019960
0 0.727661 0.351376 0.026319 0.015657
1 0.497818 0.376875 0.018908 0.019343
