3 0.390003 0.669275 0.255903 0.193180
3 0.103486 0.697445 0.206156 0.200334
2 0.260580 0.441421 0.260567 0.111165
2 0.456264 0.428376 0.175986 0.080062
0 0.717012 0.562456 0.140009 0.076582
0 0.560887 0.513559 0.132865 0.064250
3 0.643460 0.415085 0.074821 0.059251
0 0.568455 0.453810 0.085252 0.039985
0 0.752811 0.447920 0.073495 0.039274
0 0.966770 0.412625 0.064077 0.037990
3 0.974254 0.366470 0.047766 0.041839
0 0.762951 0.411351 0.061305 0.029909
2 0.659859 0.340797 0.048820 0.026079
0 0.614790 0.379342 0.047054 0.024696
0 0.690079 0.385367 0.048694 0.021383
0 0.274756 0.361669 0.057595 0.017280
0 0.764797 0.377007 0.043925 0.022034
0 0.532284 0.368173 0.047057 0.019462
0 0.706104 0.372241 0.037927 0.021306
0 0.594787 0.409067 0.026094 0.030109
0 0.686953 0.409152 0.022927 0.027894
0 0.265187 0.361761 0.038657 0.016461
0 0.230435 0.364252 0.025720 0.020792
1 0.713766 0.428594 0.022542 0.020664
0 0.733042 0.351390 0.027184 0.016037
0 0.343019 0.352660 0.028982 0.013513
0 0.911526 0.314668 0.018127 0.014019
