0 0.122812 0.767597 0.149903 0.079653
0 0.401079 0.936952 0.259479 0.125583
0 0.520137 0.617315 0.060414 0.035456
0 0.489893 0.698910 0.110656 0.070305
1 0.277398 0.894004 0.070224 0.075208
0 0.446699 0.611895 0.059645 0.030620
0 0.147621 0.614251 0.107503 0.026563
0 0.598828 0.589839 0.048225 0.026411
0 0.043174 0.629552 0.085757 0.036915
1 0.634070 0.723006 0.035314 0.033133
1 0.217962 0.789727 0.044863 0.046798
1 0.635625 0.675187 0.029409 0.028983
1 0.701745 0.676591 0.026021 0.027679
0 0.542208 0.568011 0.033766 0.017895
0 0.896035 0.565235 0.032112 0.014250
0 0.450417 0.537195 0.032792 0.012029
0 0.290712 0.573362 0.042710 0.015519
