0 0.649643 0.614666 0.053426 0.027048
0 0.185115 0.614233 0.104600 0.023677
0 0.596412 0.579079 0.040695 0.021772
1 0.356952 0.723980 0.037625 0.034144
0 0.073190 0.632134 0.089122 0.034548
0 0.932235 0.575688 0.045050 0.018920
1 0.861104 0.757573 0.039125 0.040037
3 0.581260 0.672829 0.089567 0.071740
3 0.680376 0.880960 0.203817 0.178582
0 0.485029 0.617318 0.071183 0.041446
3 0.354008 0.605314 0.061263 0.036058
3 0.485115 0.617428 0.070077 0.041810
0 0.680328 0.880869 0.203756 0.178306
0 0.495969 0.570284 0.029156 0.015288
0 0.407616 0.572937 0.033337 0.020517
