0 0.900839 0.851933 0.140689 0.168331
0 0.157738 0.625907 0.103025 0.173764
0 0.761325 0.942160 0.144957 0.113556
3 0.655365 0.326731 0.060513 0.119686
0 0.789016 0.520872 0.062824 0.084366
0 0.664960 0.457093 0.055097 0.089422
3 0.348154 0.270297 0.037352 0.078143
0 0.557459 0.387064 0.039470 0.056519
0 0.601747 0.368298 0.031365 0.042821
0 0.359103 0.337037 0.031014 0.043154
3 0.559538 0.280652 0.023475 0.048629
0 0.585001 0.332766 0.025471 0.035418
0 0.533868 0.317675 0.024038 0.032510
0 0.406563 0.248662 0.015703 0.024782
0 0.540725 0.257438 0.014413 0.022370
0 0.430031 0.239267 0.013795 0.020794
0 0.534155 0.241402 0.013462 0.018382
0 0.513033 0.239768 0.012565 0.018674
0 0.439406 0.225951 0.010204 0.015675
