0 0.123204 0.936171 0.245203 0.127200
2 0.369004 0.576397 0.187011 0.120767
0 0.780977 0.722211 0.178924 0.076657
0 0.898104 0.644621 0.141806 0.053557
2 0.708614 0.500870 0.132586 0.051445
0 0.939590 0.573038 0.100662 0.039155
0 0.613628 0.578914 0.089939 0.037473
0 0.651463 0.558981 0.080078 0.031830
0 0.521812 0.545869 0.070434 0.031123
1 0.785677 0.663141 0.051133 0.039709
0 0.597655 0.533462 0.071378 0.026465
0 0.506333 0.529079 0.067484 0.024691
0 0.351986 0.525514 0.054408 0.029209
1 0.157511 0.636013 0.043964 0.031256
1 0.581809 0.675443 0.046361 0.029127
0 0.395974 0.502433 0.053048 0.021798
0 0.852367 0.514090 0.057317 0.019393
0 0.805398 0.504022 0.045526 0.018668
1 0.615809 0.608486 0.037388 0.021686
0 0.370164 0.490635 0.038901 0.018776
0 0.468457 0.503161 0.032134 0.022273
0 0.578950 0.493720 0.035205 0.019318
0 0.192844 0.485403 0.034513 0.018809
0 0.410393 0.483293 0.032925 0.016691
0 0.291958 0.471507 0.030318 0.014879
1 0.514822 0.571296 0.024530 0.017381
0 0.495100 0.471780 0.033462 0.012458
0 0.633270 0.476189 0.030474 0.012768
0 0.261649 0.471956 0.024297 0.015550
0 0.309034 0.456133 0.024997 0.013133
0 0.509466 0.465848 0.027589 0.011685
1 0.322374 0.500716 0.015344 0.016096
0 0.463053 0.464706 0.022747 0.009191
1 0.296825 0.494563 0.014180 0.011753
