0 0.555292 0.894783 0.360849 0.209665
0 0.344749 0.678454 0.268340 0.137686
2 0.283221 0.473850 0.291518 0.122653
3 0.239468 0.431835 0.281312 0.110493
2 0.245295 0.431650 0.278580 0.111200
0 0.356626 0.550779 0.163086 0.070757
3 0.551738 0.457644 0.113468 0.085589
0 0.712573 0.512881 0.113129 0.059714
0 0.721492 0.449089 0.085037 0.042202
0 0.978991 0.492512 0.042018 0.076601
0 0.960920 0.411648 0.072515 0.036115
0 0.629632 0.435595 0.062426 0.040088
0 0.636029 0.399156 0.064365 0.029568
2 0.623523 0.337085 0.059232 0.029923
0 0.538048 0.397750 0.057320 0.029831
0 0.733315 0.392241 0.056368 0.028161
0 0.670789 0.379382 0.048620 0.025158
1 0.642139 0.482064 0.033920 0.030743
0 0.619642 0.378535 0.038226 0.026381
0 0.223130 0.355590 0.051771 0.019102
0 0.514798 0.357560 0.047641 0.020384
0 0.982090 0.377714 0.035778 0.026453
0 0.240641 0.349469 0.044616 0.016823
0 0.701505 0.353576 0.032656 0.019562
1 0.580928 0.405472 0.027443 0.021738
0 0.752651 0.352841 0.027854 0.020154
1 0.485222 0.367581 0.018211 0.017878
