0 0.065939 0.812873 0.131641 0.096022
0 0.478334 0.723525 0.124306 0.082055
0 0.515578 0.625676 0.067984 0.037860
1 0.637654 0.754279 0.042028 0.042140
0 0.599412 0.593884 0.048666 0.026615
0 0.147031 0.614104 0.109868 0.026862
0 0.434871 0.620989 0.065252 0.033857
0 0.379152 0.989842 0.174762 0.019964
0 0.043250 0.629040 0.086124 0.037669
1 0.134741 0.858333 0.060886 0.058366
1 0.640801 0.695138 0.030054 0.031306
1 0.717720 0.699571 0.032190 0.034793
0 0.792185 0.555281 0.033398 0.014550
0 0.540605 0.571958 0.032865 0.017189
0 0.287850 0.573440 0.046992 0.015382
