3 0.111963 0.447694 0.164714 0.264195
0 0.702493 0.511599 0.065737 0.093633
0 0.603312 0.489724 0.059905 0.093076
0 0.319128 0.379295 0.038801 0.058399
0 0.549120 0.352836 0.031001 0.044990
0 0.647410 0.349042 0.030357 0.044593
0 0.579126 0.312170 0.025769 0.034029
3 0.412858 0.209488 0.016116 0.040974
0 0.365088 0.267741 0.019136 0.026096
0 0.436380 0.266541 0.018895 0.025364
0 0.406568 0.258913 0.018106 0.025963
0 0.445975 0.246689 0.016061 0.022080
0 0.424790 0.239075 0.013879 0.014726
0 0.439560 0.216320 0.010610 0.015791
