0 0.043450 0.917025 0.086690 0.112257
3 0.145352 0.864757 0.115331 0.081923
3 0.613305 0.860137 0.062808 0.139677
0 0.520155 0.852129 0.051544 0.085647
0 0.617845 0.970800 0.061784 0.056544
0 0.545027 0.777618 0.043342 0.075725
0 0.293042 0.734599 0.056436 0.055494
0 0.919847 0.755221 0.050586 0.053556
0 0.466558 0.706931 0.039387 0.059428
0 0.376079 0.731093 0.032553 0.061985
0 0.396731 0.664176 0.050198 0.034885
1 0.692037 0.974533 0.032367 0.050934
0 0.901704 0.709338 0.029708 0.046343
0 0.560317 0.656506 0.027240 0.045104
1 0.456561 0.869088 0.019671 0.053321
1 0.428478 0.924332 0.018742 0.049759
0 0.873406 0.679511 0.026010 0.028581
1 0.475710 0.771916 0.015163 0.034114
1 0.429910 0.778511 0.013574 0.036321
