0 0.651318 0.738828 0.174805 0.145397
3 0.789868 0.672177 0.164446 0.121992
2 0.882780 0.516034 0.233388 0.072525
0 0.396396 0.701620 0.137145 0.119263
0 0.064193 0.730492 0.126991 0.125537
0 0.491043 0.970227 0.228261 0.058895
2 0.860191 0.508421 0.189591 0.057846
0 0.055114 0.618078 0.109853 0.064178
3 0.617812 0.556562 0.085728 0.070680
0 0.536503 0.586772 0.090029 0.064236
3 0.618830 0.518211 0.090308 0.053645
0 0.427228 0.579192 0.079021 0.052545
3 0.257759 0.538061 0.075746 0.052580
2 0.731989 0.481587 0.097798 0.038669
3 0.792507 0.585412 0.074749 0.044845
0 0.151574 0.530188 0.091199 0.033963
2 0.144497 0.439994 0.089491 0.032412
0 0.466044 0.526656 0.065388 0.043864
0 0.880833 0.553792 0.072485 0.034838
3 0.610186 0.485413 0.071099 0.033229
2 0.609675 0.485203 0.070738 0.032700
2 0.971931 0.563083 0.055636 0.033736
1 0.847570 0.638854 0.045928 0.036207
0 0.163183 0.494260 0.066896 0.024671
0 0.245644 0.490764 0.049559 0.024526
0 0.503112 0.500342 0.047322 0.024443
0 0.314198 0.490783 0.043383 0.025965
0 0.451574 0.484219 0.037128 0.022430
0 0.426121 0.494581 0.035978 0.022064
0 0.539418 0.488964 0.034803 0.020926
0 0.341844 0.464870 0.035934 0.017211
0 0.438575 0.461734 0.032337 0.017609
0 0.275109 0.466523 0.032863 0.015851
1 0.685178 0.544703 0.023359 0.020245
0 0.042680 0.480696 0.023177 0.018123
