0 0.047175 0.921889 0.092287 0.106509
0 0.151267 0.868218 0.117531 0.083048
0 0.538602 0.932051 0.072721 0.124872
0 0.545403 0.804478 0.052926 0.087899
0 0.902881 0.795472 0.062613 0.069362
2 0.176103 0.809606 0.058388 0.073883
0 0.401730 0.846802 0.050842 0.080875
0 0.296085 0.739323 0.043644 0.053766
0 0.902658 0.725948 0.041223 0.053726
0 0.551826 0.728666 0.035714 0.060682
0 0.381300 0.735075 0.036308 0.057817
0 0.515701 0.713977 0.033669 0.054110
0 0.598335 0.695958 0.032299 0.055117
0 0.975683 0.770333 0.030823 0.053414
1 0.450564 0.971622 0.023546 0.056115
1 0.624478 0.798338 0.018598 0.050510
1 0.454821 0.823311 0.020564 0.043747
1 0.600507 0.790089 0.015476 0.041651
1 0.624503 0.804752 0.016770 0.037915
0 0.454698 0.681985 0.015104 0.033665
