0 0.496517 0.667823 0.090022 0.052378
0 0.379470 0.669893 0.091502 0.053445
0 0.395844 0.891586 0.219565 0.176059
0 0.604516 0.613543 0.058508 0.034731
0 0.536090 0.583435 0.037913 0.019637
0 0.043550 0.629399 0.086016 0.036664
0 0.981827 0.595178 0.036224 0.024229
0 0.817474 0.567081 0.035762 0.016816
1 0.240603 0.668396 0.027805 0.023284
0 0.146359 0.613581 0.103181 0.025134
0 0.558594 0.570122 0.032091 0.019581
0 0.485840 0.551474 0.034567 0.016309
1 0.416083 0.642681 0.021407 0.018996
1 0.523889 0.628008 0.021928 0.022464
1 0.837876 0.909328 0.066486 0.073509
0 0.290655 0.573806 0.058738 0.016328
