2 0.303673 0.609774 0.308920 0.152848
0 0.112354 0.940854 0.224708 0.117785
0 0.902743 0.822140 0.194389 0.109945
2 0.640043 0.498201 0.108011 0.045177
0 0.657028 0.611078 0.107746 0.042638
0 0.720496 0.595712 0.101562 0.038687
1 0.899761 0.725682 0.071881 0.052302
0 0.540204 0.567235 0.087044 0.035963
0 0.644024 0.559973 0.085345 0.031642
1 0.664014 0.727495 0.059932 0.044997
0 0.782643 0.550540 0.076049 0.032881
3 0.904746 0.547699 0.065161 0.037482
0 0.976412 0.700157 0.046707 0.044115
1 0.666212 0.732939 0.054876 0.034074
0 0.531432 0.546428 0.076355 0.024055
0 0.835677 0.521645 0.058188 0.020128
0 0.395873 0.514349 0.049793 0.022742
0 0.788114 0.511894 0.045277 0.018001
0 0.469468 0.522672 0.034202 0.023293
0 0.362811 0.503538 0.042181 0.018454
0 0.718173 0.503860 0.048207 0.015471
1 0.011478 0.683192 0.022059 0.032545
0 0.174463 0.492957 0.037081 0.018969
0 0.408539 0.496405 0.037131 0.017876
2 0.366417 0.482483 0.029059 0.021257
1 0.546184 0.604659 0.027236 0.020830
0 0.323944 0.499253 0.031842 0.015916
0 0.285680 0.481703 0.028950 0.015839
0 0.459102 0.474867 0.027708 0.013948
0 0.216692 0.470760 0.031669 0.012045
0 0.299857 0.467342 0.025766 0.013893
1 0.374905 0.525364 0.017877 0.015951
1 0.168604 0.526199 0.020171 0.013911
0 0.476087 0.468517 0.023442 0.011794
1 0.321682 0.517132 0.017504 0.015261
1 0.290483 0.508192 0.014166 0.013341
1 0.321420 0.519170 0.016138 0.011474
