0 0.106607 0.676608 0.107086 0.149880
0 0.418202 0.324265 0.027620 0.039377
0 0.609132 0.362050 0.035114 0.051233
0 0.714586 0.558363 0.065869 0.099127
0 0.551703 0.352639 0.032392 0.051465
0 0.332441 0.305099 0.024834 0.033632
0 0.379273 0.298540 0.023276 0.035312
0 0.606849 0.304698 0.022472 0.032033
0 0.530365 0.299063 0.020630 0.031119
0 0.432624 0.285531 0.022878 0.033099
0 0.412218 0.257691 0.018555 0.029456
0 0.557146 0.280491 0.019086 0.025570
3 0.404832 0.223055 0.020216 0.045547
0 0.433684 0.233552 0.012652 0.017803
