0 0.886801 0.630673 0.089135 0.115006
3 0.678903 0.347446 0.070634 0.137065
0 0.725395 0.550508 0.074955 0.119614
0 0.264748 0.476289 0.063914 0.109397
0 0.582210 0.457960 0.054222 0.076711
3 0.359366 0.260160 0.033968 0.071981
0 0.623950 0.410335 0.038578 0.050538
3 0.569719 0.295552 0.026973 0.054270
0 0.602484 0.362987 0.030737 0.041704
0 0.544349 0.347790 0.029725 0.040513
0 0.378649 0.311238 0.026892 0.035730
0 0.546119 0.266896 0.015967 0.023881
0 0.409951 0.239952 0.014133 0.025515
0 0.515102 0.245570 0.014267 0.021344
0 0.538918 0.248044 0.014781 0.020444
0 0.409802 0.243612 0.013568 0.018291
0 0.552080 0.243545 0.012003 0.018306
0 0.434082 0.236363 0.012613 0.015813
0 0.509601 0.233412 0.010660 0.015479
