0 0.253685 0.466305 0.059514 0.101216
0 0.596625 0.468659 0.057092 0.091877
0 0.691708 0.505050 0.056339 0.076766
0 0.325042 0.373855 0.040314 0.073425
0 0.695178 0.402062 0.037499 0.054734
0 0.608930 0.367387 0.034117 0.050098
0 0.561369 0.376348 0.035374 0.047687
3 0.569133 0.244536 0.024844 0.055388
0 0.426303 0.337217 0.028901 0.040698
0 0.384668 0.296012 0.021797 0.031150
0 0.529601 0.298255 0.021435 0.029131
2 0.415826 0.217750 0.016243 0.037874
0 0.586164 0.282695 0.018441 0.027749
0 0.442585 0.280137 0.017980 0.027802
0 0.554273 0.280137 0.017999 0.025320
0 0.449329 0.263997 0.017166 0.024694
0 0.541394 0.255826 0.015250 0.026462
0 0.518748 0.263703 0.015480 0.020440
