2 0.133687 0.688709 0.267374 0.170857
0 0.945732 0.755829 0.108174 0.079259
0 0.923194 0.652602 0.153453 0.054400
3 0.536006 0.638029 0.108855 0.066763
0 0.710703 0.636077 0.136521 0.052303
1 0.833094 0.756897 0.083518 0.060981
0 0.679964 0.597357 0.108059 0.035696
3 0.572260 0.624119 0.071692 0.049033
2 0.547473 0.486803 0.076263 0.036374
1 0.774573 0.697802 0.058965 0.038263
0 0.559166 0.573975 0.057769 0.036771
2 0.971846 0.574029 0.056105 0.032492
0 0.436463 0.539650 0.060363 0.028163
0 0.685487 0.533547 0.058994 0.025541
3 0.715409 0.515895 0.044930 0.029754
0 0.831952 0.526198 0.058455 0.019577
0 0.383488 0.520831 0.048724 0.022773
3 0.406781 0.502235 0.036724 0.026523
0 0.449902 0.517624 0.046037 0.020623
0 0.588674 0.510785 0.043258 0.020588
0 0.785469 0.516403 0.045155 0.018290
0 0.367239 0.509328 0.038638 0.017987
3 0.257458 0.490253 0.029586 0.022643
0 0.302939 0.495624 0.034461 0.019291
0 0.174151 0.498606 0.031151 0.019017
0 0.294255 0.503371 0.027817 0.019409
0 0.450174 0.480010 0.033987 0.013906
1 0.188037 0.538139 0.023830 0.018818
0 0.211640 0.469116 0.029920 0.014984
1 0.404373 0.565111 0.021937 0.020417
0 0.306890 0.483057 0.028183 0.014163
0 0.387131 0.483704 0.029503 0.011981
1 0.514657 0.560409 0.020850 0.016287
1 0.334279 0.529315 0.016981 0.017843
0 0.297118 0.470172 0.025107 0.011611
1 0.381279 0.554000 0.018257 0.014447
1 0.303669 0.525465 0.018253 0.012895
