0 0.043558 0.916842 0.086896 0.111880
0 0.612636 0.932516 0.073542 0.130005
3 0.144791 0.862079 0.112649 0.082109
3 0.605720 0.809970 0.050074 0.115164
3 0.168974 0.803848 0.058573 0.071555
0 0.528034 0.806088 0.047058 0.072727
0 0.551803 0.748684 0.039508 0.067048
0 0.287595 0.734750 0.047410 0.054563
0 0.752503 0.724252 0.043117 0.057728
0 0.375758 0.727534 0.033547 0.062768
0 0.381323 0.661373 0.053231 0.038534
0 0.477088 0.686442 0.035381 0.054253
0 0.594365 0.694957 0.033418 0.053057
0 0.794545 0.690333 0.035387 0.047758
0 0.965790 0.767550 0.025749 0.060724
0 0.439592 0.625350 0.036134 0.042861
0 0.552152 0.690284 0.029776 0.048180
0 0.875008 0.683264 0.033913 0.034996
0 0.561722 0.640316 0.025246 0.044385
1 0.475506 0.808237 0.018518 0.051401
0 0.592495 0.627722 0.025014 0.037809
1 0.452187 0.851147 0.018197 0.044753
0 0.993287 0.757137 0.013030 0.042677
1 0.443299 0.752746 0.011809 0.030289
