2 0.224985 0.637595 0.418085 0.168425
0 0.106469 0.943104 0.210556 0.112965
0 0.700938 0.635870 0.125073 0.050284
0 0.787234 0.626006 0.120893 0.045886
0 0.966370 0.886675 0.067166 0.075576
0 0.413611 0.568660 0.113506 0.041072
2 0.600075 0.495943 0.097212 0.042083
0 0.908153 0.583486 0.099865 0.039148
1 0.730962 0.774471 0.068430 0.052618
0 0.557568 0.581148 0.094128 0.037521
0 0.685454 0.579332 0.097196 0.035617
1 0.732087 0.781936 0.066445 0.037694
0 0.548428 0.558503 0.085013 0.025267
1 0.722627 0.683455 0.052020 0.037522
3 0.831551 0.540087 0.058646 0.033069
0 0.703860 0.537793 0.063708 0.028160
0 0.393265 0.521587 0.050431 0.023314
1 0.724928 0.688195 0.038913 0.028645
0 0.472825 0.534073 0.038560 0.026639
0 0.822321 0.522894 0.057966 0.016470
1 0.985902 0.776047 0.027083 0.034274
0 0.357466 0.509160 0.044910 0.019296
1 0.573285 0.631334 0.036484 0.023724
0 0.775248 0.514807 0.046179 0.018141
0 0.406095 0.502955 0.040231 0.018264
2 0.364427 0.489243 0.032002 0.022741
3 0.364786 0.489239 0.030839 0.022803
0 0.708733 0.507395 0.042337 0.015625
0 0.163793 0.495649 0.032544 0.018427
3 0.247752 0.478880 0.030357 0.019468
0 0.490456 0.488975 0.034970 0.016333
0 0.311792 0.504634 0.033636 0.016420
0 0.339926 0.496196 0.032431 0.014629
0 0.212415 0.474153 0.031420 0.014712
0 0.280173 0.487179 0.027123 0.015629
0 0.656241 0.508016 0.022906 0.014981
0 0.291559 0.472007 0.025687 0.012862
1 0.371404 0.536830 0.019764 0.016355
1 0.322678 0.526847 0.017348 0.015494
0 0.187577 0.463978 0.024764 0.010815
1 0.161984 0.531562 0.018815 0.013995
1 0.288106 0.517362 0.015357 0.010522
