0 0.489387 0.674317 0.092068 0.057821
0 0.403655 0.849675 0.162468 0.116273
0 0.373272 0.610298 0.069325 0.033326
3 0.671687 0.778998 0.141612 0.140083
0 0.041091 0.632744 0.081656 0.034268
0 0.582724 0.605436 0.053686 0.031671
0 0.527609 0.593737 0.044995 0.026897
0 0.646408 0.588721 0.050872 0.024575
1 0.791582 0.716687 0.037796 0.031633
1 0.628877 0.626778 0.023603 0.018194
1 0.392343 0.660679 0.022383 0.021731
1 0.312577 0.700981 0.031893 0.027943
1 0.693893 0.642751 0.024919 0.023388
0 0.541285 0.574658 0.038961 0.020449
0 0.156473 0.613958 0.063552 0.022888
0 0.898322 0.577127 0.037945 0.015796
0 0.492704 0.573270 0.041921 0.023788
