0 0.845278 0.756950 0.116726 0.139552
0 0.400666 0.282144 0.019776 0.031550
0 0.431543 0.314885 0.025172 0.038098
0 0.357616 0.345903 0.031865 0.044622
0 0.519115 0.263177 0.016246 0.023049
0 0.598418 0.354082 0.029128 0.043580
3 0.572800 0.256324 0.024834 0.043190
0 0.545940 0.264218 0.015152 0.021957
0 0.423504 0.258176 0.015733 0.023973
3 0.557350 0.230934 0.020761 0.044132
0 0.455185 0.257277 0.015381 0.019657
2 0.411752 0.221366 0.017657 0.045287
0 0.534009 0.246031 0.012336 0.017543
3 0.411733 0.221271 0.017637 0.044671
