2 0.173562 0.675925 0.346363 0.189807
3 0.106887 0.944058 0.212653 0.111326
0 0.860716 0.702197 0.177942 0.064686
0 0.820699 0.621370 0.133424 0.046702
0 0.954796 0.700922 0.090408 0.065500
1 0.963916 0.913091 0.071963 0.074241
3 0.467631 0.609525 0.092175 0.057862
0 0.636396 0.610738 0.116734 0.045674
1 0.932287 0.791615 0.089211 0.058693
0 0.622587 0.580133 0.098075 0.028957
1 0.705201 0.699295 0.061151 0.043331
3 0.515822 0.602180 0.057880 0.043246
2 0.565740 0.488974 0.064729 0.035769
0 0.735836 0.546317 0.068243 0.029355
0 0.516718 0.557440 0.046833 0.031838
0 0.413137 0.531832 0.055968 0.025890
1 0.676908 0.660131 0.044473 0.029752
0 0.821998 0.525051 0.058239 0.019260
0 0.613087 0.517939 0.048443 0.022824
0 0.365548 0.515273 0.047104 0.020863
0 0.427275 0.511504 0.043617 0.020626
2 0.385963 0.496664 0.034167 0.025518
0 0.777281 0.515053 0.041961 0.018430
0 0.312848 0.512552 0.038174 0.019474
0 0.703041 0.507206 0.042229 0.015423
0 0.286634 0.491611 0.035899 0.017946
0 0.161674 0.496778 0.034310 0.018643
3 0.245397 0.486540 0.029283 0.020071
0 0.276675 0.497826 0.028298 0.018809
0 0.349628 0.505448 0.035197 0.014670
0 0.455622 0.481701 0.034494 0.014171
0 0.223709 0.479157 0.025736 0.016181
1 0.170151 0.535030 0.021737 0.018223
1 0.386974 0.554213 0.020476 0.016951
1 0.481913 0.548364 0.020146 0.014539
0 0.283889 0.466131 0.022539 0.011448
1 0.353523 0.543872 0.017932 0.012994
1 0.282189 0.518673 0.017533 0.013196
1 0.312214 0.525519 0.017145 0.013099
