0 0.676973 0.654317 0.075014 0.040093
0 0.424846 0.673798 0.108157 0.065525
0 0.076548 0.632015 0.093118 0.035053
0 0.586084 0.600487 0.050667 0.030307
0 0.476088 0.585234 0.037959 0.018498
3 0.384931 0.624024 0.078736 0.049899
3 0.297036 0.631312 0.080143 0.047088
0 0.582173 0.577756 0.039578 0.019724
3 0.595642 0.772802 0.141197 0.133143
1 0.490925 0.625979 0.017991 0.018690
1 0.524746 0.598851 0.018681 0.018664
0 0.187982 0.613627 0.101652 0.023595
0 0.411030 0.574201 0.033921 0.017804
0 0.623386 0.552219 0.030294 0.015118
0 0.557033 0.554464 0.026289 0.014527
0 0.586357 0.558250 0.030820 0.016501
