0 0.625045 0.712738 0.115481 0.077612
0 0.510385 0.631426 0.062060 0.032390
1 0.082270 0.837892 0.060581 0.052072
0 0.044348 0.630628 0.086651 0.034178
0 0.536330 0.598446 0.050186 0.028794
3 0.625297 0.632901 0.071610 0.054182
0 0.896625 0.570856 0.050695 0.019979
0 0.826483 0.555065 0.038952 0.014166
0 0.546772 0.570542 0.033929 0.018198
1 0.397289 0.666322 0.024449 0.022922
0 0.454145 0.570366 0.043079 0.021998
1 0.763936 0.705361 0.039908 0.034036
1 0.433488 0.639874 0.024184 0.022870
0 0.167804 0.612178 0.071666 0.023236
0 0.519500 0.551478 0.031239 0.018063
0 0.592703 0.573257 0.041328 0.019341
