0 0.927324 0.903514 0.143216 0.184257
0 0.781489 0.505759 0.061918 0.085742
0 0.352367 0.538118 0.063005 0.097078
0 0.429219 0.314598 0.024144 0.033776
0 0.343762 0.353006 0.031754 0.043751
0 0.601603 0.364805 0.031199 0.043840
0 0.415404 0.353425 0.030841 0.045291
0 0.549688 0.342511 0.033240 0.050509
0 0.174263 0.583761 0.085358 0.126646
3 0.559822 0.235865 0.020747 0.047713
0 0.576147 0.312996 0.023713 0.035766
0 0.637202 0.336048 0.025882 0.037560
0 0.436128 0.291465 0.021142 0.029141
0 0.572000 0.266536 0.015211 0.023379
0 0.535235 0.305575 0.023505 0.031155
0 0.518781 0.266989 0.015941 0.021166
0 0.444390 0.264432 0.016224 0.025600
0 0.421426 0.246160 0.014001 0.017757
2 0.406442 0.224267 0.019218 0.043315
0 0.177699 0.511059 0.053192 0.047401
