0 0.693097 0.766829 0.105339 0.151031
0 0.221971 0.529993 0.069605 0.103541
3 0.297432 0.311988 0.057806 0.109895
3 0.609025 0.283739 0.040370 0.086974
0 0.636143 0.420699 0.042745 0.057266
0 0.565640 0.399299 0.039781 0.053643
0 0.657494 0.371858 0.034204 0.049133
0 0.586840 0.331638 0.029136 0.050179
0 0.526934 0.292858 0.022087 0.032779
3 0.598250 0.221919 0.021247 0.031382
0 0.393078 0.275635 0.019404 0.034268
0 0.565429 0.296843 0.020045 0.027910
3 0.541429 0.251428 0.016354 0.033243
0 0.560279 0.281557 0.016937 0.023125
0 0.521062 0.266818 0.015886 0.022573
0 0.413293 0.263333 0.017227 0.020654
3 0.429222 0.204874 0.012500 0.026677
0 0.428472 0.240428 0.012226 0.017475
