3 0.889188 0.654117 0.221283 0.199873
0 0.691802 0.704920 0.192855 0.132003
0 0.395889 0.698439 0.117636 0.112259
0 0.688824 0.619452 0.135463 0.074695
2 0.833789 0.489989 0.178188 0.053407
0 0.492266 0.619540 0.109069 0.081655
3 0.552447 0.566578 0.089932 0.081228
2 0.952803 0.511164 0.093365 0.054467
0 0.117714 0.544554 0.094128 0.038353
2 0.705193 0.468378 0.089704 0.036191
0 0.745853 0.536355 0.090494 0.034711
2 0.107110 0.447032 0.093543 0.033432
0 0.225687 0.536945 0.072381 0.042591
0 0.413416 0.523315 0.061989 0.045657
0 0.021203 0.747857 0.041265 0.063753
3 0.059292 0.476797 0.070310 0.033522
0 0.689616 0.498323 0.075417 0.028198
0 0.502995 0.525213 0.058782 0.034630
0 0.509830 0.499567 0.050626 0.032975
0 0.978246 0.551925 0.042980 0.033043
0 0.600356 0.484114 0.049623 0.024742
0 0.423446 0.495544 0.042484 0.023035
0 0.470664 0.479895 0.040152 0.019841
0 0.257876 0.474549 0.039985 0.019357
0 0.528345 0.479849 0.037598 0.019180
1 0.611223 0.531685 0.022744 0.025988
0 0.317118 0.459320 0.033104 0.016891
0 0.238963 0.453613 0.035895 0.012250
1 0.458298 0.525771 0.022177 0.019492
1 0.611033 0.535827 0.021798 0.019406
0 0.587286 0.459432 0.029175 0.014146
0 0.463639 0.462101 0.027127 0.014254
0 0.340874 0.449190 0.023528 0.011006
