0 0.105764 0.659775 0.112562 0.183753
0 0.895908 0.634023 0.093892 0.126087
0 0.262711 0.453117 0.056400 0.106181
0 0.397387 0.415533 0.041748 0.061013
0 0.563115 0.379756 0.038686 0.062567
0 0.628814 0.406980 0.039496 0.053558
0 0.657191 0.357626 0.029613 0.044767
3 0.563953 0.237986 0.021370 0.051462
0 0.587137 0.332394 0.027315 0.038278
0 0.543637 0.328297 0.027578 0.037515
0 0.364464 0.322776 0.026844 0.037265
0 0.430167 0.311985 0.022252 0.034611
3 0.410922 0.224300 0.017251 0.033083
0 0.439459 0.288055 0.019224 0.028748
0 0.522219 0.277775 0.017957 0.024275
0 0.577626 0.272356 0.016978 0.024756
0 0.515675 0.251903 0.013264 0.018621
0 0.428899 0.240166 0.013267 0.012956
