2 0.349822 0.589393 0.233139 0.134415
0 0.119612 0.938044 0.237695 0.123502
2 0.119588 0.938136 0.237823 0.123268
0 0.836321 0.760059 0.205803 0.087321
0 0.937253 0.668459 0.125494 0.058978
2 0.678861 0.499522 0.124586 0.048036
0 0.629423 0.591613 0.095635 0.039601
0 0.868735 0.562210 0.087433 0.035176
0 0.677916 0.573011 0.089039 0.033949
1 0.827486 0.685272 0.057608 0.047097
0 0.529683 0.554197 0.076991 0.032555
3 0.970745 0.553990 0.058510 0.041010
0 0.615092 0.543305 0.076232 0.028315
1 0.098808 0.655616 0.055169 0.037886
0 0.516808 0.535333 0.070696 0.022816
1 0.615075 0.697595 0.050044 0.031652
0 0.847157 0.517108 0.058149 0.020036
0 0.398792 0.506872 0.046115 0.022470
1 0.637423 0.623775 0.036110 0.023871
0 0.799416 0.507506 0.045166 0.018219
0 0.368974 0.496413 0.040071 0.018567
0 0.185535 0.488353 0.037056 0.019185
0 0.469869 0.512462 0.031379 0.020577
0 0.410392 0.488618 0.035405 0.017001
1 0.643035 0.624325 0.024871 0.022433
1 0.526821 0.583684 0.027160 0.020387
1 0.500440 0.570177 0.026348 0.019197
0 0.289984 0.475795 0.030987 0.015435
3 0.261155 0.476964 0.025432 0.015946
0 0.479805 0.473092 0.031447 0.012674
0 0.219738 0.464110 0.029122 0.012666
0 0.563871 0.493878 0.019307 0.016077
0 0.496149 0.467247 0.025523 0.011521
0 0.305237 0.461264 0.024431 0.011535
1 0.322060 0.506872 0.016414 0.016884
0 0.740858 0.514913 0.017754 0.010947
1 0.293314 0.500415 0.015438 0.012287
0 0.295803 0.452448 0.018467 0.009276
