0 0.186533 0.614460 0.100966 0.023887
0 0.076171 0.632502 0.094921 0.033884
0 0.649293 0.612922 0.050015 0.021198
0 0.489665 0.613458 0.066983 0.038955
0 0.598309 0.576474 0.040516 0.021789
1 0.843983 0.743394 0.035564 0.034064
0 0.935019 0.576774 0.043099 0.018502
0 0.676222 0.841596 0.181909 0.154072
1 0.378880 0.705247 0.033559 0.032950
3 0.675685 0.841583 0.181760 0.153929
3 0.358945 0.603822 0.058669 0.033678
3 0.579041 0.664038 0.085365 0.067504
3 0.449786 0.585809 0.053663 0.031227
1 0.165419 0.653450 0.021896 0.020516
0 0.499157 0.568399 0.036057 0.015142
0 0.449915 0.585463 0.052907 0.031358
0 0.407082 0.572617 0.033767 0.021089
