2 0.261944 0.625493 0.365768 0.161903
3 0.108653 0.942344 0.216051 0.114823
0 0.934833 0.871407 0.130259 0.120864
0 0.679195 0.625099 0.117370 0.045798
0 0.755121 0.611922 0.110973 0.042480
2 0.616541 0.497481 0.102408 0.044049
1 0.958490 0.757632 0.078905 0.055434
0 0.957811 0.594115 0.084378 0.042112
0 0.549262 0.575493 0.089883 0.036857
0 0.665375 0.570594 0.091174 0.034066
1 0.700836 0.759501 0.059792 0.036472
3 0.862156 0.543130 0.060691 0.035890
0 0.541297 0.553796 0.079246 0.025842
0 0.735996 0.543097 0.067875 0.029741
1 0.696481 0.667947 0.045950 0.032245
0 0.392391 0.518633 0.052931 0.023431
0 0.826273 0.523391 0.056578 0.019307
0 0.470334 0.529207 0.035693 0.024974
0 0.779862 0.513817 0.046140 0.018104
0 0.358997 0.506886 0.042052 0.018576
0 0.406926 0.500196 0.038538 0.018246
1 0.560044 0.618955 0.031578 0.021836
0 0.168033 0.494615 0.034097 0.018550
0 0.344138 0.496753 0.031603 0.017871
0 0.316253 0.502013 0.031981 0.017136
0 0.502668 0.489704 0.035281 0.015494
0 0.717123 0.507071 0.035400 0.014154
0 0.282102 0.484874 0.028403 0.016831
0 0.214009 0.472988 0.031338 0.013743
0 0.259488 0.487397 0.025145 0.016385
0 0.293708 0.468857 0.026920 0.014685
1 0.164769 0.527632 0.020820 0.017924
0 0.444508 0.475130 0.028446 0.013007
1 0.372540 0.531713 0.018261 0.018969
0 0.674535 0.510816 0.021812 0.012927
1 0.321110 0.524217 0.016502 0.012591
0 0.281950 0.460376 0.019342 0.009748
1 0.288243 0.513372 0.014445 0.011902
