3 0.166617 0.421532 0.119620 0.189033
0 0.647864 0.628514 0.078263 0.117665
0 0.694255 0.502267 0.057725 0.083880
0 0.554042 0.370095 0.033193 0.047197
3 0.582929 0.260113 0.028849 0.066530
0 0.607508 0.311973 0.023386 0.033523
0 0.577092 0.319337 0.024723 0.032895
0 0.409167 0.264475 0.016425 0.023448
0 0.529089 0.298793 0.021646 0.029302
0 0.851405 0.577621 0.073421 0.102259
0 0.446798 0.272920 0.017378 0.025490
0 0.352727 0.337234 0.031758 0.055321
0 0.554859 0.280809 0.019420 0.033588
3 0.531064 0.231383 0.012833 0.033353
0 0.513287 0.253826 0.015134 0.022662
3 0.423064 0.212591 0.014364 0.035070
0 0.537925 0.261166 0.014623 0.020903
0 0.382345 0.300701 0.025503 0.048042
3 0.382356 0.300457 0.025368 0.047605
