2 0.230720 0.635866 0.409741 0.167081
0 0.105160 0.942961 0.207890 0.113304
0 0.961105 0.883615 0.077345 0.080035
0 0.696891 0.634601 0.124782 0.048166
0 0.782142 0.623857 0.119438 0.045205
0 0.412773 0.567747 0.112831 0.040602
2 0.602061 0.496242 0.098967 0.042153
0 0.914432 0.585386 0.103599 0.039986
0 0.682635 0.577877 0.097923 0.035872
0 0.556271 0.580011 0.093206 0.036954
1 0.727853 0.778940 0.064419 0.036239
0 0.547468 0.558065 0.084234 0.025335
1 0.719260 0.679275 0.051767 0.040907
3 0.836342 0.540570 0.058296 0.032797
0 0.708041 0.538473 0.063455 0.028110
1 0.981935 0.770495 0.035486 0.039677
0 0.393474 0.521077 0.050602 0.023258
0 0.472576 0.533326 0.038339 0.026421
0 0.822876 0.523139 0.057737 0.016603
0 0.356722 0.508356 0.046181 0.019981
1 0.572070 0.629422 0.036650 0.023907
0 0.776117 0.514859 0.046431 0.018280
0 0.406372 0.502675 0.039908 0.017904
2 0.365437 0.488999 0.030348 0.022686
3 0.365567 0.488825 0.030155 0.022806
0 0.710084 0.507360 0.041427 0.015457
0 0.163392 0.495604 0.034856 0.018143
3 0.248756 0.478509 0.031139 0.019356
0 0.312702 0.504289 0.034724 0.016975
0 0.491046 0.488783 0.036402 0.016116
0 0.340704 0.496488 0.033546 0.016171
0 0.212828 0.474268 0.030743 0.014066
1 0.161703 0.527392 0.020263 0.021097
0 0.280320 0.486893 0.026989 0.015838
0 0.259410 0.489686 0.025897 0.015824
0 0.658349 0.508274 0.022882 0.015189
0 0.291909 0.470469 0.024465 0.014140
1 0.371554 0.537436 0.019448 0.015034
1 0.162433 0.531235 0.018821 0.014169
1 0.322494 0.526672 0.017399 0.014673
0 0.188255 0.464025 0.023693 0.010061
1 0.288649 0.515831 0.016263 0.012238
1 0.287848 0.517348 0.015857 0.009398
