0 0.700098 0.728308 0.114203 0.066079
3 0.194138 0.707170 0.155496 0.090568
0 0.050328 0.631560 0.095893 0.034781
0 0.409583 0.605470 0.048809 0.024996
0 0.547546 0.593327 0.049359 0.025873
3 0.231241 0.829149 0.226064 0.158070
0 0.160140 0.614682 0.104130 0.025268
0 0.554184 0.570285 0.036875 0.018674
1 0.314460 0.708167 0.038523 0.033670
0 0.543538 0.633980 0.071174 0.042063
1 0.336598 0.649181 0.027071 0.026367
1 0.420514 0.674461 0.028987 0.027277
0 0.905481 0.570951 0.043177 0.015793
0 0.914107 0.595006 0.048094 0.022461
0 0.520097 0.566486 0.032147 0.017015
0 0.600370 0.560565 0.032756 0.017210
1 0.458097 0.639945 0.025955 0.026795
0 0.968738 0.585092 0.057567 0.018115
