0 0.378625 0.913216 0.243866 0.173259
0 0.494649 0.674825 0.093816 0.057083
0 0.370994 0.677872 0.094820 0.055942
0 0.606747 0.616348 0.061437 0.036274
0 0.981227 0.593653 0.037224 0.023266
0 0.535209 0.585049 0.038432 0.019364
0 0.043691 0.629155 0.086370 0.037075
1 0.225811 0.676092 0.029990 0.025014
0 0.813876 0.565971 0.032828 0.016496
0 0.558723 0.570902 0.032416 0.019072
0 0.147602 0.613596 0.105955 0.025198
0 0.485596 0.552354 0.034997 0.016701
0 0.893039 0.570267 0.033121 0.012098
1 0.524111 0.632480 0.022794 0.023469
0 0.808210 0.544307 0.023941 0.013005
