0 0.673166 0.650228 0.074598 0.038245
0 0.586339 0.598178 0.049540 0.027868
0 0.075965 0.631903 0.093225 0.034771
0 0.476805 0.583936 0.040028 0.018427
1 0.494016 0.621403 0.020848 0.020592
0 0.431740 0.667322 0.103645 0.062793
3 0.302867 0.629497 0.079417 0.045011
3 0.389595 0.619363 0.074913 0.047107
0 0.188556 0.613771 0.098992 0.023394
3 0.594406 0.760848 0.134651 0.125901
0 0.594370 0.761023 0.135069 0.127169
0 0.556956 0.553045 0.026818 0.014683
0 0.622918 0.551642 0.029741 0.013896
0 0.585186 0.557659 0.030645 0.016066
0 0.584124 0.578900 0.044752 0.017260
0 0.844926 0.551504 0.027733 0.014379
