3 0.075429 0.505700 0.150523 0.255727
0 0.685085 0.702642 0.104349 0.173965
0 0.594763 0.473058 0.050475 0.071958
0 0.858726 0.766249 0.107200 0.144305
3 0.576555 0.254138 0.026505 0.060531
0 0.645685 0.427501 0.044467 0.063155
0 0.761489 0.478164 0.051318 0.073931
0 0.540454 0.332324 0.026396 0.037074
0 0.400320 0.277526 0.018679 0.026668
0 0.441229 0.295234 0.020941 0.029304
0 0.565878 0.301918 0.021470 0.026514
0 0.596893 0.298528 0.020968 0.030658
3 0.322840 0.377445 0.040159 0.066951
0 0.451045 0.260190 0.014229 0.021377
0 0.364236 0.326132 0.029940 0.055918
0 0.524033 0.283425 0.018438 0.022920
0 0.322703 0.377129 0.039882 0.067752
0 0.442100 0.229796 0.009465 0.009808
