0 0.485431 0.687528 0.089806 0.051067
0 0.640969 0.865164 0.198186 0.159162
3 0.644136 0.679388 0.091548 0.078137
0 0.521612 0.623091 0.068272 0.038012
0 0.972776 0.891411 0.053928 0.093908
0 0.044134 0.630592 0.087268 0.034610
1 0.176409 0.705287 0.032617 0.028128
0 0.427834 0.584427 0.053522 0.025553
1 0.376335 0.712974 0.033110 0.033345
0 0.594054 0.583579 0.044230 0.026134
0 0.967357 0.585384 0.065286 0.026676
1 0.674175 0.624570 0.021640 0.017833
0 0.541599 0.580634 0.038179 0.018699
1 0.299874 0.773266 0.041676 0.037248
0 0.619119 0.572606 0.041146 0.018985
0 0.874704 0.564118 0.040889 0.016159
0 0.596509 0.554181 0.029924 0.016794
1 0.418777 0.628525 0.024101 0.016747
0 0.806995 0.548331 0.023633 0.013242
