0 0.711495 0.879832 0.312747 0.239138
3 0.833585 0.723375 0.246775 0.199226
0 0.382942 0.763066 0.166240 0.168087
3 0.737238 0.584630 0.193887 0.114120
0 0.509687 0.618636 0.128040 0.102081
2 0.818222 0.480885 0.176748 0.055539
2 0.657090 0.511467 0.125094 0.078210
2 0.693200 0.457059 0.092549 0.039204
0 0.188384 0.512302 0.085643 0.040465
0 0.507209 0.526174 0.072700 0.043841
2 0.092391 0.421611 0.093786 0.033351
0 0.063831 0.488659 0.083791 0.029395
0 0.481743 0.485611 0.051262 0.045207
0 0.551355 0.508356 0.064185 0.035429
0 0.379893 0.521759 0.054399 0.039891
0 0.422869 0.497428 0.055576 0.034456
0 0.396453 0.463070 0.041205 0.024829
0 0.184084 0.452649 0.047288 0.020340
2 0.317281 0.437660 0.033251 0.028249
0 0.240176 0.462418 0.042038 0.021826
0 0.293723 0.465840 0.039806 0.019692
0 0.572617 0.467611 0.041700 0.018008
0 0.580564 0.458418 0.037529 0.017855
0 0.526623 0.450171 0.032277 0.019018
0 0.442506 0.441371 0.028263 0.015297
0 0.246138 0.430794 0.032966 0.012624
0 0.577459 0.445412 0.030690 0.012151
0 0.480183 0.439205 0.023147 0.012563
0 0.004988 0.617023 0.009618 0.029304
0 0.261381 0.479571 0.020904 0.013292
0 0.283629 0.433097 0.016901 0.014133
