0 0.677408 0.733152 0.100841 0.140127
0 0.664954 0.462380 0.047380 0.062117
3 0.637955 0.322973 0.053531 0.084843
3 0.593927 0.265641 0.033823 0.070450
0 0.328792 0.327443 0.026963 0.036121
0 0.591777 0.345243 0.027980 0.038831
0 0.443630 0.279608 0.018428 0.027337
0 0.397902 0.308722 0.026469 0.033478
0 0.538965 0.312645 0.024973 0.034870
0 0.403754 0.278427 0.017744 0.025794
0 0.432977 0.240634 0.012557 0.019867
0 0.450745 0.255684 0.015162 0.021779
0 0.463626 0.228084 0.010760 0.010529
0 0.444337 0.225816 0.012651 0.018682
3 0.428741 0.205631 0.012220 0.032337
