0 0.772742 0.917241 0.163964 0.161222
3 0.775082 0.608576 0.095067 0.147986
0 0.335845 0.534530 0.063002 0.103121
0 0.380605 0.387753 0.038304 0.054258
3 0.375952 0.248836 0.029505 0.058607
0 0.555215 0.348010 0.029693 0.043372
3 0.393946 0.234874 0.022398 0.057131
0 0.425414 0.317230 0.026630 0.040539
0 0.342001 0.313146 0.026493 0.033472
0 0.602506 0.301957 0.022116 0.032177
0 0.567765 0.306056 0.022482 0.030653
0 0.442200 0.267383 0.019703 0.034081
3 0.544330 0.217923 0.015560 0.038299
3 0.578584 0.268783 0.015934 0.023342
0 0.416892 0.261797 0.016358 0.022490
0 0.524328 0.262736 0.015705 0.021861
0 0.543699 0.255938 0.014837 0.020619
