0 0.664542 0.637169 0.065949 0.034380
3 0.590164 0.726813 0.116907 0.104094
0 0.451790 0.647626 0.089013 0.054156
1 0.120238 0.921761 0.079355 0.066759
0 0.195659 0.614037 0.082775 0.023241
0 0.076010 0.631549 0.093665 0.034536
0 0.589280 0.591512 0.044204 0.026305
0 0.484247 0.578558 0.035305 0.017333
3 0.411579 0.606814 0.074426 0.043188
3 0.321531 0.620750 0.072316 0.040845
0 0.924848 0.567375 0.036600 0.019317
0 0.844371 0.554132 0.028219 0.012445
0 0.324219 0.576050 0.040820 0.014897
1 0.535259 0.587124 0.015449 0.018726
0 0.584837 0.556043 0.030646 0.017217
