3 0.260935 0.345029 0.081279 0.147546
3 0.764800 0.427244 0.122407 0.209025
3 0.319183 0.301364 0.050406 0.109048
0 0.182270 0.588401 0.077483 0.105209
0 0.374864 0.364391 0.033351 0.046672
0 0.387087 0.294685 0.022281 0.040077
3 0.552226 0.269724 0.019315 0.031821
0 0.504014 0.220635 0.010475 0.018337
3 0.530895 0.205351 0.013125 0.032957
0 0.517690 0.254985 0.014368 0.020680
0 0.549027 0.234732 0.009565 0.015339
0 0.539109 0.240554 0.012160 0.017484
0 0.512253 0.237546 0.010883 0.016408
0 0.452691 0.206425 0.007003 0.010124
