0 0.224181 0.802707 0.181807 0.118693
0 0.455675 0.764111 0.138576 0.094406
0 0.616887 0.646154 0.082396 0.048594
0 0.525256 0.600280 0.047774 0.023995
1 0.550467 0.699797 0.036042 0.032604
0 0.550305 0.580762 0.043791 0.021677
0 0.044142 0.630290 0.088284 0.035203
1 0.304851 0.714047 0.039526 0.034259
1 0.321638 0.676654 0.025098 0.023911
3 0.606582 0.602180 0.053277 0.039436
0 0.594427 0.563048 0.035041 0.018089
0 0.164450 0.612222 0.075366 0.022664
0 0.474160 0.560468 0.038042 0.017351
1 0.470719 0.600855 0.019613 0.019199
0 0.013021 0.780849 0.026041 0.055341
