0 0.287493 0.673568 0.088857 0.045324
0 0.490220 0.757461 0.139058 0.099550
0 0.521264 0.642834 0.080433 0.046046
0 0.535525 0.595324 0.048419 0.026749
0 0.599388 0.577472 0.041138 0.021595
0 0.479997 0.590079 0.045942 0.022760
1 0.127822 0.940020 0.072113 0.074117
0 0.045882 0.630895 0.090215 0.034689
0 0.151760 0.614580 0.105091 0.026828
0 0.832262 0.568389 0.041859 0.015156
1 0.421852 0.715187 0.037657 0.035716
1 0.319328 0.880959 0.070425 0.064595
1 0.627599 0.652301 0.024004 0.021693
0 0.931246 0.596741 0.056281 0.024346
1 0.367177 0.672680 0.026497 0.024740
0 0.299961 0.574166 0.047303 0.014904
0 0.552172 0.561069 0.028446 0.014630
