0 0.692372 0.741965 0.108568 0.158657
0 0.735370 0.550023 0.079753 0.125837
0 0.305042 0.610792 0.078435 0.126949
0 0.369350 0.412336 0.042646 0.060181
3 0.373073 0.249721 0.029900 0.065332
3 0.391778 0.236617 0.022801 0.058461
0 0.421148 0.328534 0.027750 0.043164
0 0.550850 0.335844 0.028349 0.040622
0 0.333036 0.321570 0.028615 0.035709
0 0.440927 0.272686 0.020321 0.034981
0 0.598350 0.297232 0.021491 0.031892
0 0.563408 0.299170 0.020898 0.029703
3 0.598548 0.221458 0.020542 0.029733
3 0.543908 0.216715 0.015392 0.036782
0 0.413787 0.265496 0.017336 0.023226
3 0.576357 0.266983 0.014492 0.022980
0 0.521843 0.260543 0.014768 0.020179
0 0.542399 0.254018 0.014108 0.020854
0 0.438507 0.232790 0.011868 0.016948
0 0.549601 0.238561 0.010897 0.016752
