0 0.194762 0.460121 0.054771 0.073025
0 0.568230 0.393881 0.039243 0.052307
0 0.417399 0.348583 0.029625 0.042397
0 0.317127 0.403765 0.041045 0.056027
0 0.594300 0.347474 0.028625 0.036326
3 0.578562 0.251419 0.028214 0.058259
3 0.609811 0.293564 0.039260 0.064235
0 0.372263 0.321398 0.025732 0.035913
0 0.437700 0.295197 0.020271 0.029609
0 0.563427 0.294740 0.020175 0.028248
0 0.520627 0.270861 0.017156 0.023650
0 0.419171 0.257837 0.015185 0.023746
3 0.423948 0.209697 0.014673 0.037131
0 0.458418 0.239537 0.013397 0.019443
