0 0.623917 0.703759 0.112025 0.073531
0 0.511192 0.627805 0.061712 0.031411
0 0.347161 0.970255 0.236376 0.058991
1 0.664735 0.963484 0.081580 0.073033
3 0.621700 0.629779 0.068002 0.052955
0 0.537800 0.596552 0.051454 0.027619
0 0.044170 0.630172 0.087126 0.035002
1 0.119163 0.812116 0.053765 0.047905
1 0.752802 0.695638 0.039550 0.032044
1 0.436677 0.635706 0.023989 0.021962
0 0.898305 0.571231 0.049156 0.019722
1 0.402773 0.660489 0.023725 0.020359
0 0.456390 0.569474 0.043915 0.021439
0 0.546559 0.569609 0.032670 0.017525
0 0.592135 0.572467 0.038402 0.019801
1 0.312921 0.629896 0.017720 0.016378
0 0.165819 0.612467 0.075604 0.023115
0 0.519271 0.550398 0.030550 0.017777
