0 0.045423 0.918944 0.090569 0.110006
0 0.527428 0.905711 0.071195 0.128561
0 0.155397 0.865156 0.099812 0.073076
0 0.326639 0.959829 0.073476 0.079888
0 0.969509 0.836510 0.060279 0.080514
2 0.172472 0.807667 0.057429 0.077841
0 0.172666 0.859109 0.065207 0.068268
0 0.537665 0.781685 0.044857 0.078625
0 0.489081 0.764905 0.044941 0.069990
0 0.598159 0.733049 0.037749 0.064886
0 0.842973 0.733705 0.039954 0.058782
0 0.291819 0.737704 0.045136 0.051559
0 0.379588 0.727358 0.034020 0.060621
1 0.110591 0.889815 0.043724 0.045310
0 0.983297 0.773643 0.033087 0.056865
0 0.834159 0.669293 0.036203 0.046529
1 0.640293 0.841573 0.019835 0.065742
0 0.871921 0.696240 0.029883 0.043021
0 0.553294 0.685375 0.028219 0.044572
1 0.611774 0.870083 0.020329 0.061294
1 0.398699 0.969390 0.020018 0.059946
0 0.579798 0.666868 0.025441 0.045830
0 0.822598 0.622217 0.027355 0.036767
0 0.510728 0.619018 0.026599 0.037647
1 0.624543 0.927871 0.017651 0.054892
0 0.463542 0.618168 0.026732 0.035756
1 0.424223 0.776053 0.013799 0.035414
