0 0.622967 0.696898 0.108918 0.070704
0 0.513531 0.624316 0.059291 0.030442
0 0.357138 0.949658 0.245531 0.100159
1 0.051508 0.887587 0.081235 0.067449
0 0.537959 0.594865 0.051096 0.026979
0 0.044176 0.630947 0.087330 0.033830
3 0.619507 0.626195 0.066737 0.051150
1 0.644702 0.914847 0.075236 0.073750
1 0.740701 0.687710 0.036210 0.028512
0 0.900631 0.572380 0.045605 0.018678
1 0.152180 0.791930 0.045627 0.041681
0 0.546801 0.569550 0.031815 0.016598
0 0.458165 0.569338 0.043462 0.019984
1 0.440351 0.631700 0.022837 0.020649
1 0.321160 0.626030 0.018361 0.016000
1 0.407298 0.653677 0.024552 0.022348
0 0.592504 0.570751 0.039011 0.020650
0 0.168273 0.612242 0.073127 0.022555
0 0.293801 0.573766 0.053292 0.016256
0 0.520502 0.550059 0.029830 0.017555
