0 0.511900 0.632544 0.071337 0.039753
0 0.467310 0.747794 0.136749 0.094155
0 0.037906 0.890716 0.075812 0.172551
0 0.425066 0.629242 0.071392 0.036439
0 0.599507 0.597226 0.050031 0.029790
0 0.147114 0.613723 0.102867 0.026389
1 0.641460 0.787688 0.045746 0.049300
0 0.043348 0.628797 0.086322 0.038308
1 0.645701 0.712369 0.036710 0.035978
0 0.539821 0.573881 0.034359 0.016789
1 0.733910 0.725491 0.038185 0.038843
0 0.493241 0.546114 0.031531 0.015227
1 0.323632 0.630200 0.022729 0.019143
0 0.290612 0.573671 0.053704 0.015972
1 0.462598 0.615726 0.019078 0.017246
2 0.166854 0.594907 0.057427 0.023157
