0 0.042988 0.917370 0.085750 0.111241
3 0.614867 0.874450 0.063702 0.148851
0 0.163581 0.860669 0.075442 0.074272
0 0.518276 0.868684 0.056134 0.086869
3 0.168931 0.806185 0.059018 0.074245
0 0.543029 0.786847 0.047480 0.077964
0 0.293616 0.735422 0.056742 0.053397
0 0.463866 0.712339 0.040113 0.060758
0 0.593612 0.716101 0.036134 0.061705
0 0.375679 0.729245 0.033303 0.066160
0 0.547325 0.712540 0.033315 0.055176
0 0.430196 0.627233 0.038949 0.041456
0 0.559411 0.660051 0.026661 0.047421
1 0.151043 0.966389 0.019580 0.058980
1 0.451189 0.886678 0.019788 0.054377
1 0.421360 0.950075 0.021148 0.050764
1 0.342875 0.870811 0.014763 0.046203
1 0.471945 0.783204 0.017332 0.035016
1 0.913382 0.804630 0.018649 0.031077
1 0.427857 0.784708 0.012314 0.041503
1 0.642495 0.748084 0.015030 0.027550
