0 0.042900 0.917216 0.085520 0.109499
0 0.149145 0.861473 0.103475 0.077359
0 0.522806 0.858177 0.057873 0.107515
0 0.452930 0.842721 0.056549 0.094376
3 0.166894 0.802386 0.060558 0.070861
0 0.598014 0.776762 0.044712 0.082874
0 0.884562 0.770002 0.043092 0.062362
0 0.286825 0.733246 0.047801 0.051172
0 0.107182 0.886348 0.045838 0.047953
0 0.375232 0.726543 0.033756 0.061679
0 0.805967 0.691922 0.033805 0.050414
0 0.543224 0.713713 0.032766 0.050952
0 0.334380 0.664111 0.049582 0.033043
0 0.926719 0.756097 0.035041 0.045238
0 0.568701 0.688282 0.028319 0.051364
0 0.898803 0.713491 0.029681 0.045055
0 0.991312 0.805973 0.016975 0.077445
0 0.593145 0.641824 0.028325 0.043888
0 0.499432 0.639891 0.028378 0.033219
0 0.557817 0.645797 0.023390 0.038714
1 0.368045 0.846811 0.018380 0.048084
1 0.491386 0.821530 0.014093 0.047836
