0 0.228784 0.498486 0.066988 0.113727
0 0.586302 0.439901 0.052092 0.084037
0 0.671053 0.474899 0.049843 0.069640
0 0.313000 0.389114 0.043043 0.078196
0 0.684385 0.389489 0.034921 0.051557
0 0.602443 0.356764 0.032276 0.047615
0 0.555579 0.362538 0.032893 0.045268
0 0.420276 0.352501 0.030752 0.043967
3 0.567903 0.243119 0.023403 0.054546
0 0.380331 0.301736 0.022852 0.032314
0 0.527591 0.292627 0.020986 0.027619
0 0.440258 0.286514 0.018293 0.030012
0 0.583878 0.280288 0.017926 0.027593
0 0.447130 0.269022 0.016904 0.026838
0 0.552296 0.277772 0.017366 0.024221
0 0.539324 0.253042 0.014620 0.025442
0 0.517572 0.260375 0.015695 0.020304
0 0.435023 0.235336 0.011408 0.011630
