0 0.303897 0.648834 0.085718 0.132435
0 0.151789 0.613862 0.088401 0.121184
0 0.369307 0.457018 0.051348 0.072428
0 0.605058 0.485909 0.053019 0.081452
0 0.606280 0.371247 0.032518 0.044631
0 0.410366 0.345235 0.033416 0.047554
0 0.637661 0.343158 0.029349 0.043203
0 0.423928 0.304189 0.022968 0.032017
0 0.382869 0.278439 0.020224 0.025575
0 0.546080 0.289199 0.018310 0.024806
0 0.443406 0.272237 0.018724 0.026937
3 0.404282 0.228375 0.018903 0.048329
0 0.594550 0.287846 0.017900 0.026872
0 0.524051 0.275918 0.019522 0.029901
3 0.549525 0.224601 0.016881 0.042968
3 0.389824 0.238807 0.024373 0.051119
0 0.553323 0.271939 0.017640 0.025943
