2 0.130873 0.689504 0.260707 0.168665
0 0.926663 0.655219 0.146674 0.055112
0 0.950095 0.759935 0.099587 0.079775
3 0.541097 0.640361 0.110043 0.067278
0 0.716172 0.638027 0.137587 0.052933
1 0.843795 0.763340 0.084302 0.058841
0 0.684143 0.599450 0.109101 0.037792
3 0.577384 0.625442 0.075217 0.049221
2 0.546861 0.487040 0.075822 0.036844
1 0.782379 0.701058 0.058365 0.038726
3 0.563351 0.575445 0.057756 0.036537
2 0.969305 0.573812 0.061236 0.033006
0 0.437334 0.540291 0.059669 0.028025
0 0.682477 0.532711 0.058102 0.024638
3 0.714199 0.515781 0.044771 0.030098
0 0.832763 0.526338 0.058266 0.019443
0 0.384370 0.521290 0.049386 0.022538
3 0.407856 0.502420 0.037081 0.026590
0 0.451504 0.518219 0.045811 0.020318
0 0.587775 0.510592 0.043977 0.020790
0 0.786028 0.516491 0.045535 0.018472
0 0.367830 0.509668 0.037931 0.018068
3 0.258111 0.491036 0.030310 0.022160
0 0.173291 0.498665 0.033682 0.019270
0 0.450403 0.479932 0.033401 0.013621
0 0.599259 0.496223 0.029031 0.015396
1 0.189718 0.538541 0.023633 0.018650
0 0.211816 0.469263 0.029350 0.014701
1 0.405254 0.566368 0.021239 0.019970
0 0.306910 0.483251 0.028977 0.014119
1 0.515704 0.560921 0.020852 0.017383
1 0.335330 0.529784 0.016792 0.018266
0 0.297912 0.470659 0.023831 0.011080
1 0.382933 0.554773 0.018287 0.014193
1 0.304742 0.525868 0.018846 0.013289
