0 0.575656 0.877039 0.329923 0.245179
2 0.297360 0.469691 0.281899 0.118215
0 0.367688 0.660327 0.250938 0.128414
3 0.241034 0.432637 0.280375 0.110872
2 0.245438 0.432971 0.276127 0.111296
0 0.376967 0.539691 0.154509 0.065917
3 0.559430 0.452786 0.108418 0.081418
0 0.716112 0.506110 0.109812 0.058351
0 0.724887 0.445432 0.083833 0.041551
0 0.982867 0.506102 0.034265 0.082861
0 0.963982 0.416502 0.072037 0.038103
0 0.634080 0.432628 0.061950 0.039319
0 0.487383 0.454909 0.044097 0.044181
0 0.640414 0.397255 0.063567 0.028808
0 0.544411 0.395447 0.058291 0.030755
2 0.625453 0.336868 0.057427 0.029247
0 0.734736 0.390596 0.054140 0.027557
0 0.672802 0.378312 0.047719 0.024558
0 0.225361 0.355355 0.054401 0.020696
0 0.622846 0.376412 0.038751 0.025269
0 0.515654 0.358205 0.047531 0.020267
1 0.647966 0.477065 0.032609 0.028926
0 0.984486 0.380760 0.031027 0.027371
0 0.243316 0.349816 0.041738 0.015679
0 0.703694 0.353107 0.031415 0.018742
0 0.754036 0.352241 0.026738 0.019487
1 0.485528 0.368439 0.015878 0.017474
