3 0.903673 0.583390 0.191891 0.360628
0 0.944343 0.932037 0.110578 0.128789
3 0.674586 0.454450 0.065017 0.124099
0 0.346598 0.515472 0.065716 0.093710
0 0.394280 0.379841 0.039857 0.060458
0 0.319997 0.383862 0.039988 0.058649
0 0.264938 0.371556 0.038030 0.050931
0 0.597481 0.351328 0.030762 0.044800
3 0.392695 0.231647 0.023499 0.053152
0 0.390727 0.289475 0.026011 0.041734
0 0.568691 0.293747 0.023348 0.033728
0 0.531239 0.289258 0.021022 0.032720
3 0.580189 0.271823 0.016760 0.024220
0 0.520008 0.262232 0.015987 0.023175
0 0.421558 0.250170 0.015465 0.020196
0 0.541772 0.254296 0.015154 0.019045
