2 0.205153 0.654227 0.409616 0.187737
2 0.103592 0.943622 0.205388 0.111912
0 0.103671 0.943764 0.205261 0.111674
0 0.735345 0.653221 0.136853 0.052032
0 0.837606 0.645331 0.134243 0.050572
1 0.782927 0.806762 0.078672 0.057435
0 0.573808 0.589535 0.100275 0.041078
0 0.717561 0.590938 0.107182 0.038256
2 0.579681 0.493631 0.095984 0.040030
2 0.406533 0.581709 0.072396 0.048612
0 0.842008 0.571340 0.087709 0.037049
1 0.763349 0.708427 0.067255 0.044156
1 0.787478 0.814873 0.068749 0.040846
0 0.565590 0.565031 0.086117 0.026837
3 0.798911 0.533628 0.055928 0.032892
0 0.668700 0.531588 0.057750 0.026323
1 0.598794 0.646892 0.041597 0.030466
0 0.395068 0.524643 0.050048 0.024146
0 0.820157 0.525567 0.055584 0.019820
0 0.355234 0.510720 0.043281 0.019197
0 0.770933 0.515135 0.044721 0.018299
0 0.702516 0.507525 0.047859 0.015959
0 0.408382 0.505647 0.040359 0.018546
3 0.366722 0.491589 0.032781 0.022559
0 0.307741 0.506513 0.039045 0.018643
2 0.366804 0.491658 0.032197 0.022469
0 0.155944 0.496067 0.037728 0.018722
3 0.241469 0.480687 0.028733 0.020026
0 0.276972 0.488558 0.031023 0.016738
0 0.213889 0.475282 0.031866 0.016197
0 0.338547 0.498763 0.031256 0.015405
0 0.475726 0.486284 0.032995 0.014225
0 0.260450 0.492416 0.027071 0.017059
0 0.637867 0.504808 0.027461 0.016084
1 0.371686 0.539996 0.019877 0.019568
0 0.288752 0.474091 0.026846 0.012549
1 0.371754 0.542968 0.019597 0.014853
1 0.269543 0.512017 0.017669 0.012700
1 0.327722 0.533057 0.017248 0.012297
0 0.444126 0.469649 0.022059 0.008915
1 0.290985 0.519627 0.016357 0.011710
