2 0.336656 0.595948 0.257256 0.142390
0 0.118201 0.939141 0.234791 0.121286
2 0.117997 0.939150 0.234671 0.121108
0 0.868069 0.780983 0.223117 0.093466
0 0.949955 0.682056 0.099690 0.061600
2 0.664739 0.498776 0.115580 0.048599
0 0.638892 0.597755 0.099932 0.040188
0 0.692202 0.580776 0.093147 0.036284
1 0.850956 0.699136 0.062752 0.048159
0 0.836176 0.557710 0.082724 0.034773
0 0.532816 0.559169 0.083190 0.034253
3 0.951496 0.551909 0.070934 0.040052
1 0.062965 0.667999 0.061454 0.038556
0 0.625771 0.549285 0.079134 0.029818
1 0.632511 0.707726 0.055131 0.036407
0 0.521778 0.539088 0.071706 0.022809
0 0.843280 0.518727 0.057751 0.019517
0 0.398075 0.509536 0.047250 0.022890
1 0.648969 0.631582 0.038685 0.026759
0 0.795777 0.508708 0.046014 0.018253
0 0.367577 0.498766 0.040407 0.019158
0 0.470262 0.516538 0.032404 0.021442
0 0.183344 0.490141 0.034662 0.018876
0 0.410054 0.491609 0.035733 0.017232
1 0.534377 0.590532 0.028290 0.021150
0 0.331589 0.494264 0.033651 0.015966
0 0.288743 0.478052 0.030107 0.015856
0 0.261367 0.479440 0.025600 0.016198
0 0.473097 0.474262 0.030351 0.013160
0 0.218815 0.466793 0.030360 0.012380
0 0.303525 0.462187 0.024702 0.014066
1 0.322018 0.509905 0.016484 0.017378
0 0.726475 0.513577 0.017604 0.012153
1 0.291811 0.503926 0.016311 0.011604
1 0.322014 0.512707 0.015428 0.012203
