0 0.362989 0.922030 0.090463 0.151777
0 0.077234 0.922931 0.093656 0.107048
0 0.187423 0.866031 0.104586 0.078279
0 0.579090 0.841550 0.062277 0.100109
0 0.208721 0.863976 0.062191 0.075395
3 0.206614 0.811387 0.056453 0.077619
0 0.580439 0.759203 0.039660 0.073368
0 0.467931 0.786037 0.040236 0.061808
0 0.957312 0.759499 0.049982 0.046677
0 0.326877 0.741537 0.039547 0.051635
0 0.586271 0.695524 0.029758 0.054539
0 0.375121 0.655948 0.048420 0.032504
1 0.414330 0.972116 0.027919 0.055249
0 0.626028 0.673276 0.029165 0.048426
1 0.483398 0.931363 0.020785 0.067721
0 0.556766 0.681631 0.028658 0.047289
0 0.843197 0.656002 0.025478 0.046396
0 0.918722 0.706123 0.028098 0.040426
1 0.430436 0.862896 0.018466 0.055966
1 0.516207 0.848664 0.016648 0.049717
0 0.592189 0.635697 0.020768 0.033052
