2 0.347744 0.590529 0.236459 0.136704
0 0.119538 0.938223 0.237660 0.123127
2 0.119468 0.938310 0.237753 0.122845
0 0.842010 0.764143 0.208589 0.088737
0 0.939496 0.671608 0.120865 0.059633
2 0.677272 0.498572 0.123927 0.049576
0 0.631482 0.592432 0.096394 0.039073
0 0.680406 0.574644 0.088368 0.034784
0 0.861583 0.560654 0.087109 0.034935
0 0.530057 0.554869 0.079184 0.034281
1 0.832097 0.688216 0.058170 0.046535
3 0.968242 0.554131 0.063475 0.041692
0 0.617781 0.544553 0.078121 0.029195
1 0.092200 0.659547 0.056125 0.034648
0 0.517318 0.535988 0.070056 0.022473
1 0.621457 0.701019 0.046028 0.028664
0 0.846073 0.517388 0.059112 0.019639
0 0.398769 0.507575 0.046663 0.022075
1 0.639532 0.624783 0.037225 0.025559
0 0.798933 0.507808 0.046548 0.018211
0 0.368852 0.496924 0.039916 0.018549
0 0.184784 0.488533 0.037433 0.019458
0 0.552131 0.493260 0.038024 0.016961
3 0.368355 0.475527 0.027567 0.022134
0 0.410183 0.489376 0.035209 0.016924
1 0.527838 0.585130 0.026570 0.020169
0 0.289851 0.476186 0.030754 0.016118
1 0.167822 0.519275 0.026354 0.017946
0 0.333289 0.492400 0.031084 0.014639
3 0.261577 0.477365 0.025007 0.016015
0 0.479014 0.472888 0.030831 0.012573
0 0.219340 0.464857 0.029865 0.011989
0 0.305290 0.461148 0.023811 0.013227
0 0.495012 0.467260 0.025436 0.011714
1 0.322080 0.507674 0.016345 0.016872
1 0.293528 0.500555 0.015214 0.012897
1 0.322764 0.510855 0.014529 0.011412
