0 0.387688 0.841444 0.200496 0.227316
3 0.900395 0.783281 0.199131 0.191636
3 0.807682 0.622963 0.248672 0.144416
0 0.763222 0.947327 0.274555 0.104808
0 0.544702 0.667956 0.159364 0.134250
0 0.960515 0.885749 0.078690 0.169258
3 0.686854 0.523665 0.145385 0.086394
2 0.818929 0.480610 0.178548 0.056757
0 0.060876 0.559773 0.116268 0.050481
0 0.525352 0.543639 0.082415 0.050361
2 0.694380 0.457352 0.093831 0.040436
2 0.092309 0.425033 0.095364 0.033868
0 0.382688 0.540015 0.065558 0.045285
0 0.567643 0.521791 0.070946 0.040119
0 0.427894 0.509751 0.062595 0.038959
0 0.116877 0.474308 0.065201 0.024576
0 0.220877 0.489622 0.049468 0.031558
0 0.469179 0.478453 0.046242 0.026118
0 0.398100 0.469813 0.042484 0.026171
0 0.589997 0.475210 0.046242 0.020370
0 0.208354 0.446496 0.044619 0.017875
0 0.589249 0.460697 0.041932 0.017499
0 0.535271 0.453869 0.034734 0.019474
2 0.322901 0.433303 0.026537 0.024204
0 0.301859 0.456868 0.037282 0.016994
0 0.576647 0.446181 0.028193 0.013507
0 0.289746 0.430489 0.022382 0.014253
