0 0.731609 0.891077 0.282929 0.216878
0 0.332578 0.841459 0.215713 0.233636
3 0.922602 0.821854 0.154433 0.207731
2 0.867462 0.505642 0.265076 0.089650
0 0.539548 0.639947 0.124171 0.104062
3 0.635708 0.578455 0.114419 0.091837
0 0.385796 0.612216 0.103863 0.075049
3 0.623848 0.520844 0.111780 0.064238
3 0.849658 0.625466 0.102202 0.068004
0 0.455930 0.536950 0.080233 0.055739
2 0.603502 0.481390 0.088007 0.044750
2 0.699930 0.464155 0.094104 0.039571
0 0.205076 0.535611 0.084614 0.039898
0 0.055500 0.498521 0.095797 0.035169
2 0.103920 0.417718 0.096080 0.032726
0 0.157048 0.509929 0.083956 0.035439
0 0.954324 0.554345 0.081989 0.034404
0 0.482096 0.496337 0.054857 0.032128
3 0.283167 0.473366 0.048957 0.034246
0 0.195316 0.472920 0.060527 0.022370
0 0.390649 0.490285 0.042887 0.027882
0 0.421343 0.476229 0.043481 0.026669
0 0.520556 0.482584 0.045106 0.024887
1 0.026111 0.541429 0.035725 0.027066
0 0.195341 0.449642 0.045343 0.017185
0 0.305679 0.448222 0.039306 0.019344
1 0.729775 0.576455 0.028631 0.026366
0 0.404669 0.450350 0.034382 0.019682
0 0.545204 0.457570 0.032500 0.014865
0 0.243698 0.450581 0.023707 0.018919
0 0.324892 0.432631 0.029995 0.014302
