3 0.124934 0.935206 0.249434 0.129298
2 0.124739 0.935095 0.248913 0.129351
0 0.076879 0.707296 0.153043 0.075358
2 0.383999 0.552535 0.112851 0.098571
2 0.775171 0.510005 0.156981 0.057219
0 0.949839 0.749339 0.100060 0.080936
0 0.668938 0.654366 0.133493 0.058404
0 0.780196 0.601269 0.110634 0.042552
0 0.964184 0.683988 0.071167 0.048203
0 0.571029 0.557389 0.077280 0.032488
0 0.492403 0.532998 0.067434 0.029452
0 0.590882 0.534818 0.065187 0.026517
0 0.473890 0.517915 0.061589 0.023339
0 0.549676 0.515267 0.060931 0.022933
2 0.331355 0.513095 0.044526 0.030675
1 0.696220 0.617627 0.040732 0.030526
0 0.624824 0.501756 0.049045 0.019006
1 0.696883 0.623308 0.038701 0.020961
0 0.452670 0.490722 0.041374 0.019332
1 0.505524 0.635799 0.034143 0.023161
0 0.392660 0.494450 0.039866 0.019735
1 0.239875 0.597769 0.029011 0.025046
0 0.195712 0.484259 0.035592 0.019462
0 0.346154 0.476880 0.032534 0.020670
0 0.868451 0.512497 0.034549 0.018595
1 0.567649 0.579648 0.028231 0.018537
0 0.636673 0.475468 0.031553 0.015958
0 0.522325 0.476798 0.035322 0.013853
0 0.283876 0.465900 0.032162 0.014117
0 0.400721 0.475775 0.029405 0.015141
0 0.533359 0.468608 0.029026 0.013855
0 0.484081 0.467303 0.029829 0.012994
3 0.252470 0.465576 0.022335 0.014694
1 0.475167 0.548985 0.021455 0.014993
0 0.212897 0.455627 0.022129 0.010496
1 0.314706 0.489170 0.014602 0.015266
1 0.296134 0.485227 0.012682 0.011887
