0 0.045130 0.922141 0.090142 0.106967
0 0.150738 0.867687 0.110699 0.083934
0 0.535623 0.840226 0.058976 0.107388
0 0.369809 0.896544 0.060110 0.094332
2 0.172082 0.810241 0.057868 0.075348
0 0.524553 0.968290 0.065260 0.061151
0 0.872681 0.763604 0.049973 0.061794
0 0.544033 0.749224 0.040042 0.065047
0 0.503054 0.735882 0.038453 0.059529
0 0.293945 0.738609 0.040561 0.052423
0 0.882043 0.710510 0.041029 0.048198
0 0.595419 0.713430 0.035139 0.055737
0 0.555313 0.670517 0.024102 0.037924
1 0.431001 0.878017 0.018185 0.049262
1 0.602554 0.820200 0.015756 0.050157
1 0.622597 0.849698 0.015116 0.048222
0 0.992364 0.749736 0.014817 0.026003
