0 0.696137 0.519498 0.060331 0.081057
0 0.604994 0.511571 0.062404 0.077788
3 0.626202 0.299523 0.047620 0.098808
3 0.324152 0.289708 0.045709 0.093075
0 0.307078 0.409268 0.045098 0.063090
0 0.698684 0.419092 0.042735 0.059547
0 0.611340 0.371794 0.037605 0.061363
0 0.536374 0.322321 0.026784 0.038973
0 0.580017 0.321440 0.023766 0.034657
3 0.547546 0.261373 0.019097 0.041479
3 0.598210 0.220997 0.021294 0.030222
0 0.567637 0.299277 0.021365 0.026862
0 0.525173 0.283998 0.019157 0.027363
0 0.400571 0.260088 0.017449 0.029383
0 0.421939 0.250516 0.016224 0.021607
0 0.400668 0.266672 0.015717 0.017700
0 0.432909 0.232001 0.012229 0.016717
