0 0.674350 0.652580 0.074233 0.038707
0 0.428554 0.670617 0.104968 0.064449
0 0.076565 0.631904 0.092556 0.035216
0 0.586352 0.599484 0.050582 0.028835
3 0.389105 0.622045 0.082096 0.047689
0 0.596134 0.764924 0.139137 0.125458
1 0.492518 0.622835 0.020787 0.021061
0 0.476893 0.584329 0.040479 0.018620
0 0.581693 0.576612 0.041644 0.020205
3 0.300184 0.630448 0.080705 0.045673
0 0.410650 0.573921 0.034174 0.017748
1 0.525160 0.596872 0.019200 0.018999
0 0.200423 0.613739 0.075748 0.023134
0 0.623820 0.551649 0.029790 0.014535
3 0.596125 0.765019 0.139052 0.125710
0 0.556509 0.554190 0.026950 0.014093
0 0.585786 0.557929 0.030563 0.015899
