0 0.045072 0.921959 0.090078 0.107250
0 0.149417 0.867876 0.112883 0.083746
0 0.536819 0.835899 0.057770 0.103084
0 0.374934 0.887766 0.059742 0.094091
0 0.530789 0.962859 0.078119 0.070867
0 0.876704 0.768156 0.051269 0.058096
0 0.543994 0.747789 0.038790 0.068043
0 0.292155 0.739038 0.045952 0.053889
0 0.595329 0.709646 0.037327 0.058949
0 0.505015 0.732510 0.035931 0.058819
0 0.884350 0.711918 0.042084 0.046895
1 0.496771 0.945358 0.021389 0.061881
0 0.594664 0.608971 0.025822 0.038823
1 0.435049 0.868805 0.019000 0.047727
1 0.622787 0.841534 0.016489 0.048257
1 0.602326 0.816041 0.015637 0.049014
0 0.964401 0.751618 0.019392 0.037170
0 0.940938 0.760253 0.016203 0.041787
0 0.992842 0.744875 0.013983 0.038021
