0 0.389141 0.746064 0.132139 0.090132
0 0.509094 0.627378 0.070452 0.039893
0 0.251697 0.639947 0.097241 0.046286
0 0.613544 0.603488 0.061194 0.029726
0 0.457473 0.607710 0.052353 0.028707
1 0.683532 0.695056 0.031189 0.028546
0 0.065630 0.617687 0.093457 0.023857
1 0.557477 0.666630 0.027747 0.024791
0 0.414450 0.583991 0.051114 0.027889
0 0.469901 0.582648 0.047615 0.024557
0 0.650134 0.900144 0.223562 0.198867
1 0.280871 0.715654 0.030124 0.028699
0 0.300572 0.582831 0.048190 0.023686
1 0.083790 0.818177 0.062618 0.053831
0 0.383361 0.553792 0.056387 0.015180
0 0.527337 0.571182 0.039216 0.019705
