0 0.124005 0.934609 0.246968 0.130377
2 0.123888 0.934695 0.246732 0.130258
2 0.382495 0.561298 0.143761 0.109596
0 0.720124 0.682427 0.152437 0.065439
2 0.742429 0.503320 0.144044 0.053217
0 0.834227 0.618466 0.124779 0.046860
0 0.592511 0.565564 0.082052 0.033979
0 0.506297 0.536851 0.070972 0.031034
0 0.619552 0.543836 0.072097 0.028527
2 0.342444 0.517850 0.050654 0.032719
0 0.573448 0.522116 0.065860 0.024969
1 0.736801 0.636980 0.046888 0.032117
0 0.490623 0.520679 0.063218 0.021913
1 0.539136 0.649253 0.043774 0.031022
0 0.856605 0.511113 0.059756 0.019487
1 0.211154 0.611825 0.035097 0.029288
0 0.601766 0.495529 0.047645 0.019023
0 0.398850 0.496775 0.040342 0.020680
0 0.349103 0.477993 0.036245 0.020582
0 0.009880 0.726684 0.019735 0.037351
0 0.195500 0.483520 0.037331 0.019521
0 0.369956 0.485832 0.037011 0.017654
1 0.592346 0.591799 0.029693 0.020292
0 0.406867 0.477741 0.031783 0.015686
0 0.637896 0.473842 0.031569 0.013460
0 0.289842 0.466834 0.030253 0.013912
0 0.511404 0.472562 0.033631 0.012192
0 0.822627 0.502738 0.023139 0.015737
1 0.496519 0.557567 0.023591 0.015432
3 0.259056 0.466962 0.023532 0.015032
1 0.320616 0.493445 0.014629 0.016634
1 0.298069 0.487903 0.012776 0.011886
