3 0.625346 0.299280 0.047187 0.097173
3 0.323574 0.292105 0.045598 0.093552
0 0.304458 0.413748 0.045496 0.063513
0 0.692259 0.515002 0.059403 0.081002
0 0.603902 0.504762 0.062972 0.076511
0 0.696683 0.417608 0.041983 0.058685
0 0.536160 0.321015 0.027158 0.040728
0 0.610233 0.370924 0.036930 0.060155
0 0.579485 0.321995 0.023244 0.032715
0 0.524747 0.284703 0.019513 0.026987
0 0.567750 0.299258 0.021432 0.026842
3 0.547335 0.263693 0.018933 0.038433
0 0.421426 0.252616 0.015792 0.023513
0 0.400636 0.266273 0.016600 0.022280
0 0.533508 0.245162 0.011759 0.018796
0 0.400795 0.262100 0.017303 0.028732
