0 0.174433 0.596106 0.082897 0.110473
0 0.368671 0.484932 0.054812 0.078037
0 0.783157 0.666422 0.087918 0.121162
0 0.332672 0.376473 0.034596 0.049675
0 0.419749 0.351238 0.029506 0.041173
0 0.544362 0.326017 0.027548 0.035770
0 0.572615 0.309185 0.023129 0.029432
3 0.570821 0.243465 0.024605 0.052336
0 0.551240 0.274152 0.016906 0.024070
0 0.406846 0.275560 0.017954 0.027942
3 0.595666 0.280322 0.032846 0.052240
0 0.515597 0.252898 0.013530 0.020561
0 0.427835 0.247738 0.014195 0.022425
0 0.454498 0.252566 0.015179 0.024834
