2 0.097459 0.699738 0.194039 0.163768
3 0.584107 0.658666 0.123075 0.072781
0 0.765073 0.655556 0.152895 0.058575
1 0.929751 0.801205 0.102218 0.075307
0 0.954442 0.675135 0.091050 0.059794
0 0.716866 0.610644 0.117394 0.043466
3 0.680826 0.509767 0.085044 0.035781
2 0.541775 0.487459 0.074710 0.039120
1 0.843600 0.726491 0.061980 0.042072
0 0.590450 0.585872 0.059812 0.038967
0 0.449133 0.544566 0.062722 0.028814
3 0.928489 0.565774 0.057604 0.030671
0 0.392689 0.524349 0.052370 0.022933
0 0.661808 0.527432 0.053310 0.022356
0 0.837729 0.527178 0.058028 0.019706
0 0.462406 0.521590 0.048354 0.021829
3 0.417905 0.505557 0.037658 0.026618
0 0.575662 0.507787 0.042222 0.020624
0 0.790380 0.517384 0.046083 0.018057
0 0.990182 0.776448 0.019635 0.040697
3 0.263927 0.492918 0.030410 0.023640
0 0.329411 0.518404 0.042675 0.015792
0 0.374715 0.512187 0.038326 0.017419
0 0.178700 0.499774 0.030750 0.018836
3 0.302139 0.506377 0.027641 0.020064
1 0.534926 0.566851 0.025318 0.021530
0 0.592027 0.495395 0.033235 0.015052
0 0.217839 0.470315 0.029954 0.016511
1 0.412426 0.573893 0.021071 0.020476
1 0.197629 0.540587 0.021729 0.018921
0 0.311795 0.484876 0.029318 0.011943
1 0.397995 0.560210 0.020836 0.016120
0 0.452717 0.479430 0.024341 0.012577
1 0.197865 0.543660 0.020942 0.013331
0 0.367726 0.475379 0.024852 0.010589
1 0.346349 0.535355 0.017943 0.014308
0 0.303623 0.472855 0.022647 0.010448
1 0.315278 0.529965 0.016740 0.011409
0 0.236421 0.459310 0.018204 0.008985
