3 0.170873 0.398566 0.126953 0.214403
0 0.641431 0.597008 0.078945 0.127997
0 0.781650 0.629010 0.096019 0.136284
0 0.560145 0.383693 0.034918 0.053600
0 0.344537 0.342063 0.032510 0.046477
0 0.667741 0.372227 0.034452 0.050696
0 0.589462 0.327437 0.028942 0.041475
0 0.440050 0.254869 0.017070 0.023993
0 0.372842 0.259615 0.017598 0.022191
0 0.412348 0.248859 0.016951 0.022232
0 0.513047 0.245830 0.013723 0.018233
3 0.414088 0.206311 0.015535 0.037514
0 0.448725 0.235972 0.014524 0.023753
3 0.536540 0.229045 0.014027 0.039494
