3 0.732328 0.399457 0.098214 0.178588
0 0.069584 0.735029 0.125597 0.173478
0 0.083624 0.556561 0.079891 0.099571
0 0.693686 0.798741 0.120295 0.180329
0 0.700269 0.543232 0.062349 0.084494
0 0.653165 0.448199 0.048406 0.061021
0 0.576987 0.441786 0.043761 0.062962
3 0.375156 0.249197 0.028679 0.063169
3 0.594094 0.333296 0.034921 0.070420
0 0.401278 0.281775 0.020251 0.028482
0 0.559516 0.290611 0.019497 0.029153
0 0.519731 0.261115 0.016108 0.022996
3 0.343818 0.365373 0.040259 0.065312
0 0.125320 0.965921 0.149414 0.067285
0 0.547268 0.263865 0.016312 0.024245
0 0.413674 0.236990 0.011950 0.013368
0 0.560246 0.254164 0.013883 0.020976
0 0.343736 0.365503 0.040299 0.065709
0 0.511807 0.244842 0.012274 0.019917
