3 0.232283 0.594852 0.277385 0.143178
2 0.300069 0.443621 0.261335 0.108566
3 0.519492 0.584842 0.181485 0.141600
2 0.516431 0.420156 0.150014 0.071542
0 0.762665 0.519779 0.119594 0.062792
0 0.626350 0.484562 0.112568 0.053394
3 0.689383 0.408351 0.070552 0.054990
0 0.627396 0.439368 0.076241 0.035494
0 0.787939 0.436163 0.069922 0.035664
0 0.797736 0.403345 0.053146 0.027671
2 0.695117 0.342337 0.048258 0.025728
0 0.988467 0.434870 0.023067 0.043769
0 0.561464 0.371803 0.047429 0.020021
0 0.727721 0.383033 0.044750 0.020683
0 0.313094 0.364346 0.054123 0.016968
0 0.799583 0.373801 0.041403 0.020772
0 0.659245 0.373109 0.044073 0.018690
0 0.741304 0.371032 0.036633 0.020524
0 0.265357 0.366225 0.034326 0.017375
0 0.768237 0.351300 0.025599 0.014948
1 0.754506 0.418844 0.019488 0.017389
