3 0.661398 0.333143 0.063122 0.121899
0 0.811176 0.545340 0.067997 0.089360
3 0.351283 0.268835 0.035905 0.076391
0 0.196417 0.572080 0.088879 0.149352
0 0.563032 0.403702 0.042247 0.061849
0 0.365587 0.330339 0.029458 0.040036
3 0.561942 0.286016 0.023521 0.048433
0 0.607403 0.378879 0.033723 0.043624
0 0.536894 0.325568 0.026380 0.036563
0 0.589248 0.341958 0.026102 0.034452
0 0.946120 0.935414 0.106758 0.121633
0 0.542265 0.261651 0.014844 0.022216
0 0.535266 0.244919 0.013535 0.019538
0 0.679097 0.479473 0.058691 0.093777
0 0.407677 0.247980 0.014485 0.024672
0 0.431198 0.242353 0.013486 0.015340
0 0.513413 0.243070 0.013622 0.018389
