3 0.702320 0.369315 0.081124 0.152689
3 0.368031 0.255139 0.030455 0.066272
0 0.653209 0.461787 0.049433 0.062956
0 0.614613 0.561623 0.068601 0.104520
0 0.557567 0.383733 0.036553 0.049465
0 0.621993 0.397139 0.035634 0.051799
0 0.391075 0.295030 0.023224 0.030553
3 0.580093 0.312201 0.029883 0.059985
0 0.981185 0.782045 0.037179 0.142672
0 0.813872 0.687493 0.110753 0.168254
0 0.552000 0.277441 0.017460 0.026795
0 0.312507 0.410980 0.049576 0.082246
0 0.542956 0.256485 0.015810 0.020437
0 0.436892 0.233365 0.011460 0.013443
0 0.412130 0.238727 0.013174 0.020613
0 0.517318 0.253380 0.014081 0.021408
3 0.813782 0.687097 0.111001 0.167303
3 0.312430 0.410991 0.049596 0.082599
