3 0.587469 0.707422 0.106836 0.092385
0 0.659896 0.629081 0.063136 0.031593
0 0.186686 0.614098 0.101296 0.023523
0 0.076366 0.631820 0.094360 0.034672
1 0.229350 0.831576 0.060185 0.051951
0 0.591788 0.587396 0.043844 0.024568
3 0.418975 0.600367 0.056091 0.039097
0 0.695084 0.978091 0.216748 0.043261
3 0.464376 0.636131 0.080267 0.049475
0 0.926649 0.571712 0.036146 0.016440
0 0.489776 0.575352 0.032870 0.016361
0 0.975903 0.588032 0.020726 0.019575
3 0.333987 0.615412 0.069490 0.038715
1 0.956949 0.836697 0.067169 0.071586
1 0.506919 0.605376 0.018003 0.019279
