0 0.305804 0.616323 0.080619 0.121131
0 0.576585 0.407244 0.039988 0.060650
0 0.408831 0.331463 0.028930 0.039384
0 0.019768 0.850160 0.039091 0.176677
0 0.387620 0.397314 0.044687 0.062098
0 0.619730 0.322642 0.026060 0.038197
0 0.585993 0.337550 0.027391 0.036619
0 0.436843 0.287632 0.020884 0.033116
0 0.367856 0.291338 0.021972 0.029998
3 0.547164 0.221963 0.017255 0.039668
3 0.399848 0.231579 0.021278 0.051827
0 0.548812 0.264781 0.015604 0.023444
3 0.383823 0.243882 0.026610 0.052679
0 0.535311 0.276445 0.016772 0.025139
0 0.521103 0.266056 0.017715 0.027327
0 0.448533 0.254660 0.016014 0.029800
3 0.587007 0.279417 0.016454 0.025504
0 0.425614 0.254448 0.014388 0.017393
0 0.586935 0.279476 0.016122 0.024425
