2 0.213774 0.642514 0.427201 0.173315
0 0.103202 0.943306 0.204421 0.112677
0 0.711408 0.641832 0.129408 0.049359
0 0.802605 0.632119 0.125179 0.047148
2 0.593078 0.495308 0.095181 0.041683
0 0.695017 0.582821 0.100711 0.036825
0 0.561958 0.584250 0.095034 0.038655
0 0.883896 0.579187 0.095763 0.037663
1 0.749018 0.792568 0.067405 0.038261
0 0.554578 0.560649 0.084849 0.026997
0 0.983064 0.903709 0.033587 0.067416
3 0.820447 0.534980 0.056637 0.039235
0 0.691921 0.535353 0.062857 0.027322
0 0.395653 0.522379 0.046070 0.023552
0 0.473965 0.535876 0.039582 0.026961
1 0.737581 0.697450 0.037534 0.028090
1 0.581015 0.635860 0.037787 0.026263
0 0.773732 0.514885 0.045689 0.018549
0 0.356159 0.509569 0.043813 0.019199
0 0.406672 0.504118 0.039903 0.018426
0 0.706154 0.507437 0.045728 0.015816
2 0.365057 0.490480 0.031849 0.022082
3 0.365001 0.490766 0.031293 0.021716
0 0.160194 0.495723 0.035956 0.018667
3 0.244186 0.479390 0.029422 0.020128
0 0.483512 0.487356 0.036317 0.014697
0 0.211113 0.475053 0.034097 0.014194
0 0.278081 0.487510 0.029471 0.016156
0 0.340459 0.498218 0.030929 0.015158
0 0.259652 0.490667 0.025986 0.015912
1 0.323744 0.526573 0.018179 0.018207
1 0.371055 0.538695 0.018910 0.016216
1 0.160330 0.532189 0.019384 0.013949
0 0.432317 0.474839 0.023187 0.009308
1 0.323942 0.530659 0.016435 0.010935
1 0.288917 0.518060 0.015819 0.010505
1 0.269265 0.511761 0.016395 0.010126
