0 0.123904 0.934519 0.246815 0.130564
2 0.383707 0.558219 0.132751 0.105548
3 0.383758 0.558318 0.132675 0.105383
0 0.702516 0.672125 0.145203 0.062826
2 0.753135 0.505270 0.148581 0.054217
0 0.815660 0.611884 0.120011 0.045649
0 0.035205 0.715564 0.069739 0.047622
0 0.585560 0.562237 0.080579 0.033033
0 0.505230 0.534361 0.064901 0.030667
0 0.609780 0.540893 0.069731 0.028511
0 0.983478 0.764815 0.033043 0.057023
2 0.338721 0.515636 0.048344 0.032392
1 0.723304 0.629361 0.044648 0.034340
0 0.565490 0.519514 0.063590 0.023878
0 0.485628 0.519137 0.061856 0.021017
0 0.857164 0.510909 0.057686 0.019431
1 0.723583 0.634509 0.043281 0.024355
1 0.222711 0.606487 0.032184 0.028077
0 0.609992 0.497252 0.048373 0.018620
0 0.396296 0.495523 0.043264 0.020462
1 0.530818 0.646561 0.033002 0.024584
0 0.368836 0.484365 0.037079 0.017772
0 0.197488 0.482838 0.033753 0.018658
1 0.584281 0.587612 0.030740 0.017489
0 0.405067 0.476614 0.031791 0.015650
0 0.287732 0.466002 0.032692 0.014628
0 0.637872 0.474077 0.032945 0.014420
1 0.489333 0.552664 0.024171 0.018346
1 0.456951 0.542651 0.022689 0.019359
0 0.515853 0.473245 0.033116 0.012728
0 0.345142 0.481033 0.029438 0.014040
0 0.526444 0.465949 0.029971 0.013333
0 0.217452 0.456094 0.023385 0.009917
1 0.319219 0.494522 0.014499 0.012781
1 0.297842 0.487420 0.012313 0.010107
