0 0.043782 0.917550 0.087337 0.110351
0 0.148933 0.861487 0.098410 0.077128
0 0.508286 0.960078 0.085180 0.077891
0 0.528570 0.825698 0.050926 0.095790
2 0.169381 0.805977 0.060222 0.077935
3 0.169225 0.805287 0.060218 0.076156
0 0.467516 0.806222 0.050537 0.086717
0 0.905573 0.790953 0.055708 0.073584
0 0.294027 0.735326 0.058363 0.054356
0 0.598361 0.759606 0.041895 0.075146
0 0.376754 0.726887 0.034606 0.063473
0 0.818914 0.704115 0.039378 0.053731
1 0.622903 0.958124 0.025442 0.076251
0 0.972410 0.768920 0.033475 0.050046
0 0.548589 0.704158 0.029800 0.047818
0 0.572576 0.679983 0.027182 0.051252
0 0.503609 0.626746 0.026224 0.043707
0 0.456826 0.618155 0.030128 0.037569
0 0.592707 0.635632 0.027212 0.039881
1 0.670424 0.944191 0.018603 0.057631
0 0.847479 0.684825 0.035169 0.030449
1 0.392796 0.819532 0.015469 0.042649
0 0.993445 0.751903 0.012861 0.030260
