0 0.237639 0.793904 0.174957 0.108333
0 0.459718 0.757212 0.135688 0.090868
0 0.615526 0.644404 0.080621 0.047809
0 0.526005 0.599305 0.046244 0.022978
0 0.550264 0.580027 0.042853 0.021430
1 0.549238 0.694915 0.034540 0.030942
0 0.044161 0.630150 0.088302 0.035470
1 0.022587 0.786561 0.045026 0.039431
1 0.312874 0.709188 0.035896 0.032803
0 0.164057 0.612268 0.074393 0.022548
0 0.594305 0.562465 0.033718 0.017572
1 0.326772 0.672451 0.024181 0.022141
3 0.606429 0.601472 0.053316 0.038823
1 0.472122 0.601422 0.017899 0.014702
1 0.649188 0.626297 0.029536 0.029812
0 0.475125 0.560313 0.038142 0.017106
1 0.444529 0.614774 0.024230 0.015120
0 0.375213 0.570094 0.032766 0.021860
0 0.527773 0.543729 0.030273 0.016467
