0 0.746855 0.764513 0.236293 0.172480
3 0.912266 0.676757 0.174261 0.188790
0 0.388553 0.755361 0.142771 0.143784
0 0.722634 0.648855 0.154827 0.087737
0 0.510735 0.658090 0.127503 0.102716
0 0.059307 0.703157 0.117526 0.101155
2 0.831908 0.495260 0.182076 0.053007
3 0.565876 0.586304 0.097535 0.090234
0 0.801667 0.510544 0.147753 0.040024
2 0.953410 0.513765 0.092368 0.050474
0 0.955398 0.556524 0.089204 0.042491
0 0.779186 0.551987 0.098515 0.037937
0 0.036057 0.608988 0.071211 0.051589
0 0.415667 0.536971 0.066996 0.048954
2 0.704948 0.474099 0.086487 0.037748
2 0.109072 0.452067 0.092326 0.032428
0 0.157901 0.527718 0.076820 0.034513
0 0.720045 0.508892 0.086164 0.030741
0 0.511252 0.538553 0.064066 0.037852
0 0.250347 0.524120 0.065187 0.032813
3 0.087164 0.475157 0.061165 0.031964
0 0.515281 0.509056 0.053288 0.034595
0 0.842799 0.517937 0.063255 0.025567
0 0.615711 0.492486 0.054422 0.025522
0 0.425386 0.505407 0.043589 0.024709
0 0.414523 0.477535 0.030967 0.033275
0 0.537279 0.489643 0.039119 0.020477
0 0.473577 0.488484 0.038813 0.019766
0 0.670783 0.488570 0.037049 0.019930
0 0.017124 0.475379 0.033661 0.020406
1 0.628193 0.551578 0.025859 0.023467
1 0.462021 0.539460 0.023794 0.022591
0 0.323524 0.460455 0.029721 0.015687
0 0.248279 0.457573 0.030539 0.014778
0 0.409085 0.451706 0.027170 0.015565
0 0.588394 0.464529 0.028815 0.014476
0 0.466272 0.469605 0.027181 0.014583
1 0.200748 0.491601 0.019239 0.019675
0 0.308898 0.451740 0.024738 0.014606
0 0.344877 0.451522 0.022652 0.010892
