0 0.927833 0.904231 0.141885 0.184023
0 0.174099 0.580725 0.085701 0.136640
0 0.352454 0.538849 0.062409 0.098749
0 0.781293 0.505885 0.061941 0.086524
0 0.548757 0.340937 0.031573 0.050906
0 0.343748 0.351597 0.032041 0.044229
0 0.415422 0.352438 0.031126 0.045321
0 0.601724 0.363597 0.031650 0.044486
0 0.987838 0.913356 0.023859 0.047848
3 0.559727 0.234052 0.020841 0.048407
0 0.637401 0.334784 0.025824 0.038252
0 0.576196 0.312291 0.024039 0.034254
0 0.429335 0.313223 0.023740 0.034082
0 0.535682 0.304719 0.024538 0.030283
0 0.436109 0.289832 0.020873 0.029497
3 0.598396 0.221207 0.020812 0.029193
0 0.444460 0.262231 0.016451 0.025480
0 0.571858 0.264742 0.015429 0.024452
0 0.518693 0.265572 0.016191 0.021103
0 0.454528 0.247917 0.013120 0.022241
0 0.421550 0.244691 0.014246 0.017540
0 0.443655 0.227187 0.010480 0.011658
