0 0.634018 0.775612 0.150205 0.108293
0 0.499509 0.656982 0.075934 0.040243
3 0.635069 0.654739 0.080536 0.065963
0 0.529227 0.610695 0.059293 0.032925
0 0.044147 0.630513 0.087247 0.034516
1 0.407959 0.672637 0.026406 0.026367
0 0.887467 0.567136 0.037827 0.017503
1 0.854140 0.785775 0.059350 0.049465
1 0.247602 0.665099 0.022719 0.022451
0 0.594136 0.578040 0.041594 0.021352
1 0.356373 0.711679 0.029820 0.029398
0 0.544364 0.576021 0.035400 0.017919
2 0.168931 0.593719 0.058116 0.021003
0 0.441798 0.577757 0.047564 0.023199
0 0.981678 0.591392 0.035958 0.031325
1 0.441741 0.611317 0.020023 0.013581
1 0.414990 0.606051 0.015750 0.013686
