0 0.300214 0.560670 0.070690 0.103001
0 0.588889 0.463936 0.050411 0.075532
0 0.290923 0.359735 0.035898 0.044889
3 0.653395 0.430798 0.051395 0.082443
0 0.400805 0.387664 0.037431 0.059474
3 0.363316 0.260736 0.032705 0.068020
0 0.539086 0.305283 0.022092 0.032518
3 0.384220 0.244748 0.026700 0.061636
0 0.402124 0.280927 0.018860 0.027878
0 0.551914 0.281619 0.017039 0.023092
3 0.541403 0.217122 0.015033 0.035571
0 0.432094 0.295019 0.024072 0.042346
0 0.433347 0.242500 0.013150 0.020718
0 0.407483 0.238657 0.012830 0.023124
3 0.585723 0.284204 0.018803 0.028151
0 0.514992 0.248056 0.015473 0.026235
3 0.598187 0.223794 0.020493 0.029223
0 0.537974 0.247834 0.012838 0.019751
