3 0.338189 0.850522 0.079329 0.163910
0 0.464739 0.928159 0.081538 0.140024
0 0.075215 0.923285 0.094051 0.108194
0 0.186767 0.864527 0.100318 0.074744
3 0.419448 0.824780 0.057558 0.119587
0 0.659963 0.912929 0.061142 0.101251
3 0.203597 0.810929 0.057774 0.075822
0 0.591756 0.778778 0.044246 0.076989
0 0.321257 0.743922 0.045782 0.050437
0 0.408524 0.735057 0.034066 0.063500
0 0.584880 0.719459 0.033797 0.060994
0 0.926668 0.729313 0.038090 0.053315
0 0.510720 0.620313 0.037622 0.047056
0 0.488590 0.743121 0.033691 0.051923
0 0.388128 0.654381 0.043891 0.031390
0 0.585682 0.667505 0.026829 0.044595
0 0.621017 0.651929 0.026620 0.043274
1 0.506792 0.840247 0.016752 0.056624
1 0.481784 0.784697 0.015785 0.047323
1 0.459728 0.849620 0.020015 0.032422
0 0.547678 0.574215 0.018981 0.030386
1 0.540363 0.772998 0.012720 0.036607
