0 0.481711 0.705246 0.108529 0.068069
0 0.325512 0.718169 0.121266 0.073040
0 0.611918 0.627306 0.071315 0.041469
0 0.531970 0.590856 0.041773 0.021146
1 0.148845 0.714197 0.039253 0.032368
0 0.965106 0.587880 0.056583 0.023381
0 0.555811 0.575214 0.034123 0.021086
1 0.529322 0.655014 0.028159 0.025525
0 0.481405 0.555615 0.035561 0.016822
0 0.043552 0.629568 0.086541 0.035695
1 0.458707 0.601730 0.018770 0.015079
0 0.594768 0.558479 0.034943 0.017019
3 0.603743 0.591189 0.050546 0.033060
0 0.289324 0.573419 0.047845 0.016431
0 0.973235 0.588058 0.041171 0.022676
0 0.804028 0.562354 0.026829 0.014721
0 0.147467 0.613353 0.110231 0.026169
