0 0.070441 0.923784 0.087282 0.107205
0 0.489127 0.864140 0.066537 0.126633
0 0.186545 0.865936 0.101118 0.075948
3 0.357628 0.832804 0.059653 0.112076
0 0.576321 0.959933 0.077849 0.079113
0 0.449059 0.773607 0.056189 0.105660
0 0.647411 0.852106 0.053091 0.090528
3 0.202648 0.810565 0.060350 0.072377
0 0.598772 0.745131 0.039254 0.065627
0 0.935101 0.746232 0.043591 0.057811
0 0.319849 0.744178 0.045289 0.050546
0 0.407694 0.737022 0.033891 0.060065
0 0.585912 0.698180 0.032566 0.054301
0 0.393989 0.653730 0.048194 0.033905
0 0.499018 0.718912 0.033016 0.049355
0 0.618816 0.638406 0.025251 0.039946
0 0.585897 0.651325 0.024563 0.040193
0 0.431441 0.652231 0.031653 0.029988
0 0.350854 0.660008 0.027250 0.030223
