0 0.233445 0.837074 0.121968 0.200647
0 0.641116 0.577596 0.071761 0.108750
0 0.219522 0.522638 0.065887 0.092611
0 0.357524 0.508170 0.057386 0.086191
0 0.393018 0.399788 0.039610 0.056837
0 0.625930 0.402218 0.039181 0.052930
0 0.652758 0.359637 0.032413 0.047683
3 0.393214 0.234586 0.023482 0.050185
0 0.420456 0.321150 0.025946 0.039826
3 0.406693 0.224202 0.019152 0.047175
3 0.551059 0.224782 0.018071 0.042400
0 0.527555 0.282111 0.021114 0.032617
0 0.432105 0.287729 0.021312 0.029192
0 0.554050 0.295832 0.020284 0.029180
0 0.600877 0.292890 0.019098 0.028985
0 0.556312 0.275957 0.018907 0.026245
0 0.391656 0.268730 0.018312 0.024627
0 0.447031 0.264196 0.017004 0.021987
0 0.521670 0.264912 0.016544 0.021414
0 0.560318 0.250006 0.012648 0.020510
0 0.511767 0.242676 0.012582 0.016340
0 0.533165 0.242966 0.012535 0.013468
