0 0.473304 0.735144 0.130551 0.088346
0 0.051997 0.835786 0.103486 0.104985
0 0.515254 0.628765 0.066430 0.038854
0 0.430063 0.625144 0.066940 0.035064
0 0.147367 0.614053 0.108254 0.026552
0 0.599556 0.595752 0.049090 0.028269
0 0.043314 0.629212 0.086220 0.037271
1 0.639659 0.769359 0.041887 0.046006
0 0.540820 0.572696 0.035244 0.016930
1 0.642181 0.703420 0.031241 0.031156
1 0.469012 0.611588 0.016083 0.019489
1 0.084394 0.895832 0.060598 0.065631
0 0.289550 0.573684 0.053643 0.015552
0 0.493732 0.544909 0.031172 0.014651
0 0.564718 0.562879 0.031220 0.016953
0 0.449149 0.537421 0.032528 0.012529
