3 0.219371 0.355361 0.097315 0.176141
0 0.740899 0.865174 0.142218 0.224784
0 0.581981 0.434673 0.046988 0.066400
0 0.950268 0.913907 0.098945 0.168445
0 0.699758 0.406275 0.041597 0.059121
0 0.605996 0.352530 0.034291 0.042896
0 0.365215 0.307584 0.027670 0.039392
0 0.443478 0.240186 0.015320 0.020621
0 0.381158 0.246828 0.017251 0.020905
0 0.417668 0.235853 0.015399 0.023976
0 0.515840 0.249794 0.015530 0.020603
3 0.539288 0.237761 0.015028 0.026178
3 0.416179 0.199896 0.015529 0.037626
0 0.451329 0.227399 0.013065 0.015042
3 0.594815 0.207802 0.021268 0.031168
