3 0.616658 0.291602 0.043105 0.090523
3 0.310373 0.302455 0.052502 0.100871
0 0.268946 0.462549 0.055183 0.080599
0 0.658757 0.458682 0.048433 0.066071
0 0.596476 0.349315 0.033027 0.054614
0 0.582525 0.441906 0.050895 0.061061
0 0.673909 0.391793 0.037326 0.052612
0 0.531327 0.306051 0.025037 0.035080
0 0.572211 0.308204 0.022245 0.030514
0 0.397079 0.269584 0.019272 0.032017
0 0.563249 0.289841 0.018939 0.024566
0 0.522804 0.276359 0.017204 0.024418
3 0.544454 0.257956 0.017950 0.035218
0 0.457796 0.234246 0.012289 0.015749
0 0.417718 0.254503 0.016800 0.030067
3 0.598300 0.223081 0.020615 0.028478
