3 0.184714 0.387118 0.117104 0.202599
0 0.658317 0.641398 0.089161 0.142045
0 0.564749 0.395175 0.036861 0.055872
0 0.816000 0.683408 0.110407 0.147379
0 0.593425 0.334133 0.030008 0.039363
0 0.350217 0.332341 0.031494 0.045520
0 0.674792 0.379664 0.036156 0.051201
0 0.441071 0.250658 0.016924 0.024220
0 0.375227 0.255866 0.017581 0.023540
3 0.537029 0.227806 0.013896 0.043461
0 0.449089 0.232663 0.014978 0.022972
3 0.414697 0.204995 0.015231 0.037410
0 0.413913 0.246200 0.015706 0.023298
0 0.513711 0.246622 0.013624 0.019164
0 0.428227 0.228080 0.012899 0.018603
