3 0.947784 0.649945 0.103551 0.352166
0 0.385242 0.415584 0.045904 0.064177
3 0.737578 0.550331 0.094438 0.170540
0 0.293200 0.343891 0.032354 0.042717
0 0.621834 0.392050 0.036878 0.054680
0 0.578238 0.311834 0.025811 0.036494
0 0.345618 0.345892 0.032665 0.047074
0 0.410716 0.336013 0.034607 0.047821
0 0.546229 0.262217 0.015863 0.021359
0 0.536116 0.305811 0.025040 0.037382
0 0.522636 0.272851 0.017132 0.025394
0 0.426443 0.242233 0.014724 0.023881
0 0.587657 0.282059 0.018856 0.027353
3 0.397287 0.229372 0.021460 0.049776
