0 0.044826 0.918370 0.089617 0.110521
0 0.515872 0.949254 0.084025 0.099078
0 0.152953 0.860642 0.100339 0.074223
0 0.923542 0.802938 0.065158 0.076320
0 0.532117 0.812723 0.051405 0.090030
3 0.172137 0.806057 0.059769 0.074742
0 0.474676 0.796896 0.049249 0.079717
0 0.598686 0.753872 0.042479 0.073208
0 0.379530 0.717985 0.037020 0.080185
0 0.295932 0.735090 0.057444 0.051436
0 0.110593 0.887781 0.043783 0.046674
0 0.825734 0.711728 0.039968 0.048808
0 0.978833 0.774845 0.033627 0.046012
0 0.550700 0.699513 0.029148 0.046590
0 0.574981 0.677368 0.026855 0.049530
0 0.507028 0.623995 0.026507 0.043040
0 0.459955 0.619162 0.028914 0.038309
1 0.664197 0.918107 0.018553 0.051235
0 0.812975 0.611657 0.023019 0.036219
1 0.402205 0.804497 0.013494 0.041673
