0 0.506110 0.938563 0.232322 0.122104
0 0.644293 0.713370 0.157541 0.126429
3 0.766718 0.650651 0.145357 0.105312
0 0.410721 0.682325 0.124402 0.104795
2 0.871868 0.514002 0.190565 0.060341
3 0.618727 0.554228 0.080648 0.066962
3 0.246680 0.562556 0.087821 0.059981
0 0.539256 0.579007 0.084400 0.057307
2 0.621346 0.519115 0.085974 0.052554
3 0.621551 0.518966 0.086158 0.052229
0 0.032724 0.654827 0.064878 0.059692
0 0.133305 0.550519 0.101580 0.037606
2 0.741210 0.485018 0.097114 0.037641
0 0.437847 0.575113 0.073392 0.048636
0 0.024365 0.785434 0.047842 0.073700
2 0.155087 0.446474 0.088135 0.032581
3 0.787145 0.579574 0.070884 0.040283
3 0.959374 0.561156 0.079927 0.035702
0 0.471217 0.525799 0.064262 0.040938
0 0.869313 0.553414 0.070296 0.034316
3 0.613237 0.487357 0.068248 0.032266
0 0.150842 0.508505 0.075990 0.026205
0 0.308185 0.502564 0.058851 0.030618
0 0.879789 0.535152 0.066376 0.023681
0 0.241273 0.503269 0.054639 0.025991
0 0.300929 0.503248 0.042987 0.029413
1 0.823067 0.623688 0.038489 0.031784
0 0.509109 0.501856 0.046285 0.023768
1 0.829182 0.623951 0.027171 0.031264
0 0.277169 0.475377 0.042763 0.019637
0 0.459674 0.486377 0.034843 0.021230
0 0.543978 0.490823 0.035622 0.020255
0 0.435057 0.496125 0.034801 0.020514
0 0.062051 0.467058 0.035632 0.019021
0 0.345582 0.473990 0.036047 0.016360
1 0.679115 0.541965 0.019593 0.018416
0 0.568512 0.472803 0.025318 0.013127
