3 0.797009 0.460532 0.137634 0.236057
0 0.857048 0.802908 0.119899 0.148379
0 0.151301 0.958490 0.137310 0.080749
0 0.633423 0.607016 0.075212 0.106170
0 0.336715 0.527996 0.065827 0.106927
0 0.728847 0.576079 0.068305 0.091849
0 0.245698 0.490657 0.061193 0.087608
3 0.621942 0.374693 0.043415 0.090157
0 0.198444 0.440926 0.051582 0.068126
0 0.372375 0.320581 0.031559 0.052934
3 0.384775 0.239278 0.026354 0.057378
0 0.573197 0.312392 0.023627 0.034230
0 0.556184 0.276696 0.018838 0.026881
0 0.524789 0.272002 0.018409 0.027469
0 0.412862 0.263435 0.017942 0.023927
0 0.569388 0.261009 0.013625 0.022231
0 0.515517 0.251061 0.013206 0.019044
0 0.536314 0.246362 0.013854 0.017120
0 0.417687 0.229048 0.011318 0.013636
