0 0.074306 0.923974 0.095046 0.107452
0 0.483774 0.879346 0.070284 0.133939
0 0.185588 0.865945 0.102742 0.076676
3 0.352438 0.836900 0.062538 0.125044
0 0.650313 0.869525 0.055276 0.088424
0 0.579122 0.971289 0.081860 0.057209
3 0.202642 0.812287 0.060877 0.075898
0 0.438715 0.799144 0.047801 0.083336
3 0.254447 0.762664 0.039046 0.091310
0 0.596486 0.755147 0.040102 0.067749
0 0.932108 0.742435 0.043215 0.057939
0 0.407667 0.733758 0.034341 0.065674
0 0.865371 0.689499 0.042591 0.044260
0 0.585481 0.703655 0.030865 0.059061
0 0.496230 0.725713 0.031956 0.051490
0 0.619438 0.642348 0.026522 0.041102
