0 0.043940 0.915597 0.087594 0.110213
0 0.607933 0.887384 0.068129 0.125225
3 0.151881 0.859777 0.103026 0.078662
0 0.979126 0.792482 0.041291 0.073656
0 0.533617 0.780307 0.039235 0.063806
0 0.287965 0.734231 0.047368 0.051674
0 0.375407 0.722261 0.034051 0.069463
0 0.557497 0.732832 0.035403 0.062808
0 0.369426 0.661566 0.053967 0.033601
0 0.483603 0.671247 0.034548 0.051617
0 0.593765 0.681740 0.032902 0.051104
0 0.810970 0.703949 0.029633 0.052046
0 0.441985 0.623555 0.032754 0.041266
0 0.554257 0.679004 0.026958 0.047100
1 0.526032 0.967890 0.020284 0.053080
0 0.562370 0.628981 0.022898 0.041077
0 0.806409 0.636874 0.022458 0.037485
1 0.488060 0.778852 0.016459 0.048348
1 0.447495 0.735675 0.012253 0.033890
