0 0.672605 0.855648 0.268285 0.260117
3 0.792307 0.693321 0.218306 0.176184
2 0.863137 0.497899 0.273725 0.091191
0 0.380281 0.738179 0.157626 0.150906
3 0.715949 0.572873 0.178354 0.104676
0 0.498474 0.604047 0.119051 0.091872
2 0.648556 0.506687 0.120343 0.074930
3 0.648533 0.506795 0.120346 0.074716
1 0.961809 0.753843 0.076330 0.075628
0 0.166879 0.524375 0.098310 0.045211
2 0.692782 0.457385 0.091709 0.039757
2 0.092934 0.420462 0.097711 0.033491
0 0.501852 0.520477 0.069969 0.043708
0 0.042245 0.496494 0.084213 0.032361
0 0.481594 0.482095 0.057051 0.041294
0 0.545294 0.503806 0.060291 0.033385
0 0.379781 0.515940 0.053528 0.037113
0 0.421317 0.493585 0.053075 0.033533
1 0.979855 0.598573 0.040037 0.032123
0 0.174314 0.455204 0.051119 0.020541
0 0.396386 0.460667 0.039207 0.023196
0 0.461107 0.470442 0.039592 0.022122
0 0.229408 0.465244 0.038803 0.022206
0 0.290238 0.470201 0.038124 0.021140
3 0.312325 0.442527 0.032847 0.024131
0 0.566614 0.465516 0.040440 0.018249
0 0.579438 0.457402 0.034605 0.018073
0 0.466926 0.452902 0.032838 0.018122
0 0.522627 0.448340 0.032715 0.018168
0 0.240314 0.431063 0.033014 0.011576
0 0.441699 0.439997 0.027670 0.013107
0 0.286716 0.421047 0.023625 0.012487
0 0.280965 0.435089 0.015985 0.016741
