0 0.292480 0.721164 0.308349 0.163085
2 0.253726 0.482952 0.315015 0.131263
2 0.240446 0.419962 0.288490 0.091599
0 0.308238 0.574382 0.183505 0.076911
3 0.534357 0.467914 0.118746 0.089794
0 0.705589 0.528666 0.119569 0.065116
0 0.714858 0.457153 0.089203 0.044794
0 0.970945 0.471837 0.058109 0.067877
0 0.619200 0.442327 0.070323 0.043236
0 0.452705 0.470498 0.051914 0.050410
0 0.952881 0.403733 0.065224 0.034550
0 0.531174 0.400376 0.066213 0.033969
0 0.628108 0.402264 0.066540 0.030754
2 0.621022 0.337855 0.063584 0.030988
0 0.729240 0.396200 0.057500 0.028859
0 0.666649 0.381251 0.049346 0.026155
0 0.977525 0.372401 0.044951 0.025228
0 0.612527 0.380607 0.039388 0.026112
0 0.513492 0.356946 0.047789 0.020691
0 0.217749 0.355820 0.044452 0.019574
0 0.236792 0.349332 0.044884 0.018105
0 0.697807 0.355111 0.035168 0.019545
3 0.684850 0.328650 0.026676 0.024184
1 0.568855 0.414510 0.026002 0.020881
0 0.751137 0.353804 0.026438 0.020321
1 0.483072 0.367928 0.017284 0.015747
