0 0.281369 0.677002 0.089170 0.046639
0 0.488686 0.764473 0.146406 0.102866
0 0.519001 0.645029 0.080922 0.046952
0 0.533914 0.596032 0.048353 0.026857
0 0.045638 0.630711 0.089983 0.035024
0 0.599832 0.577734 0.040569 0.021923
0 0.151966 0.614425 0.106437 0.026714
0 0.478085 0.591102 0.045530 0.024064
1 0.417412 0.719651 0.041068 0.039084
1 0.107472 0.961576 0.071339 0.075877
1 0.309874 0.901814 0.077229 0.067520
0 0.980070 0.583857 0.039861 0.018612
0 0.928664 0.594945 0.060000 0.027255
0 0.829645 0.567963 0.039895 0.014576
1 0.627556 0.655244 0.023325 0.022484
1 0.361475 0.675549 0.027560 0.026874
1 0.661564 0.624513 0.020354 0.019751
0 0.551639 0.560848 0.029902 0.015269
0 0.299744 0.574069 0.049381 0.015067
1 0.660985 0.621805 0.022862 0.024519
