2 0.210869 0.646047 0.421404 0.177937
0 0.103682 0.943443 0.205423 0.112407
0 0.719039 0.645645 0.131497 0.049777
0 0.814086 0.636266 0.128617 0.048336
3 0.420722 0.573327 0.113832 0.043795
1 0.757937 0.791671 0.073494 0.055242
2 0.588121 0.494409 0.095843 0.040414
0 0.702342 0.585373 0.103393 0.036938
0 0.566236 0.586051 0.095233 0.038601
0 0.869739 0.576643 0.094279 0.037374
1 0.760909 0.799188 0.066831 0.039911
1 0.746002 0.694624 0.056439 0.042482
0 0.556944 0.562131 0.081288 0.026209
3 0.812274 0.535818 0.055922 0.034412
0 0.683076 0.534201 0.060280 0.026918
0 0.820761 0.524944 0.056064 0.020370
1 0.586107 0.638662 0.038401 0.029151
0 0.475638 0.537514 0.039984 0.027576
0 0.396406 0.522928 0.045059 0.024361
1 0.746853 0.703143 0.037464 0.028227
0 0.772378 0.515039 0.045931 0.018441
0 0.355885 0.509914 0.043498 0.019102
0 0.407096 0.504667 0.040866 0.018697
2 0.364429 0.490868 0.032911 0.023006
0 0.704278 0.507335 0.046120 0.016024
0 0.309650 0.505262 0.037879 0.017381
0 0.159792 0.496082 0.034412 0.018494
3 0.243660 0.480037 0.030452 0.019594
0 0.210902 0.474933 0.035814 0.015440
0 0.481625 0.487168 0.032796 0.015133
0 0.340310 0.498339 0.032107 0.015345
0 0.277760 0.488261 0.029225 0.016290
0 0.260215 0.490965 0.028101 0.015839
0 0.646162 0.505515 0.026704 0.016435
0 0.995978 0.912651 0.008044 0.049168
1 0.371205 0.540482 0.019293 0.015806
1 0.159642 0.532689 0.019406 0.013975
1 0.324456 0.531308 0.016498 0.011210
1 0.269395 0.511889 0.016956 0.010674
1 0.289038 0.518413 0.015880 0.011233
0 0.258312 0.455631 0.016488 0.008962
