2 0.119272 0.692970 0.237833 0.168755
2 0.113955 0.945134 0.226642 0.108906
3 0.559367 0.646981 0.119826 0.069666
0 0.733448 0.644296 0.143509 0.054387
0 0.936686 0.662362 0.126495 0.056785
1 0.874623 0.774900 0.088947 0.068461
0 0.696415 0.603440 0.112385 0.039886
0 0.963923 0.761380 0.071335 0.057281
3 0.588746 0.630567 0.076453 0.050525
1 0.804812 0.708809 0.060303 0.045933
2 0.544840 0.486285 0.075261 0.036051
0 0.574154 0.579131 0.058276 0.037980
3 0.954154 0.570829 0.061231 0.031557
0 0.441929 0.541745 0.060203 0.027471
0 0.674795 0.531031 0.058180 0.023873
3 0.709920 0.515403 0.044420 0.028073
0 0.387161 0.522459 0.050346 0.023251
0 0.835382 0.526693 0.057603 0.019571
0 0.455121 0.519540 0.046103 0.021384
3 0.411529 0.503855 0.037473 0.025694
0 0.583179 0.509320 0.042440 0.020820
0 0.787337 0.516779 0.045404 0.018510
3 0.260309 0.491720 0.029824 0.022718
0 0.370508 0.510497 0.037231 0.017851
0 0.175394 0.499186 0.033069 0.018719
3 0.298420 0.504824 0.029130 0.019641
0 0.596594 0.495734 0.032871 0.014883
1 0.407761 0.568701 0.022106 0.020510
0 0.214170 0.469336 0.028503 0.015250
1 0.524279 0.563971 0.023552 0.017773
1 0.192512 0.539674 0.022729 0.018242
0 0.309542 0.484011 0.027527 0.014038
0 0.453109 0.479708 0.026470 0.013330
1 0.388934 0.556992 0.021603 0.013652
1 0.192469 0.542395 0.021399 0.013371
0 0.300150 0.471174 0.023438 0.011328
1 0.339498 0.533179 0.017675 0.014241
1 0.309218 0.527441 0.017475 0.013484
