0 0.336006 0.583345 0.070384 0.112014
0 0.764389 0.485914 0.057188 0.081063
0 0.862718 0.789595 0.120810 0.157272
0 0.337981 0.360199 0.033063 0.045422
0 0.411154 0.365251 0.032034 0.047918
0 0.546777 0.335507 0.030695 0.048572
0 0.426570 0.322266 0.024803 0.036065
0 0.633505 0.331275 0.024837 0.037799
0 0.574441 0.309680 0.022970 0.034758
0 0.596505 0.356756 0.030646 0.041305
3 0.559068 0.234662 0.020310 0.048349
0 0.143760 0.614950 0.096719 0.159568
0 0.434142 0.295655 0.022849 0.030159
0 0.533580 0.301317 0.022438 0.029714
0 0.518026 0.265048 0.015611 0.020746
0 0.442663 0.266611 0.017431 0.028319
2 0.405572 0.224954 0.019246 0.043336
0 0.570870 0.264876 0.014965 0.023366
0 0.419966 0.248087 0.013422 0.018344
