0 0.393746 0.879845 0.216715 0.239445
3 0.855984 0.650840 0.288032 0.170011
0 0.568644 0.702678 0.181920 0.158629
3 0.937792 0.853332 0.124415 0.221737
3 0.704998 0.533036 0.160071 0.093718
2 0.817392 0.479541 0.177350 0.054855
0 0.536802 0.555880 0.089853 0.056646
0 0.109836 0.533492 0.093782 0.041407
2 0.694071 0.456500 0.092262 0.039231
0 0.382097 0.551700 0.069744 0.049500
0 0.577739 0.529729 0.075332 0.043154
2 0.091569 0.426884 0.095165 0.033283
3 0.495822 0.502699 0.063147 0.049317
0 0.430209 0.518153 0.065643 0.041649
0 0.015516 0.756729 0.030315 0.074252
0 0.243174 0.480126 0.053944 0.031065
0 0.138869 0.467656 0.056945 0.023096
0 0.468971 0.482769 0.047060 0.027630
0 0.398077 0.473536 0.044461 0.028747
0 0.602414 0.479778 0.049779 0.020973
0 0.594283 0.463073 0.041935 0.018027
0 0.475174 0.463442 0.036886 0.020397
0 0.540228 0.455953 0.035602 0.019963
0 0.218480 0.443944 0.038578 0.016519
0 0.403729 0.458813 0.035609 0.017153
2 0.325635 0.431966 0.025279 0.022878
0 0.306625 0.452969 0.034435 0.016593
0 0.446639 0.449616 0.031698 0.015786
0 0.487664 0.446385 0.028237 0.014957
0 0.399913 0.443096 0.024172 0.016011
0 0.576245 0.445981 0.028569 0.013462
0 0.293340 0.430076 0.023251 0.012831
