3 0.181347 0.857127 0.362694 0.283193
2 0.245442 0.438678 0.263908 0.112045
2 0.393828 0.442161 0.214689 0.096313
0 0.676397 0.644550 0.186121 0.108448
0 0.493212 0.561781 0.168285 0.079916
3 0.610443 0.428220 0.084628 0.067683
0 0.502341 0.480598 0.108007 0.048257
0 0.737112 0.466465 0.086748 0.045004
0 0.744880 0.422509 0.069903 0.034104
0 0.983616 0.463541 0.032769 0.048618
0 0.584447 0.384702 0.055678 0.027473
2 0.640958 0.338751 0.052625 0.027406
0 0.666167 0.387894 0.055146 0.025270
0 0.248861 0.358840 0.059516 0.019927
0 0.748768 0.381241 0.048065 0.023861
0 0.555154 0.424464 0.033509 0.033275
0 0.663380 0.416038 0.033755 0.032030
0 0.942297 0.390972 0.032949 0.031200
0 0.521092 0.363756 0.046205 0.019986
0 0.687861 0.373157 0.039601 0.020985
1 0.684939 0.443333 0.025049 0.023116
0 0.717148 0.351175 0.028350 0.016664
0 0.739448 0.333077 0.028829 0.013240
