0 0.043463 0.916508 0.086639 0.111339
0 0.149640 0.861559 0.099040 0.078654
0 0.526752 0.832961 0.054784 0.094659
0 0.506479 0.965276 0.069427 0.068064
2 0.168741 0.805518 0.060201 0.076677
0 0.464694 0.813727 0.051110 0.084192
0 0.599276 0.762794 0.044189 0.075755
0 0.906268 0.785714 0.043575 0.075660
0 0.287060 0.733953 0.048706 0.050822
0 0.106908 0.886724 0.044973 0.049208
0 0.375983 0.727640 0.035249 0.061912
0 0.817268 0.700468 0.037222 0.051640
1 0.623243 0.962909 0.024946 0.069333
0 0.327822 0.665158 0.047107 0.034348
0 0.967884 0.757533 0.027965 0.057205
1 0.673207 0.953214 0.022837 0.069036
0 0.546998 0.705023 0.030105 0.049603
0 0.456681 0.617469 0.030132 0.038566
0 0.593013 0.636067 0.026705 0.039723
0 0.841213 0.681724 0.023887 0.031433
0 0.939961 0.765694 0.017765 0.039637
