3 0.222886 0.376360 0.100723 0.179414
3 0.664652 0.334123 0.065214 0.125762
3 0.087829 0.497324 0.175627 0.286364
0 0.122274 0.934400 0.152660 0.128808
3 0.866965 0.559817 0.201599 0.273052
3 0.344998 0.374008 0.037649 0.064504
0 0.448605 0.217576 0.008850 0.011855
0 0.425063 0.242417 0.012919 0.019134
0 0.458574 0.241028 0.010960 0.011448
0 0.464163 0.223294 0.011176 0.013331
3 0.598709 0.223927 0.021469 0.030465
0 0.501188 0.209563 0.007841 0.016062
3 0.821364 0.508058 0.111181 0.168671
0 0.437917 0.233840 0.011027 0.013381
