0 0.694521 0.692956 0.092969 0.051515
0 0.570860 0.618675 0.061489 0.036723
0 0.447805 0.596077 0.046089 0.022070
3 0.305783 0.662092 0.123969 0.070850
0 0.069794 0.632000 0.095057 0.033981
3 0.342094 0.742843 0.161418 0.104261
0 0.342128 0.742862 0.160858 0.104848
0 0.181033 0.613736 0.102963 0.023233
1 0.461100 0.651480 0.024250 0.022375
0 0.569801 0.587481 0.046712 0.024159
1 0.377195 0.674969 0.031524 0.028243
1 0.393949 0.628588 0.020042 0.019588
0 0.961906 0.604357 0.052583 0.023562
0 0.933616 0.575320 0.039605 0.017431
0 0.596617 0.851427 0.194986 0.140162
0 0.545010 0.560664 0.033280 0.016961
3 0.248843 0.646930 0.113600 0.068405
0 0.598922 0.888990 0.201133 0.216355
0 0.576154 0.566039 0.034163 0.018015
