0 0.496855 0.662762 0.077114 0.041754
0 0.634127 0.791965 0.159520 0.117336
3 0.637510 0.659272 0.081845 0.070281
0 0.529078 0.613205 0.059837 0.033626
1 0.402358 0.679652 0.028754 0.028464
0 0.043965 0.630588 0.086853 0.034242
1 0.345762 0.722512 0.035180 0.030857
0 0.594476 0.579430 0.042051 0.023420
0 0.543776 0.575796 0.036202 0.019826
0 0.613156 0.569201 0.036103 0.019112
0 0.981421 0.589736 0.036461 0.030963
1 0.235513 0.672563 0.023170 0.022475
0 0.439194 0.579004 0.048474 0.023382
0 0.880793 0.566096 0.046491 0.016957
1 0.876701 0.794275 0.065564 0.078854
1 0.438296 0.613918 0.019841 0.016257
0 0.149441 0.613543 0.108877 0.026507
0 0.811223 0.551192 0.031978 0.013362
0 0.596572 0.551306 0.029213 0.015471
2 0.168762 0.593779 0.058792 0.021271
