0 0.124585 0.934740 0.248144 0.130103
2 0.383874 0.553949 0.120626 0.101237
3 0.383916 0.554113 0.119835 0.101151
2 0.766392 0.509311 0.153461 0.058403
0 0.681298 0.660503 0.139571 0.059628
0 0.062436 0.707499 0.124759 0.062796
0 0.961935 0.753375 0.075682 0.071565
0 0.793186 0.604978 0.115039 0.043769
0 0.576330 0.558796 0.078761 0.032433
0 0.976183 0.690594 0.047038 0.044873
0 0.496237 0.532768 0.067402 0.030865
0 0.597356 0.536880 0.066728 0.027579
0 0.555370 0.517134 0.062236 0.023306
2 0.334040 0.514128 0.045280 0.031406
1 0.706921 0.622184 0.042952 0.032075
0 0.477573 0.518126 0.061209 0.022487
0 0.620814 0.500795 0.050633 0.020398
0 0.863816 0.511070 0.044739 0.019031
0 0.454570 0.492328 0.040962 0.020475
0 0.394229 0.494582 0.041012 0.020116
1 0.233902 0.600597 0.030317 0.026705
1 0.514976 0.639362 0.034065 0.023219
0 0.346590 0.476733 0.033403 0.020951
0 0.366263 0.484159 0.038692 0.017596
0 0.196063 0.483398 0.035455 0.018655
1 0.575241 0.582412 0.025865 0.018410
0 0.402311 0.475972 0.031081 0.015283
1 0.479939 0.548599 0.023725 0.019450
0 0.638313 0.474784 0.030300 0.015188
0 0.520804 0.475092 0.034219 0.013284
0 0.285106 0.465881 0.032090 0.014111
0 0.530315 0.467205 0.030062 0.013082
0 0.482549 0.466464 0.027751 0.013697
3 0.254836 0.465562 0.024027 0.014818
0 0.214176 0.455899 0.023469 0.010056
1 0.316432 0.492289 0.014266 0.015579
