3 0.695249 0.363451 0.078325 0.147885
0 0.961790 0.732513 0.075961 0.136242
3 0.365709 0.256582 0.031724 0.068435
0 0.616436 0.387529 0.034470 0.048019
0 0.552952 0.372664 0.033861 0.047875
0 0.387919 0.298490 0.023840 0.033670
0 0.643410 0.445945 0.043501 0.059453
0 0.604013 0.528060 0.063653 0.096183
0 0.550518 0.275394 0.016627 0.024880
3 0.577200 0.307938 0.029109 0.059491
0 0.411430 0.240475 0.012891 0.019916
0 0.301631 0.426252 0.052553 0.086520
3 0.784233 0.642672 0.097778 0.151759
0 0.541864 0.254418 0.015703 0.020915
0 0.784220 0.642608 0.097461 0.151580
3 0.438118 0.195136 0.010892 0.026678
0 0.516771 0.253358 0.014513 0.018804
0 0.555149 0.249223 0.011870 0.018239
