0 0.456272 0.744965 0.114986 0.071834
0 0.508230 0.644502 0.078647 0.046295
0 0.591436 0.592982 0.049946 0.027028
0 0.405075 0.595636 0.058793 0.028031
0 0.043865 0.631662 0.086200 0.034278
1 0.306529 0.797713 0.050869 0.053329
0 0.536806 0.586443 0.040219 0.022503
1 0.719441 0.659385 0.026293 0.023196
3 0.656702 0.719762 0.111328 0.103401
1 0.674736 0.620263 0.019528 0.017788
0 0.632792 0.579695 0.046877 0.023040
1 0.379590 0.657495 0.025527 0.019541
3 0.650249 0.972923 0.224858 0.053540
0 0.649857 0.973019 0.225204 0.053311
0 0.142922 0.614768 0.106270 0.027486
1 0.020491 0.795449 0.040982 0.040445
0 0.595280 0.558742 0.031566 0.015995
1 0.412782 0.635235 0.020860 0.016852
