3 0.912881 0.611473 0.173230 0.385513
0 0.359091 0.485114 0.057616 0.081558
0 0.272936 0.364614 0.036043 0.048297
0 0.602935 0.361028 0.031854 0.047431
0 0.327518 0.374505 0.037831 0.054418
0 0.571089 0.299925 0.023308 0.032428
3 0.687210 0.474346 0.070585 0.134153
0 0.532444 0.293701 0.022930 0.034797
0 0.520112 0.265003 0.015868 0.023810
0 0.399237 0.366784 0.037956 0.058841
3 0.394074 0.232452 0.022964 0.051920
0 0.542913 0.258082 0.015565 0.019039
0 0.392327 0.287529 0.024450 0.039737
0 0.422760 0.248123 0.015584 0.022857
3 0.581599 0.275198 0.016792 0.024460
