0 0.073071 0.923906 0.092883 0.108586
0 0.480880 0.886052 0.071394 0.134862
3 0.348770 0.838472 0.062383 0.130049
0 0.184891 0.866130 0.103131 0.077037
3 0.435532 0.792739 0.049650 0.107072
0 0.651514 0.875471 0.055105 0.087635
3 0.202513 0.811177 0.060065 0.073799
0 0.579926 0.977003 0.081997 0.044704
3 0.594883 0.757365 0.043105 0.073231
0 0.323780 0.744188 0.047099 0.050355
0 0.407587 0.734360 0.034212 0.063276
0 0.932367 0.741294 0.039850 0.053894
0 0.864029 0.690280 0.041119 0.040733
0 0.496223 0.728171 0.030498 0.050198
0 0.392218 0.655716 0.044436 0.033748
0 0.560055 0.645002 0.023481 0.042785
0 0.349520 0.660081 0.024326 0.030334
