0 0.205477 0.905380 0.142315 0.183853
0 0.726422 0.572767 0.068161 0.091787
0 0.015154 0.867454 0.030056 0.171127
0 0.713813 0.429611 0.045843 0.064740
0 0.387499 0.426481 0.043569 0.064368
0 0.312920 0.394984 0.040482 0.054773
0 0.414001 0.356584 0.031567 0.044507
0 0.538461 0.312368 0.026501 0.042597
0 0.424919 0.317114 0.026590 0.038332
3 0.556587 0.230693 0.019414 0.046132
0 0.579846 0.332002 0.025378 0.034737
3 0.401064 0.226758 0.018390 0.046768
3 0.414663 0.218960 0.017642 0.045420
0 0.621175 0.315884 0.023114 0.033831
0 0.567005 0.296623 0.021591 0.030507
0 0.529648 0.286866 0.020660 0.029100
0 0.437337 0.279094 0.019365 0.030684
0 0.447680 0.261717 0.016617 0.023105
0 0.566931 0.258957 0.014266 0.021978
0 0.412155 0.254000 0.015459 0.018709
0 0.515976 0.256325 0.013996 0.018436
0 0.431982 0.213604 0.009574 0.016924
