0 0.073121 0.925801 0.095173 0.108698
3 0.572388 0.933703 0.075694 0.130466
0 0.185603 0.867712 0.102547 0.074750
0 0.501416 0.830066 0.059531 0.113078
3 0.371468 0.816508 0.056609 0.099887
3 0.406558 0.717802 0.042981 0.099373
3 0.202363 0.811185 0.059233 0.070006
0 0.641531 0.822162 0.049035 0.082035
3 0.462405 0.756369 0.047056 0.079882
0 0.883899 0.702027 0.046849 0.053487
0 0.938998 0.761208 0.041306 0.059778
0 0.602414 0.728822 0.035534 0.063155
0 0.321955 0.743768 0.039713 0.052893
0 0.394890 0.657070 0.049550 0.033715
0 0.586633 0.684614 0.028926 0.051560
0 0.507867 0.703383 0.030562 0.044218
0 0.617960 0.630443 0.023189 0.041512
0 0.585604 0.640176 0.022813 0.036605
0 0.994324 0.743704 0.011049 0.040023
