3 0.335351 0.855320 0.081204 0.170998
0 0.459890 0.931982 0.084097 0.134308
0 0.074948 0.923806 0.094301 0.106918
0 0.186553 0.864535 0.099805 0.074538
3 0.416343 0.831486 0.060511 0.120419
0 0.660931 0.920333 0.063460 0.104446
3 0.204010 0.811655 0.059698 0.077913
0 0.591131 0.783743 0.045756 0.078000
0 0.322028 0.743169 0.044836 0.050400
0 0.408485 0.733588 0.034595 0.065293
0 0.584504 0.724129 0.035874 0.062051
0 0.926615 0.724949 0.037196 0.052133
0 0.509610 0.621124 0.036491 0.049472
0 0.487389 0.745132 0.035098 0.049593
0 0.388960 0.653988 0.041966 0.032517
0 0.620375 0.653846 0.028013 0.044097
0 0.585409 0.669099 0.026648 0.044995
0 0.558787 0.656401 0.024717 0.042573
1 0.505135 0.851878 0.015654 0.045549
1 0.456606 0.856535 0.019678 0.035025
1 0.479077 0.789678 0.014279 0.044619
0 0.548259 0.574584 0.019811 0.030853
1 0.539243 0.775821 0.013462 0.039667
