0 0.443831 0.795035 0.163669 0.118003
0 0.506310 0.646242 0.078532 0.045629
0 0.406719 0.644027 0.077546 0.042974
0 0.601398 0.604026 0.054909 0.030859
0 0.043190 0.629689 0.085768 0.036399
1 0.650738 0.857000 0.057509 0.065195
0 0.830978 0.571637 0.034372 0.017625
1 0.291737 0.643314 0.024236 0.021237
0 0.536884 0.578295 0.034570 0.017819
0 0.145462 0.613578 0.102430 0.025922
1 0.653484 0.747427 0.042870 0.041677
0 0.490171 0.547846 0.032113 0.016393
1 0.525217 0.614410 0.018538 0.016933
0 0.291091 0.573897 0.056964 0.016238
1 0.444637 0.624171 0.018959 0.022404
