3 0.806907 0.465715 0.150659 0.246779
3 0.282067 0.329716 0.071640 0.126688
3 0.330627 0.291265 0.045755 0.100409
0 0.251286 0.490233 0.056556 0.077606
0 0.387367 0.334189 0.028799 0.039143
0 0.521098 0.262330 0.015486 0.023275
3 0.557392 0.278034 0.020222 0.033313
0 0.513758 0.241666 0.011769 0.017435
0 0.504999 0.222903 0.010524 0.018495
0 0.391280 0.284294 0.021641 0.036083
3 0.532310 0.206745 0.012838 0.032435
0 0.551307 0.236644 0.009429 0.015771
3 0.598974 0.223947 0.021102 0.029837
0 0.543138 0.241225 0.012168 0.023642
