0 0.153903 0.885337 0.307512 0.228340
2 0.241607 0.437450 0.262788 0.112019
0 0.665547 0.669568 0.200355 0.121010
2 0.380106 0.446114 0.221955 0.100071
0 0.475591 0.575376 0.178068 0.085037
3 0.603802 0.430168 0.088497 0.068118
0 0.484986 0.488068 0.114176 0.050056
0 0.734410 0.471823 0.090963 0.046624
0 0.741980 0.426111 0.071102 0.035784
0 0.979723 0.453467 0.040259 0.046776
0 0.579614 0.385937 0.058636 0.028643
2 0.639453 0.338551 0.054284 0.027826
0 0.662087 0.389258 0.056303 0.025689
0 0.660507 0.418932 0.038096 0.034180
0 0.746469 0.382542 0.050546 0.024162
0 0.545013 0.428074 0.034388 0.035303
0 0.244144 0.358450 0.059768 0.020092
0 0.686315 0.374943 0.042784 0.023635
0 0.519861 0.362926 0.046903 0.019804
0 0.644051 0.370279 0.032498 0.021032
1 0.679362 0.447810 0.025926 0.024919
0 0.714707 0.351325 0.028907 0.016572
0 0.761097 0.349721 0.025837 0.018269
0 0.738282 0.332991 0.029717 0.013356
