0 0.617602 0.769358 0.210512 0.188831
0 0.732336 0.650566 0.178947 0.144498
2 0.863339 0.498877 0.273027 0.090669
0 0.326352 0.955702 0.234933 0.087933
0 0.377486 0.696508 0.141696 0.123749
2 0.683954 0.553200 0.157510 0.087305
3 0.683905 0.553128 0.157637 0.087150
2 0.815583 0.483321 0.177033 0.057270
0 0.482324 0.580533 0.104116 0.079224
0 0.115619 0.552869 0.126311 0.056726
2 0.631923 0.495029 0.108352 0.059831
3 0.630914 0.494853 0.105984 0.059292
2 0.694398 0.457654 0.096987 0.039946
0 0.974466 0.703862 0.050301 0.067810
1 0.862554 0.679776 0.059462 0.055426
2 0.092796 0.418178 0.095172 0.033374
0 0.492947 0.511333 0.064895 0.038465
0 0.535773 0.496779 0.057456 0.032195
0 0.380678 0.506343 0.048819 0.034642
1 0.978063 0.605026 0.043874 0.037754
0 0.417975 0.486751 0.050863 0.030875
0 0.151854 0.461797 0.058362 0.023464
0 0.217442 0.471646 0.051040 0.024680
0 0.273276 0.479365 0.049760 0.024754
0 0.018234 0.510134 0.036109 0.028309
0 0.396196 0.455123 0.039170 0.024305
3 0.304902 0.446909 0.034706 0.026115
0 0.557362 0.461923 0.037036 0.017113
0 0.227743 0.450884 0.036525 0.016267
0 0.516086 0.446064 0.030782 0.017673
0 0.314412 0.432323 0.031313 0.015093
1 0.149899 0.481951 0.020534 0.019226
0 0.440356 0.436745 0.025847 0.012990
