0 0.261179 0.720863 0.100124 0.169544
0 0.646252 0.618241 0.080693 0.126557
3 0.704928 0.506721 0.069546 0.109866
0 0.355000 0.441654 0.047090 0.067639
3 0.370466 0.251965 0.030215 0.065152
0 0.416621 0.341590 0.030367 0.047474
3 0.390326 0.238414 0.023603 0.057597
0 0.322504 0.330232 0.030421 0.038753
0 0.547119 0.325611 0.025850 0.038072
0 0.438592 0.277794 0.020961 0.037758
0 0.594427 0.292865 0.020610 0.031189
3 0.598377 0.221583 0.020465 0.029842
0 0.559731 0.291593 0.020530 0.029707
3 0.543149 0.216809 0.016142 0.037475
0 0.410557 0.269230 0.016663 0.022856
0 0.574278 0.264011 0.014563 0.021839
0 0.540848 0.251415 0.013930 0.020904
0 0.519949 0.258378 0.014027 0.017491
0 0.437133 0.237147 0.012594 0.012688
