0 0.203224 0.720751 0.117394 0.061558
0 0.501525 0.672554 0.096883 0.060011
0 0.524819 0.607166 0.055250 0.030823
0 0.447521 0.864904 0.198600 0.158932
0 0.459407 0.602018 0.053732 0.027445
0 0.894470 0.587020 0.048808 0.022475
0 0.598370 0.584372 0.041657 0.023652
1 0.351055 0.797731 0.053964 0.053077
0 0.044061 0.630344 0.086439 0.035264
1 0.630245 0.688966 0.030315 0.028163
0 0.810960 0.561643 0.033972 0.015062
1 0.292987 0.728414 0.035463 0.034369
0 0.154969 0.614160 0.117963 0.026955
0 0.897270 0.567584 0.033464 0.014877
0 0.546094 0.565479 0.030795 0.015238
1 0.681369 0.649926 0.025847 0.024276
0 0.454101 0.536817 0.031419 0.011960
