0 0.633778 0.783084 0.153075 0.113042
0 0.498555 0.659786 0.076475 0.041328
0 0.529865 0.611693 0.058061 0.033257
3 0.636448 0.656922 0.080230 0.067742
0 0.043931 0.630608 0.086897 0.034402
1 0.350950 0.717664 0.031990 0.028424
0 0.593739 0.579150 0.044611 0.022316
0 0.981684 0.590800 0.036103 0.031958
0 0.882000 0.566785 0.047583 0.017287
1 0.405325 0.676424 0.028943 0.026674
0 0.544108 0.575887 0.035467 0.019070
0 0.440368 0.578553 0.048660 0.023751
1 0.241170 0.668747 0.025173 0.023044
1 0.439546 0.612970 0.018645 0.015099
0 0.148918 0.613643 0.110180 0.026303
2 0.168717 0.593755 0.058685 0.021125
1 0.645066 0.606222 0.027868 0.019290
0 0.612500 0.568868 0.036113 0.018405
1 0.865143 0.783368 0.062725 0.076860
0 0.813425 0.551607 0.034597 0.012845
