3 0.341010 0.849623 0.075162 0.157201
3 0.468293 0.922347 0.078961 0.149008
0 0.074527 0.923897 0.092938 0.107230
0 0.185384 0.864986 0.103250 0.076082
3 0.424559 0.814320 0.057173 0.119730
0 0.658297 0.903255 0.059930 0.101277
3 0.202747 0.810432 0.059339 0.075451
0 0.592930 0.774066 0.042800 0.075957
3 0.406896 0.725572 0.036265 0.081239
0 0.322698 0.743263 0.049110 0.051147
0 0.928179 0.734927 0.040510 0.050277
0 0.583194 0.713774 0.036766 0.051768
0 0.490261 0.739413 0.033139 0.050969
0 0.390632 0.654465 0.043331 0.032732
0 0.557650 0.653091 0.027782 0.043456
0 0.620637 0.651591 0.026429 0.042678
0 0.585922 0.665442 0.025188 0.042461
1 0.508226 0.837779 0.017977 0.046904
