0 0.627838 0.761976 0.255717 0.175295
2 0.245707 0.435091 0.278866 0.112604
2 0.337951 0.458396 0.250496 0.108939
0 0.424879 0.616101 0.210431 0.103724
0 0.433310 0.512873 0.132833 0.057405
3 0.582205 0.440777 0.097457 0.074455
0 0.726142 0.488347 0.098932 0.052298
0 0.733899 0.435822 0.077567 0.038716
0 0.970827 0.430639 0.058345 0.040623
0 0.649084 0.425319 0.048597 0.036630
0 0.562108 0.390043 0.058324 0.030277
0 0.651633 0.393131 0.060274 0.028307
2 0.631376 0.337269 0.055899 0.029167
0 0.516595 0.440927 0.040231 0.039955
0 0.740841 0.386632 0.053606 0.026100
0 0.233051 0.356637 0.059443 0.019443
0 0.519062 0.360049 0.047201 0.019578
0 0.683417 0.375930 0.038073 0.024141
0 0.633463 0.373518 0.034950 0.023998
1 0.663792 0.461949 0.029871 0.026256
0 0.758167 0.350557 0.026799 0.019776
0 0.709736 0.351946 0.029308 0.017730
0 0.992753 0.390799 0.014077 0.029431
