0 0.123146 0.935777 0.245259 0.128033
2 0.372197 0.572377 0.175097 0.118438
0 0.765517 0.712011 0.173299 0.073976
0 0.883038 0.637819 0.137921 0.052045
2 0.715637 0.501392 0.134983 0.052654
0 0.955929 0.576592 0.088141 0.039595
0 0.608398 0.575030 0.088086 0.035418
0 0.643923 0.555162 0.077905 0.031105
0 0.518041 0.543260 0.074059 0.031326
1 0.774482 0.656917 0.051518 0.038470
0 0.592501 0.530566 0.070525 0.026534
1 0.570946 0.666356 0.048807 0.034899
0 0.350404 0.523683 0.054197 0.029912
0 0.502739 0.526585 0.065867 0.023344
1 0.172005 0.630349 0.040579 0.030072
1 0.606719 0.605254 0.043537 0.026351
0 0.853697 0.513425 0.057420 0.019214
0 0.398003 0.500485 0.047702 0.021981
0 0.806414 0.503238 0.046312 0.018778
0 0.582286 0.493715 0.041472 0.018927
0 0.370989 0.489867 0.039600 0.019715
0 0.192268 0.484435 0.039600 0.019260
0 0.469060 0.501812 0.030890 0.020935
0 0.410209 0.481859 0.033072 0.016170
0 0.291388 0.470253 0.031409 0.014959
0 0.342237 0.485144 0.029633 0.015041
0 0.498488 0.471563 0.032950 0.011995
1 0.511080 0.567824 0.023017 0.017171
0 0.634702 0.475258 0.029180 0.013538
0 0.512433 0.465541 0.028326 0.012849
1 0.322140 0.499513 0.015324 0.014818
1 0.296982 0.493964 0.013957 0.010102
