0 0.933898 0.682665 0.101229 0.127595
0 0.754076 0.596713 0.085590 0.135592
3 0.687760 0.354977 0.074049 0.143454
0 0.286582 0.446639 0.057250 0.096167
0 0.592451 0.492625 0.056931 0.085624
3 0.362855 0.257735 0.033600 0.070422
0 0.633568 0.427170 0.041438 0.056002
3 0.573958 0.301377 0.028451 0.057151
0 0.609671 0.374419 0.032978 0.044499
0 0.548860 0.360228 0.031463 0.043165
0 0.384199 0.303929 0.024940 0.033655
0 0.548789 0.271094 0.016116 0.023533
0 0.410678 0.238681 0.013526 0.024410
0 0.540691 0.250257 0.015142 0.020230
0 0.515694 0.248412 0.013987 0.021020
0 0.434856 0.233930 0.012155 0.013559
