0 0.692282 0.686139 0.088168 0.049626
0 0.452638 0.594351 0.043576 0.021766
0 0.072813 0.631908 0.093431 0.033883
3 0.359901 0.729337 0.150343 0.094972
3 0.318943 0.656483 0.109190 0.064852
0 0.574353 0.615922 0.060492 0.034241
0 0.183786 0.613815 0.103862 0.023510
0 0.573737 0.585836 0.043505 0.023761
1 0.387678 0.667093 0.031863 0.028226
1 0.467657 0.646481 0.024757 0.023115
0 0.360051 0.729457 0.150238 0.095065
0 0.970107 0.607198 0.044940 0.024345
1 0.403929 0.624374 0.022411 0.020014
2 0.600190 0.870366 0.193477 0.205283
0 0.579677 0.564717 0.033756 0.016980
0 0.547793 0.559674 0.031445 0.017038
0 0.937616 0.577237 0.037249 0.014409
0 0.600071 0.870387 0.193273 0.205654
0 0.622109 0.556959 0.031481 0.015094
0 0.406335 0.574668 0.033234 0.016843
3 0.256400 0.646632 0.103591 0.061718
