0 0.625972 0.790248 0.241734 0.228922
3 0.890592 0.713783 0.218320 0.223932
2 0.890351 0.713809 0.216952 0.223763
0 0.399345 0.917262 0.229257 0.165032
3 0.747520 0.554480 0.189805 0.111344
0 0.073842 0.664688 0.147206 0.106391
2 0.817419 0.478382 0.178931 0.053098
0 0.563367 0.581978 0.106378 0.066525
0 0.381776 0.577858 0.079721 0.058941
0 0.597891 0.546280 0.086647 0.048061
0 0.506351 0.513407 0.069070 0.058438
2 0.693235 0.457198 0.091789 0.038805
0 0.438883 0.536609 0.072709 0.048463
2 0.090945 0.429937 0.093992 0.034095
2 0.885602 0.520594 0.070332 0.036165
0 0.168879 0.503231 0.067445 0.030960
0 0.398488 0.483345 0.048247 0.033316
0 0.629750 0.490789 0.058317 0.023647
0 0.472857 0.490368 0.046892 0.029083
0 0.269687 0.468233 0.045542 0.025507
0 0.479840 0.471434 0.042489 0.026460
0 0.608799 0.469719 0.047236 0.022083
1 0.036568 0.537772 0.037452 0.027137
0 0.170973 0.459843 0.048483 0.019901
0 0.549891 0.461107 0.039199 0.021607
0 0.448706 0.455233 0.035077 0.017589
0 0.494543 0.452570 0.030960 0.016076
2 0.329726 0.430765 0.023570 0.020661
0 0.313358 0.448219 0.030147 0.014096
0 0.575502 0.446845 0.028014 0.013006
0 0.230131 0.439571 0.028885 0.012215
