0 0.043902 0.916634 0.087535 0.109162
0 0.611086 0.901820 0.071956 0.130778
3 0.151767 0.859039 0.100420 0.077830
3 0.602379 0.788995 0.047482 0.105049
0 0.966497 0.784822 0.062372 0.072275
0 0.977109 0.784742 0.039952 0.071345
0 0.532661 0.788282 0.041579 0.065178
0 0.287994 0.734092 0.047158 0.051720
0 0.556448 0.736151 0.037037 0.064037
0 0.375960 0.724218 0.033034 0.064110
0 0.481565 0.673418 0.034095 0.054393
0 0.372621 0.661826 0.053584 0.032475
0 0.592746 0.685311 0.029988 0.050669
0 0.440467 0.623619 0.034218 0.040896
0 0.600219 0.661210 0.028812 0.046452
1 0.528590 0.973076 0.023698 0.053083
0 0.808108 0.702456 0.024685 0.045767
0 0.804429 0.633452 0.022998 0.035122
0 0.815601 0.605718 0.023411 0.033110
1 0.484525 0.790303 0.016966 0.042728
1 0.461911 0.822319 0.017672 0.040216
