0 0.043705 0.917189 0.087223 0.110390
0 0.616425 0.945436 0.080004 0.107192
3 0.149133 0.860148 0.106062 0.080253
3 0.607095 0.828073 0.052498 0.127245
3 0.169205 0.801501 0.058142 0.068924
0 0.525717 0.821854 0.048028 0.075397
0 0.552371 0.758874 0.047457 0.073442
0 0.286947 0.734470 0.046959 0.053858
0 0.473531 0.690939 0.037864 0.058709
1 0.106448 0.883728 0.043409 0.049437
0 0.376140 0.730342 0.033007 0.059332
0 0.388001 0.661409 0.051956 0.035722
0 0.593510 0.701197 0.032193 0.055808
0 0.788987 0.681204 0.031116 0.048500
0 0.858168 0.704154 0.042302 0.033784
0 0.561405 0.645128 0.026120 0.045041
1 0.444107 0.874443 0.019427 0.043852
1 0.469181 0.830339 0.017269 0.048417
1 0.439147 0.759840 0.012361 0.036051
