3 0.358713 0.693152 0.277200 0.208436
2 0.256171 0.440770 0.263656 0.111324
3 0.082529 0.697189 0.163680 0.157422
2 0.443822 0.431029 0.181035 0.081842
0 0.708585 0.573295 0.146367 0.080511
0 0.547195 0.520351 0.138211 0.066179
3 0.635456 0.417510 0.076050 0.060383
0 0.556142 0.457284 0.088806 0.040439
0 0.747962 0.450873 0.076821 0.039714
0 0.958581 0.408615 0.059152 0.037570
0 0.758051 0.413043 0.063529 0.030877
3 0.966754 0.367917 0.046262 0.032459
2 0.653678 0.340547 0.049474 0.026136
0 0.607104 0.380721 0.047837 0.025296
0 0.682713 0.384517 0.050623 0.021459
0 0.759604 0.377598 0.045394 0.021893
0 0.528349 0.367539 0.046990 0.020157
0 0.681343 0.409393 0.027555 0.030916
0 0.700727 0.372571 0.038791 0.021591
0 0.586040 0.411660 0.028224 0.029116
0 0.258316 0.362319 0.038082 0.017624
0 0.343913 0.351519 0.041303 0.014923
1 0.706426 0.430306 0.023048 0.020956
0 0.727615 0.351371 0.026375 0.015605
1 0.497824 0.376807 0.019089 0.019462
