0 0.832038 0.900616 0.227329 0.149966
0 0.516768 0.686862 0.103491 0.065820
0 0.348974 0.636503 0.066714 0.034107
3 0.063554 0.728607 0.126460 0.094885
0 0.532661 0.616133 0.064870 0.036874
1 0.175344 0.743139 0.047302 0.039336
0 0.540000 0.583570 0.041441 0.023129
1 0.110446 0.852056 0.073762 0.065047
1 0.315122 0.768416 0.046010 0.044619
1 0.400351 0.722687 0.033995 0.035074
0 0.595964 0.569376 0.036396 0.019456
0 0.496173 0.578310 0.037982 0.020072
0 0.858496 0.577437 0.048821 0.018579
0 0.991012 0.590963 0.017976 0.017936
1 0.415087 0.630403 0.021411 0.021020
1 0.473520 0.659452 0.028169 0.026557
0 0.151707 0.614946 0.107018 0.027586
0 0.045830 0.630605 0.089698 0.035885
3 0.172664 0.594306 0.056664 0.020710
0 0.925389 0.577127 0.043126 0.015309
0 0.987271 0.613450 0.024858 0.023979
0 0.554509 0.555067 0.026756 0.014710
