0 0.635005 0.800208 0.164022 0.122293
0 0.495795 0.665198 0.078889 0.042306
3 0.638329 0.662189 0.083176 0.069550
0 0.528361 0.614425 0.059245 0.035289
0 0.879938 0.565996 0.047891 0.018172
0 0.980840 0.589488 0.038052 0.030293
0 0.044014 0.630509 0.086973 0.034343
0 0.593542 0.580431 0.043552 0.022093
0 0.890852 0.806112 0.070180 0.084351
1 0.341345 0.729838 0.033380 0.029752
1 0.398922 0.684380 0.029675 0.028535
0 0.437335 0.579863 0.048712 0.022856
0 0.544163 0.576547 0.035907 0.019938
1 0.228745 0.677118 0.024305 0.022374
0 0.149152 0.613111 0.108114 0.025823
1 0.435978 0.616398 0.019473 0.014710
0 0.614274 0.569796 0.037314 0.020179
0 0.596967 0.551528 0.029026 0.015675
2 0.169131 0.593675 0.058161 0.021057
0 0.810377 0.551387 0.029860 0.012597
