3 0.048127 0.563975 0.095540 0.352536
3 0.622055 0.292274 0.044486 0.090673
0 0.703849 0.527210 0.059213 0.080795
3 0.704077 0.395334 0.088553 0.132301
0 0.594786 0.476981 0.052378 0.081635
3 0.159213 0.636820 0.100442 0.165623
0 0.426089 0.248701 0.013991 0.019867
0 0.445502 0.260483 0.015429 0.021626
0 0.392904 0.268165 0.016646 0.023719
0 0.442503 0.226812 0.009009 0.015012
3 0.599274 0.224023 0.021443 0.030217
0 0.504867 0.217839 0.009408 0.018144
0 0.458381 0.242674 0.012860 0.018266
3 0.433944 0.198982 0.012403 0.030076
0 0.526887 0.232317 0.012378 0.017194
