3 0.616140 0.887728 0.064561 0.153808
0 0.043349 0.916876 0.086481 0.110938
0 0.164388 0.859340 0.077450 0.074204
0 0.515862 0.882161 0.057057 0.092885
0 0.543947 0.792983 0.047614 0.082797
0 0.293092 0.734418 0.057521 0.054295
0 0.461408 0.715647 0.040739 0.064097
0 0.591161 0.718764 0.037722 0.066642
0 0.375692 0.727289 0.033007 0.069829
0 0.107926 0.890796 0.042634 0.043052
0 0.547282 0.716319 0.032071 0.055762
1 0.445771 0.901527 0.021577 0.062821
1 0.415117 0.970731 0.020889 0.056886
1 0.331572 0.886222 0.016339 0.049280
1 0.468680 0.789519 0.016517 0.036866
1 0.425389 0.790934 0.013417 0.038851
