0 0.481455 0.696100 0.092374 0.053256
0 0.642808 0.894370 0.210560 0.178171
0 0.519894 0.626636 0.066326 0.039660
3 0.645875 0.685438 0.095104 0.081844
0 0.424614 0.586285 0.052543 0.025855
0 0.044229 0.630566 0.087603 0.035080
0 0.870358 0.563615 0.041755 0.016822
1 0.154505 0.717370 0.035423 0.029427
0 0.593263 0.585739 0.046806 0.024534
1 0.367494 0.724065 0.035692 0.036490
0 0.965176 0.585117 0.066310 0.025739
0 0.540902 0.581827 0.037486 0.019553
0 0.146941 0.613985 0.113841 0.027422
0 0.622104 0.574192 0.041097 0.019580
1 0.413689 0.628485 0.024640 0.024423
0 0.596553 0.555051 0.030995 0.015656
1 0.681228 0.629707 0.022170 0.017904
