3 0.742043 0.908213 0.316114 0.182686
3 0.850224 0.605412 0.264867 0.152013
0 0.627847 0.642925 0.148221 0.096888
2 0.823983 0.483496 0.181124 0.053136
0 0.388201 0.638566 0.101235 0.083469
0 0.646371 0.584527 0.108880 0.061431
2 0.948545 0.508976 0.102155 0.061205
0 0.466986 0.578919 0.090851 0.064224
3 0.530552 0.542071 0.078003 0.070632
0 0.181590 0.564417 0.111446 0.049152
0 0.044947 0.584754 0.089061 0.051856
2 0.699848 0.465541 0.090166 0.043520
2 0.097828 0.438825 0.094281 0.034222
0 0.693612 0.515016 0.076775 0.029612
0 0.405644 0.503253 0.054282 0.038383
0 0.485693 0.509862 0.053071 0.034181
0 0.649406 0.485071 0.062758 0.025109
0 0.833489 0.505652 0.062305 0.024766
0 0.495813 0.487860 0.046242 0.031478
0 0.227916 0.480590 0.046525 0.022612
0 0.576159 0.472680 0.043015 0.023739
0 0.407295 0.458552 0.029822 0.030017
0 0.415056 0.481919 0.039179 0.022251
0 0.299534 0.459350 0.037312 0.019416
0 0.460566 0.468661 0.036993 0.018203
0 0.212802 0.454896 0.038317 0.017178
0 0.512497 0.467216 0.033527 0.018024
1 0.583244 0.511037 0.020769 0.024189
1 0.132610 0.507424 0.024175 0.018869
0 0.581852 0.453488 0.029488 0.013792
0 0.256267 0.441952 0.028974 0.012476
0 0.328542 0.446194 0.026787 0.012058
