0 0.124462 0.934746 0.247780 0.130098
2 0.124360 0.934794 0.247577 0.130070
2 0.380215 0.564547 0.151383 0.112576
0 0.733207 0.690746 0.157760 0.067985
2 0.733668 0.502759 0.143408 0.053926
0 0.848878 0.623556 0.127665 0.048677
0 0.597031 0.568198 0.084709 0.034550
0 0.510466 0.538419 0.070410 0.031231
0 0.627112 0.547309 0.073897 0.029319
2 0.347712 0.519918 0.055960 0.031693
1 0.747627 0.641224 0.048509 0.035896
0 0.578984 0.524578 0.067714 0.024931
1 0.549132 0.653489 0.046666 0.033652
0 0.495118 0.522073 0.063214 0.021799
0 0.982687 0.582156 0.034501 0.034104
0 0.856064 0.511941 0.059320 0.019560
1 0.201195 0.616898 0.037050 0.029160
0 0.595003 0.495022 0.048523 0.018966
0 0.399041 0.497833 0.043020 0.020811
1 0.597444 0.594433 0.032730 0.022250
0 0.371897 0.486626 0.039624 0.017858
0 0.195306 0.483503 0.036914 0.018978
0 0.817246 0.501890 0.032490 0.017895
0 0.346796 0.481915 0.033271 0.015466
0 0.407953 0.478801 0.032044 0.015863
0 0.291285 0.467961 0.029716 0.014756
1 0.501220 0.559201 0.023698 0.018364
0 0.507629 0.471809 0.033913 0.012295
0 0.637360 0.474193 0.030282 0.013245
1 0.321291 0.494483 0.015710 0.017416
1 0.298062 0.489346 0.013188 0.011305
