0 0.128630 0.666735 0.103394 0.149246
3 0.277797 0.328641 0.065607 0.120828
0 0.628474 0.583535 0.068017 0.099832
3 0.602351 0.276796 0.037022 0.081523
0 0.616252 0.386958 0.035971 0.050387
0 0.552104 0.364450 0.033015 0.045810
0 0.641790 0.353484 0.030689 0.045362
0 0.576983 0.316709 0.025741 0.042422
0 0.387213 0.285779 0.021793 0.037081
0 0.523254 0.281403 0.021105 0.028192
0 0.557327 0.286412 0.018484 0.026000
0 0.538530 0.249242 0.015852 0.026854
0 0.407735 0.271348 0.018625 0.021930
0 0.518936 0.260007 0.015432 0.022350
0 0.424502 0.245244 0.013756 0.018366
