2 0.176916 0.676565 0.353408 0.194444
0 0.105783 0.944023 0.209584 0.111211
0 0.845459 0.696518 0.172681 0.063199
1 0.951728 0.902009 0.096545 0.079694
0 0.946741 0.694390 0.106187 0.063838
0 0.808711 0.617929 0.130162 0.044890
1 0.913931 0.781267 0.091745 0.057506
0 0.628198 0.608469 0.114075 0.045456
3 0.460004 0.606642 0.090918 0.056976
0 0.615494 0.578364 0.097154 0.028940
1 0.691719 0.693362 0.058722 0.042073
2 0.566544 0.489453 0.067817 0.035561
3 0.511243 0.599959 0.053637 0.042876
0 0.743505 0.548488 0.070219 0.030651
0 0.510395 0.555262 0.048797 0.032095
1 0.695100 0.699309 0.051313 0.029701
0 0.409737 0.531187 0.056105 0.026478
1 0.665138 0.654104 0.044630 0.030763
0 0.617308 0.518604 0.048871 0.023849
0 0.820454 0.524979 0.057429 0.019447
0 0.364802 0.515085 0.045080 0.020725
0 0.424140 0.510985 0.042014 0.019923
0 0.775227 0.515095 0.042249 0.018430
0 0.312153 0.511991 0.037759 0.020088
3 0.229784 0.478250 0.041348 0.017335
0 0.702960 0.507297 0.045629 0.015665
0 0.159187 0.496554 0.037408 0.019009
3 0.244628 0.485238 0.029673 0.022270
0 0.284375 0.491292 0.033855 0.017626
0 0.348071 0.503880 0.034447 0.017310
0 0.274656 0.497302 0.027439 0.018561
0 0.456654 0.481526 0.032989 0.013309
1 0.168416 0.534265 0.022850 0.018691
0 0.294600 0.477913 0.028256 0.012639
1 0.478117 0.545728 0.021322 0.016464
1 0.384586 0.552677 0.019808 0.017341
1 0.308635 0.524139 0.016933 0.014648
0 0.282232 0.466015 0.022703 0.010581
1 0.280746 0.518982 0.017812 0.011435
1 0.350506 0.543500 0.017684 0.011249
