0 0.606261 0.751050 0.196942 0.175075
2 0.864204 0.499646 0.271100 0.091801
3 0.719123 0.641074 0.170089 0.136103
0 0.377865 0.685901 0.137632 0.117827
2 0.676348 0.548790 0.151411 0.084417
3 0.676219 0.548717 0.151551 0.083901
2 0.816662 0.482744 0.173806 0.055468
0 0.097443 0.562614 0.137234 0.060563
0 0.477552 0.574715 0.102043 0.075339
2 0.627484 0.492742 0.106091 0.058759
3 0.627086 0.492801 0.105359 0.058106
3 0.964414 0.698847 0.070446 0.078898
2 0.694242 0.457498 0.096716 0.039077
2 0.092769 0.417598 0.094645 0.032941
1 0.840942 0.664270 0.054044 0.049037
0 0.490530 0.508852 0.063196 0.038192
0 0.533456 0.494672 0.055340 0.031141
0 0.381130 0.503993 0.049068 0.033744
1 0.978328 0.606711 0.043343 0.035737
0 0.145433 0.463877 0.060857 0.024661
0 0.417051 0.485312 0.049534 0.030291
0 0.214351 0.474002 0.056423 0.026418
0 0.270926 0.482715 0.045909 0.025796
3 0.303217 0.447863 0.038886 0.027624
0 0.396207 0.453978 0.038971 0.023853
0 0.225226 0.451183 0.038558 0.017114
0 0.555174 0.460950 0.037208 0.016475
0 0.514556 0.445739 0.029505 0.019072
0 0.312514 0.432949 0.032521 0.015550
0 0.010705 0.514261 0.020691 0.023293
1 0.142380 0.483973 0.021539 0.021681
0 0.439774 0.435887 0.026684 0.013147
0 0.474569 0.433677 0.022032 0.012607
0 0.284312 0.422316 0.019565 0.012616
0 0.260525 0.436156 0.016430 0.014612
