0 0.221336 0.710368 0.110332 0.058998
0 0.457425 0.839487 0.185239 0.144955
0 0.504845 0.665723 0.093822 0.055986
0 0.526468 0.604915 0.054627 0.030229
1 0.367557 0.777852 0.051404 0.051335
0 0.463056 0.598996 0.053448 0.026672
0 0.597643 0.583132 0.042232 0.022981
0 0.043950 0.630014 0.086088 0.035795
0 0.899153 0.588162 0.055223 0.023522
0 0.814216 0.562255 0.036517 0.016953
0 0.148235 0.614048 0.107573 0.026285
1 0.629008 0.681494 0.028312 0.025300
1 0.308987 0.716152 0.033928 0.031756
0 0.546356 0.564121 0.030127 0.016979
0 0.456192 0.536932 0.030359 0.011724
1 0.676200 0.643493 0.023773 0.024113
0 0.502381 0.540164 0.028449 0.013379
