0 0.447904 0.785872 0.157692 0.113625
0 0.507471 0.643689 0.077049 0.044706
0 0.411403 0.641689 0.076593 0.040814
0 0.600759 0.602673 0.056236 0.031086
1 0.649562 0.843348 0.055322 0.061960
0 0.043202 0.629873 0.085708 0.036104
1 0.652566 0.741341 0.042364 0.039263
0 0.144306 0.613635 0.102358 0.026053
1 0.296832 0.641316 0.025562 0.019069
0 0.537425 0.577307 0.033933 0.018529
0 0.490814 0.547836 0.032477 0.015779
0 0.833011 0.571493 0.035158 0.017529
1 0.447471 0.623815 0.020929 0.020146
2 0.167329 0.593845 0.057506 0.020559
0 0.291733 0.573767 0.054968 0.016381
1 0.526857 0.609489 0.020476 0.022341
1 0.758773 0.770569 0.043510 0.046261
