3 0.090205 0.486069 0.159699 0.243639
0 0.714728 0.774810 0.124562 0.205368
0 0.910879 0.850495 0.129286 0.167864
0 0.605753 0.495393 0.061469 0.078430
0 0.776067 0.493734 0.053926 0.078501
0 0.654062 0.436458 0.047315 0.072901
0 0.329986 0.366981 0.037808 0.064739
3 0.578096 0.253663 0.027267 0.061209
0 0.368242 0.318889 0.029611 0.053849
0 0.542890 0.337653 0.028485 0.037905
0 0.598900 0.300066 0.021520 0.030240
0 0.567607 0.303685 0.021779 0.028825
0 0.442468 0.287912 0.021356 0.029329
3 0.421161 0.213466 0.014570 0.036718
0 0.549324 0.270739 0.017283 0.029915
0 0.525023 0.283765 0.019492 0.025620
0 0.402247 0.272814 0.017859 0.025738
0 0.452627 0.257722 0.015228 0.018923
