0 0.501600 0.726902 0.123433 0.083454
0 0.525181 0.631549 0.073369 0.042269
0 0.312849 0.657827 0.079891 0.041762
0 0.536734 0.590523 0.046035 0.024983
1 0.360364 0.802258 0.051659 0.052781
0 0.046019 0.631139 0.089654 0.034591
0 0.838929 0.571296 0.042645 0.016551
1 0.215259 0.859797 0.059094 0.058381
0 0.599167 0.574682 0.038548 0.020110
0 0.902312 0.977337 0.192370 0.044949
0 0.486715 0.585458 0.043228 0.023098
1 0.444378 0.692610 0.030206 0.029571
0 0.966594 0.602597 0.064616 0.027241
0 0.153289 0.614583 0.098969 0.026152
1 0.388453 0.655181 0.026785 0.022482
0 0.553929 0.558791 0.028276 0.014913
1 0.625264 0.639432 0.022422 0.020650
