3 0.890251 0.811032 0.218753 0.276105
0 0.387670 0.824288 0.190934 0.212853
0 0.754238 0.931119 0.291426 0.137262
3 0.890270 0.762641 0.219461 0.179787
3 0.792411 0.614391 0.237980 0.136689
2 0.864814 0.495417 0.270371 0.087484
0 0.536999 0.657367 0.152102 0.127277
3 0.680983 0.521410 0.141493 0.085334
2 0.818553 0.480858 0.177053 0.056601
0 0.052137 0.570606 0.104209 0.054106
0 0.521238 0.540582 0.081013 0.048520
2 0.694488 0.457237 0.094047 0.039979
2 0.091983 0.424607 0.096374 0.033143
0 0.489346 0.492851 0.057806 0.048397
0 0.381344 0.535930 0.061871 0.044116
0 0.564622 0.518900 0.069302 0.039365
0 0.426778 0.507343 0.061276 0.037331
0 0.217427 0.492732 0.057500 0.032699
0 0.108083 0.476461 0.068424 0.025992
0 0.398125 0.468164 0.042457 0.028177
0 0.468530 0.477238 0.044793 0.025089
0 0.586548 0.473720 0.045043 0.019503
2 0.322029 0.434167 0.028440 0.025421
0 0.587878 0.460410 0.040704 0.017265
0 0.300734 0.458386 0.039765 0.017541
0 0.204317 0.448569 0.043456 0.015600
0 0.533926 0.453089 0.034533 0.019375
0 0.251993 0.456355 0.033544 0.019358
0 0.288664 0.430920 0.023488 0.014143
0 0.061898 0.455691 0.020901 0.015837
