0 0.123744 0.935346 0.246415 0.128893
2 0.374768 0.570309 0.166846 0.116838
0 0.759081 0.705761 0.173813 0.071802
2 0.720334 0.501894 0.138334 0.052942
0 0.873111 0.634062 0.135278 0.050753
0 0.605295 0.573097 0.086415 0.035622
0 0.963324 0.579777 0.073059 0.041546
0 0.515152 0.541616 0.076100 0.032231
0 0.639165 0.552535 0.076722 0.030428
1 0.766967 0.650893 0.051486 0.040828
0 0.588265 0.528713 0.069477 0.026050
0 0.500475 0.525605 0.065002 0.023042
1 0.563848 0.665172 0.047413 0.028798
1 0.182496 0.625951 0.040604 0.030252
0 0.854866 0.513037 0.059230 0.020140
0 0.397569 0.500009 0.048323 0.021753
1 0.604840 0.602961 0.040768 0.024441
0 0.585023 0.493864 0.045895 0.019847
0 0.349194 0.480959 0.040555 0.020368
0 0.808631 0.502769 0.044417 0.018446
0 0.371048 0.488548 0.038550 0.018412
0 0.193852 0.484092 0.036892 0.019102
0 0.409536 0.480988 0.032371 0.016115
0 0.291154 0.469281 0.031829 0.014811
1 0.506804 0.565090 0.024643 0.017481
0 0.635065 0.474980 0.029396 0.013506
0 0.501246 0.471680 0.033088 0.011490
3 0.261305 0.469249 0.024360 0.014987
1 0.322355 0.499580 0.015536 0.013263
1 0.297215 0.492877 0.013692 0.009859
