0 0.650065 0.706094 0.221770 0.140686
2 0.245593 0.436376 0.274259 0.111884
3 0.111215 0.935181 0.222430 0.128935
2 0.362497 0.451943 0.234484 0.102482
0 0.453892 0.592906 0.191559 0.093589
0 0.463571 0.498694 0.121748 0.053174
3 0.594495 0.434254 0.090781 0.071039
0 0.730621 0.478664 0.095641 0.049266
0 0.738495 0.429452 0.075178 0.035941
0 0.975493 0.442623 0.049014 0.043219
0 0.570901 0.387942 0.057474 0.029488
2 0.635923 0.337641 0.056068 0.028380
0 0.657157 0.390553 0.058360 0.026941
0 0.656495 0.421803 0.041847 0.034586
0 0.744213 0.384242 0.052137 0.024788
0 0.240559 0.357371 0.060573 0.018188
0 0.685118 0.375436 0.043232 0.024204
0 0.639283 0.373776 0.033614 0.027220
0 0.515393 0.361863 0.039485 0.019937
1 0.672390 0.454547 0.026456 0.024203
0 0.712745 0.351059 0.029264 0.016761
