0 0.043787 0.917265 0.087236 0.110951
3 0.636370 0.947269 0.080201 0.102677
0 0.151880 0.858933 0.102372 0.077088
0 0.530068 0.859792 0.062177 0.108838
2 0.168947 0.802373 0.060234 0.071727
0 0.439673 0.752348 0.048394 0.073900
0 0.981503 0.790051 0.036378 0.097729
0 0.593279 0.752067 0.044646 0.072854
0 0.499296 0.974272 0.061732 0.049399
0 0.880817 0.712241 0.046943 0.056166
0 0.377153 0.727168 0.035344 0.072580
0 0.612225 0.721320 0.038135 0.060436
0 0.544582 0.743684 0.036670 0.060844
0 0.108485 0.887492 0.045833 0.044765
0 0.516273 0.679510 0.032197 0.062294
0 0.291570 0.732806 0.038188 0.051686
0 0.326720 0.657274 0.044364 0.034641
0 0.555899 0.687698 0.029070 0.052738
0 0.813217 0.663230 0.034338 0.039692
0 0.595983 0.662617 0.027731 0.046928
1 0.438991 0.865653 0.018710 0.045259
1 0.650443 0.851603 0.018575 0.042012
1 0.415602 0.843143 0.015704 0.047564
