0 0.185923 0.568325 0.078643 0.104233
0 0.332907 0.572415 0.069270 0.108163
0 0.618115 0.521772 0.058973 0.092793
0 0.382018 0.428416 0.044080 0.063780
0 0.614077 0.384147 0.035036 0.046194
0 0.643968 0.350149 0.030550 0.045463
0 0.416132 0.333417 0.029419 0.044007
3 0.391036 0.235348 0.023912 0.052518
3 0.405584 0.225948 0.019111 0.048323
3 0.550414 0.223680 0.017448 0.041980
0 0.428243 0.295982 0.022709 0.031008
0 0.526193 0.278788 0.019614 0.031338
3 0.597355 0.288866 0.018590 0.028587
0 0.549535 0.291493 0.019105 0.026844
0 0.387193 0.272802 0.019292 0.025934
0 0.444819 0.267383 0.017538 0.025847
0 0.558749 0.248493 0.013494 0.020828
0 0.511252 0.241121 0.011444 0.014257
