3 0.078651 0.495043 0.156327 0.310086
0 0.294006 0.417166 0.046119 0.069018
0 0.584116 0.441436 0.048606 0.077567
0 0.668459 0.458416 0.053384 0.077193
0 0.433366 0.278931 0.020897 0.027079
0 0.635663 0.337017 0.026994 0.039389
0 0.542994 0.337235 0.026416 0.039957
0 0.401614 0.267464 0.019335 0.028419
0 0.573019 0.304014 0.023834 0.031658
3 0.411537 0.214133 0.017175 0.040551
0 0.358773 0.276778 0.020450 0.027732
0 0.444240 0.255219 0.017409 0.025787
0 0.438795 0.222389 0.011400 0.014889
0 0.422804 0.240751 0.016283 0.025125
