0 0.097231 0.556945 0.079093 0.101145
0 0.274072 0.460651 0.052205 0.072073
0 0.402925 0.390031 0.036530 0.052086
0 0.555721 0.359629 0.031738 0.042782
0 0.431702 0.314172 0.024073 0.034097
3 0.574807 0.247433 0.026097 0.056961
0 0.583101 0.328474 0.025859 0.032511
3 0.603334 0.262085 0.037865 0.107601
0 0.557488 0.285154 0.018666 0.026173
0 0.414399 0.265213 0.016772 0.023514
0 0.518389 0.262348 0.015093 0.021728
0 0.357476 0.339631 0.029623 0.043333
3 0.422595 0.210545 0.015731 0.038570
0 0.456704 0.247728 0.013680 0.015377
0 0.432079 0.242348 0.012821 0.020136
0 0.462293 0.226968 0.012798 0.015461
