0 0.633694 0.761520 0.147085 0.101457
0 0.501834 0.651773 0.072095 0.038584
3 0.632776 0.650236 0.077954 0.062785
0 0.530422 0.608200 0.059970 0.032710
1 0.413346 0.664853 0.027162 0.028701
0 0.044273 0.630594 0.086855 0.034268
0 0.593614 0.577578 0.042149 0.021838
0 0.443976 0.575928 0.046699 0.023327
0 0.544184 0.574872 0.034747 0.018231
1 0.833964 0.756349 0.058642 0.065616
1 0.259831 0.659075 0.021129 0.020422
1 0.365090 0.702534 0.030910 0.028022
0 0.891232 0.568350 0.036399 0.016138
1 0.639335 0.603137 0.019535 0.017574
0 0.983056 0.592789 0.032878 0.027857
0 0.148423 0.613588 0.111490 0.026501
0 0.595660 0.550220 0.028642 0.014818
0 0.609646 0.567600 0.034117 0.018939
