0 0.314790 0.529320 0.063378 0.093825
3 0.662046 0.442261 0.054486 0.088380
0 0.597215 0.485351 0.054841 0.081825
3 0.364533 0.257757 0.032976 0.067098
0 0.404132 0.376136 0.036241 0.056509
3 0.385369 0.242453 0.025374 0.060779
0 0.297896 0.351973 0.034617 0.043998
0 0.433416 0.290646 0.023163 0.041244
0 0.540673 0.307750 0.023480 0.033691
3 0.598411 0.221387 0.020491 0.029996
3 0.541996 0.215051 0.015344 0.035725
0 0.587564 0.284567 0.018909 0.028496
0 0.403767 0.277636 0.018153 0.026277
0 0.553386 0.282460 0.018563 0.024862
0 0.515328 0.247149 0.015207 0.026227
3 0.570654 0.258995 0.014380 0.021362
0 0.538658 0.247324 0.013763 0.020173
0 0.516711 0.252708 0.012889 0.017660
0 0.434050 0.241302 0.012977 0.015165
0 0.547065 0.234582 0.009638 0.017437
