0 0.509247 0.927829 0.229412 0.143576
0 0.641196 0.704562 0.151590 0.120319
3 0.758838 0.643664 0.139903 0.102575
0 0.416369 0.675578 0.120189 0.099595
2 0.875349 0.513212 0.190586 0.056982
3 0.241197 0.572743 0.096357 0.064241
3 0.618824 0.553364 0.079287 0.065893
0 0.539820 0.575993 0.081576 0.055548
0 0.124090 0.558365 0.107160 0.040796
3 0.622400 0.518370 0.084666 0.050316
2 0.743527 0.486075 0.096692 0.036982
0 0.440933 0.573528 0.071832 0.047521
2 0.158342 0.448204 0.087796 0.033324
3 0.947836 0.559152 0.076644 0.036629
0 0.472396 0.525174 0.061466 0.040486
0 0.864515 0.553211 0.068643 0.034859
3 0.613817 0.487824 0.067465 0.032460
0 0.142960 0.514037 0.077051 0.027913
0 0.022395 0.665473 0.044007 0.048198
0 0.882317 0.537875 0.069517 0.028071
0 0.239722 0.507405 0.055357 0.026823
0 0.300808 0.508672 0.048297 0.030084
0 0.512341 0.502294 0.044555 0.023528
0 0.277217 0.478421 0.046037 0.021093
0 0.462589 0.487203 0.035947 0.021373
3 0.708484 0.503000 0.035000 0.020689
0 0.546302 0.491154 0.034747 0.020159
0 0.438756 0.496763 0.032944 0.020901
0 0.347188 0.477726 0.035471 0.017941
1 0.678131 0.540816 0.018848 0.017752
