0 0.589935 0.852162 0.310881 0.237668
2 0.306589 0.467127 0.273497 0.116365
3 0.241944 0.433289 0.280314 0.111933
2 0.244942 0.433873 0.278318 0.112068
0 0.381188 0.650166 0.241273 0.120855
0 0.391132 0.533234 0.149586 0.064884
3 0.564601 0.449525 0.105844 0.079631
0 0.718268 0.501645 0.105829 0.056324
0 0.727353 0.442938 0.082219 0.040695
0 0.965462 0.419227 0.069076 0.037599
0 0.985671 0.515516 0.028603 0.080558
0 0.636353 0.430739 0.059559 0.037434
0 0.549808 0.394012 0.060467 0.031530
0 0.494141 0.451361 0.042426 0.044098
0 0.642926 0.396313 0.062378 0.029131
2 0.626892 0.336893 0.057914 0.029164
0 0.735867 0.389620 0.053480 0.027376
0 0.674411 0.377246 0.048698 0.024578
0 0.226976 0.355915 0.055642 0.020859
0 0.516344 0.358615 0.047347 0.020089
0 0.625794 0.376173 0.036792 0.025158
1 0.651281 0.473252 0.030002 0.027457
0 0.986596 0.382936 0.026793 0.027327
0 0.245280 0.350199 0.043448 0.015934
0 0.705114 0.352974 0.031491 0.019213
0 0.754808 0.351756 0.026758 0.020067
