3 0.141043 0.650352 0.281272 0.177119
3 0.450021 0.629621 0.221620 0.167755
2 0.450290 0.629817 0.221057 0.167704
2 0.276074 0.442439 0.256368 0.109793
2 0.483518 0.424887 0.164489 0.075820
0 0.737217 0.543204 0.130923 0.069457
0 0.589096 0.501404 0.123597 0.058426
3 0.662480 0.412664 0.072057 0.058730
0 0.594673 0.447545 0.080445 0.038477
0 0.768611 0.443102 0.073173 0.037343
0 0.976437 0.420837 0.047125 0.037064
0 0.778891 0.407787 0.059835 0.028960
2 0.675295 0.341554 0.048853 0.026126
3 0.675158 0.341487 0.048783 0.026137
0 0.983982 0.373922 0.031856 0.037847
0 0.707732 0.384001 0.045127 0.022535
0 0.635047 0.375977 0.047504 0.021038
0 0.545615 0.369335 0.047783 0.020606
0 0.291139 0.362032 0.055708 0.017197
1 0.097412 0.425969 0.035750 0.026350
0 0.779892 0.375831 0.043132 0.021499
0 0.721871 0.372006 0.037137 0.021640
0 0.246405 0.364941 0.032273 0.019431
0 0.361529 0.353175 0.031712 0.013681
1 0.731175 0.423705 0.022097 0.019443
0 0.748257 0.351361 0.026604 0.015709
