2 0.191509 0.665998 0.381673 0.194647
0 0.103255 0.943960 0.204544 0.111452
0 0.780960 0.671631 0.152033 0.057050
0 0.898663 0.666963 0.152505 0.056666
1 0.852640 0.844245 0.093738 0.067690
0 0.755073 0.602685 0.115768 0.041515
0 0.595033 0.597413 0.105529 0.042875
2 0.428430 0.592419 0.078825 0.052880
1 0.824468 0.738123 0.074524 0.052941
2 0.569688 0.491118 0.087002 0.038550
0 0.791368 0.559543 0.084989 0.034167
0 0.586055 0.571013 0.091310 0.027243
3 0.770545 0.524275 0.051229 0.036684
1 0.635292 0.665945 0.047338 0.035152
0 0.399300 0.527704 0.054430 0.024855
3 0.491711 0.546869 0.042984 0.029749
0 0.640754 0.524460 0.051973 0.024446
0 0.818745 0.525073 0.054543 0.019807
1 0.616371 0.635685 0.038062 0.024967
0 0.357306 0.512723 0.044694 0.020175
2 0.372098 0.493680 0.034306 0.023078
0 0.413828 0.508211 0.040927 0.018981
0 0.701372 0.507572 0.046468 0.015920
0 0.308262 0.508877 0.035499 0.019319
3 0.239879 0.482607 0.028903 0.021517
0 0.341475 0.500827 0.034406 0.016480
0 0.157888 0.496445 0.030867 0.018182
0 0.278974 0.489665 0.029660 0.016732
0 0.464009 0.483501 0.032601 0.013343
1 0.375983 0.545126 0.019893 0.018733
1 0.160635 0.533530 0.021826 0.016673
0 0.186992 0.465766 0.027535 0.011679
1 0.272256 0.512096 0.017308 0.017381
0 0.359566 0.476541 0.026849 0.010913
1 0.464416 0.540894 0.017836 0.014291
0 0.242737 0.465908 0.023441 0.010601
1 0.335952 0.537613 0.017981 0.012625
0 0.276603 0.464510 0.021872 0.010324
1 0.297512 0.521570 0.016346 0.012884
0 0.625446 0.505005 0.020382 0.009887
