0 0.489326 0.679307 0.086384 0.048451
3 0.641787 0.673363 0.087608 0.075281
0 0.639078 0.839790 0.183898 0.143391
0 0.524085 0.620022 0.067811 0.037909
0 0.044126 0.630248 0.087010 0.034994
0 0.431540 0.582569 0.050727 0.024620
0 0.595603 0.582193 0.042651 0.023689
1 0.384798 0.702997 0.029372 0.030464
0 0.542838 0.578185 0.037190 0.020142
1 0.316264 0.756678 0.040053 0.035414
0 0.969357 0.585562 0.059855 0.026451
0 0.618045 0.572099 0.040445 0.019550
1 0.954249 0.863704 0.086271 0.101900
1 0.195202 0.694125 0.027838 0.027143
1 0.667914 0.620040 0.021344 0.016529
0 0.875683 0.564957 0.043022 0.016392
0 0.147603 0.613426 0.111026 0.027483
1 0.426345 0.622777 0.021071 0.015164
