3 0.346296 0.701957 0.286311 0.214218
2 0.258274 0.440498 0.269975 0.111489
3 0.075611 0.701332 0.150269 0.146534
2 0.441468 0.431596 0.182012 0.082421
0 0.706653 0.576825 0.148240 0.081569
0 0.544147 0.522967 0.139228 0.068000
3 0.633722 0.417938 0.076816 0.060756
0 0.552679 0.458525 0.089107 0.040851
0 0.746494 0.451759 0.076776 0.040194
0 0.957582 0.407311 0.055931 0.037027
0 0.756422 0.413322 0.064004 0.030701
3 0.965245 0.366732 0.045252 0.034733
2 0.652210 0.340385 0.050062 0.026027
0 0.604978 0.380839 0.047574 0.025218
0 0.681074 0.384969 0.050049 0.022362
0 0.264842 0.361827 0.055341 0.019147
0 0.758229 0.377835 0.044955 0.022170
0 0.527224 0.367194 0.046811 0.019902
0 0.679736 0.410559 0.027681 0.030480
0 0.699631 0.372594 0.036951 0.021228
0 0.342586 0.350977 0.040105 0.014912
1 0.704368 0.430788 0.023307 0.020938
0 0.726704 0.351457 0.027021 0.016146
1 0.497451 0.376767 0.018749 0.019215
