0 0.483763 0.691968 0.092124 0.051416
3 0.644631 0.682122 0.091713 0.079959
0 0.642340 0.879366 0.205347 0.167229
0 0.520131 0.624926 0.067521 0.038221
0 0.044192 0.630640 0.087523 0.035128
1 0.371709 0.718365 0.037707 0.035321
0 0.982340 0.905509 0.034395 0.081917
0 0.426278 0.585482 0.052942 0.024955
0 0.594270 0.584863 0.044631 0.024581
0 0.873005 0.563915 0.040212 0.016573
1 0.165133 0.711228 0.034387 0.028880
0 0.541204 0.581314 0.036729 0.018789
0 0.620010 0.573112 0.041379 0.019428
1 0.416567 0.628801 0.022653 0.018342
1 0.677654 0.626557 0.022702 0.018970
0 0.806282 0.548563 0.023644 0.012558
0 0.965666 0.585911 0.067000 0.023899
1 0.294624 0.782917 0.037125 0.037807
0 0.596313 0.554727 0.030211 0.016710
