0 0.627684 0.726628 0.123417 0.083914
0 0.507755 0.637464 0.065559 0.034424
0 0.044018 0.630524 0.086649 0.034664
0 0.536533 0.601291 0.051541 0.030002
1 0.427179 0.647112 0.024915 0.025286
1 0.783729 0.721608 0.046805 0.038488
0 0.894836 0.570092 0.049039 0.019108
3 0.627438 0.637821 0.072872 0.056965
0 0.593581 0.574048 0.039804 0.020610
1 0.387413 0.676558 0.026602 0.023810
0 0.171547 0.611984 0.063947 0.023258
0 0.451220 0.572645 0.045061 0.021139
1 0.290987 0.640963 0.020727 0.018379
0 0.545613 0.571169 0.033639 0.019354
0 0.823208 0.553789 0.038389 0.014228
1 0.026011 0.884693 0.051850 0.061941
