0 0.579467 0.709536 0.172013 0.146674
0 0.687990 0.618874 0.150448 0.120701
0 0.377516 0.661055 0.125000 0.103039
3 0.657856 0.538809 0.141351 0.079357
2 0.657823 0.538891 0.141563 0.079194
3 0.941873 0.678348 0.116252 0.084907
2 0.816407 0.483547 0.176691 0.055127
0 0.063035 0.596945 0.125675 0.075873
0 0.468302 0.561450 0.093855 0.069302
2 0.617710 0.488547 0.103271 0.054427
3 0.617284 0.488462 0.102028 0.053751
2 0.693819 0.458475 0.095225 0.040211
2 0.093296 0.416267 0.094844 0.033062
0 0.485628 0.503858 0.062940 0.036081
0 0.254367 0.491127 0.061515 0.029588
0 0.125260 0.469664 0.067827 0.026271
0 0.200351 0.480279 0.061851 0.028220
0 0.821469 0.506593 0.063812 0.024885
0 0.527474 0.489906 0.051951 0.030019
0 0.381276 0.498223 0.047831 0.031544
0 0.416483 0.481788 0.048257 0.030674
1 0.799231 0.633274 0.038059 0.036420
3 0.297514 0.452181 0.039143 0.028869
0 0.218258 0.455642 0.046760 0.018516
0 0.397003 0.451948 0.037719 0.022498
0 0.550144 0.458881 0.036701 0.016222
0 0.510419 0.444513 0.029942 0.018492
0 0.309600 0.434743 0.033647 0.015712
1 0.118385 0.493774 0.023660 0.022263
0 0.256927 0.437703 0.024776 0.015099
0 0.277022 0.423476 0.027878 0.013321
0 0.324451 0.422374 0.026302 0.012706
