2 0.157005 0.680020 0.313207 0.179463
0 0.109516 0.944346 0.217923 0.110736
0 0.912606 0.725727 0.174632 0.070805
0 0.868358 0.635736 0.144876 0.050161
3 0.498872 0.622299 0.099271 0.061852
0 0.668492 0.621711 0.125586 0.048763
1 0.762462 0.726090 0.070093 0.047746
0 0.648879 0.587489 0.102607 0.031517
3 0.539368 0.611931 0.067718 0.046171
2 0.551787 0.486975 0.079197 0.036521
0 0.534786 0.564563 0.053691 0.033948
0 0.709463 0.539947 0.063466 0.028584
1 0.721500 0.676082 0.050397 0.035166
2 0.564783 0.488370 0.052928 0.031848
0 0.423439 0.535236 0.056969 0.026610
1 0.986179 0.819770 0.027275 0.049704
3 0.727981 0.519931 0.045849 0.026881
0 0.826587 0.525320 0.058294 0.019319
0 0.374133 0.517817 0.047364 0.022058
0 0.599834 0.513582 0.044624 0.022246
0 0.437928 0.514371 0.044272 0.021091
3 0.395169 0.498661 0.036139 0.025803
0 0.779860 0.515468 0.045420 0.018471
0 0.291911 0.493615 0.038855 0.018044
0 0.357222 0.506460 0.036545 0.017431
0 0.168346 0.497513 0.031827 0.019215
0 0.705578 0.507197 0.036227 0.014564
3 0.250796 0.490318 0.028943 0.017272
1 0.178542 0.536201 0.023302 0.019102
0 0.454403 0.480653 0.031928 0.013524
0 0.340000 0.481624 0.028614 0.014327
0 0.203358 0.467639 0.027187 0.014055
1 0.395480 0.558758 0.019680 0.019170
0 0.300512 0.480894 0.026063 0.013674
1 0.495556 0.553202 0.020621 0.016923
1 0.321908 0.525211 0.016660 0.018054
1 0.366575 0.547504 0.019351 0.015355
0 0.290571 0.467992 0.023306 0.011057
1 0.322601 0.528682 0.016599 0.012801
1 0.292280 0.523703 0.017547 0.010457
