0 0.043122 0.917951 0.085991 0.109084
0 0.149908 0.859988 0.102698 0.077066
0 0.523527 0.850247 0.058438 0.106056
0 0.457559 0.832839 0.054920 0.090485
3 0.167080 0.803790 0.059873 0.073097
0 0.598292 0.772651 0.042587 0.079413
0 0.892288 0.773369 0.044617 0.068052
0 0.286888 0.731785 0.049090 0.050253
0 0.107396 0.886040 0.046394 0.048628
0 0.375235 0.724223 0.034130 0.064928
0 0.807940 0.693607 0.035056 0.051873
0 0.333188 0.664852 0.048549 0.034226
0 0.544346 0.712234 0.030513 0.047535
0 0.899623 0.716449 0.029673 0.043436
0 0.986420 0.745872 0.026684 0.033251
1 0.495085 0.810183 0.015902 0.051369
1 0.375494 0.844711 0.016181 0.038497
