3 0.900776 0.672207 0.197248 0.203973
0 0.720686 0.735575 0.213594 0.153580
0 0.392383 0.727491 0.130971 0.127780
0 0.707300 0.634885 0.144597 0.080896
0 0.502225 0.639102 0.118328 0.091686
0 0.044724 0.736584 0.089036 0.118302
2 0.833858 0.492691 0.180460 0.052651
2 0.953821 0.511838 0.091217 0.051136
0 0.566631 0.596363 0.081436 0.048733
2 0.711259 0.471639 0.100062 0.037193
0 0.764995 0.544834 0.095218 0.037002
2 0.109560 0.449985 0.092621 0.033420
0 0.244207 0.528542 0.074453 0.041283
0 0.415120 0.530513 0.062413 0.046344
0 0.141873 0.535531 0.083895 0.034380
3 0.965512 0.553449 0.068714 0.037222
0 0.706122 0.503902 0.080720 0.029070
0 0.507984 0.532390 0.060822 0.037559
3 0.076118 0.476064 0.063381 0.032798
0 0.838521 0.515675 0.071331 0.026066
0 0.021310 0.620795 0.042051 0.040841
0 0.513816 0.504755 0.050888 0.033406
0 0.608889 0.488671 0.051137 0.025472
0 0.424919 0.500895 0.042621 0.023990
0 0.670733 0.485466 0.038132 0.020632
0 0.263839 0.475359 0.035655 0.021086
0 0.472775 0.484150 0.038790 0.019283
0 0.533087 0.484906 0.038523 0.019410
1 0.666915 0.587987 0.036342 0.020201
2 0.497484 0.444140 0.031610 0.020159
0 0.414895 0.480065 0.029803 0.020337
1 0.621561 0.543593 0.025146 0.021725
0 0.322114 0.460117 0.030778 0.016490
0 0.589005 0.462616 0.028905 0.013626
0 0.464855 0.465739 0.025912 0.014391
0 0.307852 0.450458 0.025188 0.014368
1 0.190142 0.496140 0.021392 0.015981
0 0.409501 0.449242 0.025563 0.013332
0 0.342680 0.450316 0.024041 0.010504
