0 0.242671 0.801869 0.121379 0.202490
0 0.119092 0.517292 0.074293 0.088985
3 0.337970 0.283555 0.042961 0.082344
3 0.365596 0.259242 0.032164 0.074371
0 0.395258 0.372749 0.040681 0.070025
0 0.368634 0.325971 0.026750 0.038170
0 0.539116 0.320860 0.025955 0.037684
3 0.590004 0.331357 0.030740 0.051543
0 0.418338 0.266624 0.016400 0.024018
0 0.565355 0.263370 0.015951 0.022909
0 0.560069 0.247790 0.012338 0.018277
0 0.524887 0.269278 0.015826 0.023446
3 0.537590 0.212623 0.015318 0.034990
3 0.400423 0.252439 0.015003 0.028507
0 0.509559 0.234956 0.012999 0.022152
0 0.466478 0.210729 0.009714 0.011750
