0 0.252876 0.401948 0.041134 0.056092
0 0.585405 0.444662 0.048663 0.063518
0 0.608496 0.370684 0.032867 0.043753
0 0.427902 0.320741 0.024913 0.035073
3 0.616795 0.300568 0.042456 0.069925
0 0.383483 0.305018 0.022553 0.032911
3 0.582607 0.254961 0.029861 0.062345
0 0.347516 0.365444 0.033630 0.045089
0 0.569884 0.307225 0.021923 0.030785
0 0.524492 0.280665 0.017464 0.025615
0 0.442691 0.280121 0.018534 0.027147
0 0.424033 0.253228 0.014502 0.022218
0 0.459282 0.236781 0.011888 0.013413
3 0.425072 0.207920 0.014756 0.036780
2 0.424956 0.208073 0.014378 0.036345
