0 0.043534 0.917018 0.086842 0.109608
3 0.609603 0.846049 0.056672 0.136491
0 0.163966 0.859846 0.076796 0.075751
0 0.617272 0.959642 0.067549 0.075785
0 0.522230 0.840058 0.051225 0.084191
3 0.168714 0.803490 0.058146 0.070096
0 0.293078 0.734546 0.056534 0.056079
0 0.548774 0.770728 0.042771 0.072804
0 0.106547 0.882071 0.044226 0.053906
0 0.469156 0.701397 0.037974 0.058773
0 0.923705 0.761638 0.045813 0.047774
0 0.375718 0.728494 0.033346 0.062543
0 0.592933 0.710786 0.033056 0.057058
0 0.527069 0.647276 0.033978 0.052899
1 0.461107 0.852093 0.019674 0.052258
1 0.435311 0.903370 0.020217 0.047713
1 0.478509 0.763914 0.015083 0.035358
1 0.433037 0.771762 0.013064 0.033731
