0 0.186192 0.555227 0.081732 0.137303
0 0.972133 0.755469 0.055290 0.155527
0 0.412155 0.376553 0.034355 0.049970
0 0.549951 0.346623 0.031166 0.042371
0 0.575411 0.410323 0.046730 0.073203
3 0.566136 0.242227 0.022088 0.052164
0 0.373305 0.311916 0.025013 0.033705
0 0.650833 0.440791 0.047002 0.060606
0 0.594892 0.345977 0.029982 0.044100
0 0.671297 0.374633 0.033090 0.048147
0 0.293459 0.414062 0.047691 0.090152
0 0.524883 0.286426 0.019531 0.027399
0 0.549554 0.273772 0.016940 0.021926
0 0.436471 0.298572 0.020011 0.031870
0 0.581274 0.278050 0.017157 0.025983
0 0.516946 0.257729 0.014467 0.018707
0 0.444026 0.279343 0.018256 0.027216
3 0.413272 0.221840 0.017114 0.039712
