3 0.132973 0.449122 0.150686 0.252384
3 0.640019 0.310407 0.052916 0.105913
3 0.762096 0.453613 0.124747 0.180993
0 0.700857 0.812552 0.113921 0.181727
0 0.894202 0.835742 0.132651 0.165308
3 0.289394 0.454618 0.054072 0.093585
0 0.455144 0.248159 0.013196 0.016826
0 0.432290 0.242456 0.012112 0.012751
0 0.410662 0.253561 0.014400 0.021190
0 0.445509 0.221776 0.008871 0.014593
3 0.530867 0.238050 0.012983 0.020479
0 0.452658 0.208698 0.007449 0.013335
0 0.506260 0.222993 0.009897 0.019206
0 0.524203 0.222777 0.010685 0.016475
3 0.435756 0.195714 0.011265 0.028864
0 0.462306 0.231322 0.011129 0.015533
0 0.468150 0.209236 0.007288 0.008382
