0 0.815297 0.846576 0.305890 0.234751
0 0.376182 0.833196 0.171296 0.193712
3 0.937426 0.694750 0.124130 0.167607
0 0.527527 0.706261 0.152151 0.129330
0 0.755353 0.683887 0.180292 0.104666
0 0.083040 0.648290 0.159103 0.076295
3 0.576211 0.608552 0.110066 0.102596
2 0.823761 0.500469 0.181973 0.052850
0 0.930714 0.556048 0.128957 0.040903
0 0.799963 0.513835 0.133499 0.038187
2 0.950922 0.518245 0.097033 0.049016
0 0.805413 0.567342 0.110139 0.042522
0 0.066426 0.576093 0.103316 0.041499
0 0.410485 0.555082 0.074208 0.055002
2 0.702108 0.481131 0.093154 0.042461
0 0.507829 0.552972 0.076914 0.043385
0 0.749238 0.519007 0.095677 0.033483
2 0.101768 0.455476 0.090610 0.032723
1 0.820049 0.676821 0.054925 0.047807
3 0.029656 0.529004 0.058301 0.035354
0 0.515523 0.518573 0.054976 0.035763
0 0.181131 0.516668 0.066031 0.029043
1 0.826291 0.678402 0.040785 0.045474
3 0.104550 0.473643 0.055146 0.029817
0 0.627844 0.500624 0.058227 0.026951
0 0.257043 0.515327 0.049233 0.031050
0 0.420553 0.515605 0.046246 0.028448
0 0.539654 0.499468 0.043167 0.022183
0 0.469105 0.495720 0.043506 0.021555
0 0.407594 0.492056 0.032276 0.021530
1 0.642078 0.570392 0.027350 0.023737
1 0.672703 0.557767 0.026822 0.021964
0 0.277449 0.470898 0.033889 0.015433
0 0.461329 0.475782 0.028753 0.015962
0 0.581924 0.469478 0.028631 0.013649
0 0.322835 0.461092 0.027020 0.014309
0 0.249262 0.458311 0.029314 0.012168
0 0.306391 0.453599 0.023122 0.015336
