0 0.730387 0.883267 0.296244 0.233083
0 0.338017 0.822631 0.204747 0.216703
3 0.911573 0.816711 0.175670 0.225991
2 0.868825 0.510573 0.261862 0.094682
0 0.537199 0.629662 0.120109 0.092162
3 0.631485 0.574996 0.112682 0.090313
0 0.389377 0.607522 0.101166 0.072095
3 0.621182 0.519069 0.108917 0.061235
3 0.840506 0.620349 0.099464 0.065658
0 0.455502 0.535031 0.079464 0.054393
0 0.198906 0.544757 0.097589 0.042052
3 0.604103 0.481288 0.087531 0.044634
2 0.603816 0.481538 0.087498 0.044348
2 0.702047 0.465141 0.094943 0.039526
0 0.046994 0.504262 0.093671 0.037268
0 0.150037 0.515916 0.088763 0.037088
2 0.106727 0.419377 0.095222 0.032807
0 0.945642 0.555153 0.082263 0.036418
0 0.484448 0.496517 0.051388 0.031515
0 0.193094 0.476396 0.060453 0.022871
0 0.015367 0.543714 0.030248 0.037881
0 0.393349 0.489999 0.042342 0.026937
0 0.423433 0.476413 0.042941 0.026210
0 0.520974 0.482612 0.044508 0.024479
0 0.192899 0.452329 0.047682 0.017753
0 0.305610 0.451260 0.038193 0.019490
1 0.723944 0.572243 0.026166 0.025684
0 0.407369 0.450575 0.033584 0.019953
2 0.015281 0.438237 0.030390 0.019947
0 0.243716 0.453078 0.027317 0.018646
0 0.545873 0.458193 0.031244 0.014896
