3 0.199979 0.832626 0.393471 0.301626
2 0.250979 0.438792 0.272017 0.111161
2 0.405008 0.440146 0.204732 0.091988
0 0.683528 0.627145 0.176127 0.100182
0 0.504704 0.552547 0.160809 0.076833
3 0.616150 0.425046 0.083172 0.066236
0 0.513877 0.474837 0.102943 0.046154
0 0.738609 0.463021 0.084021 0.044008
0 0.747144 0.420377 0.067391 0.033386
2 0.643550 0.339147 0.050617 0.027004
0 0.586974 0.383833 0.049436 0.026964
0 0.986916 0.471229 0.026168 0.049975
0 0.669500 0.387179 0.054386 0.023860
0 0.945611 0.394051 0.036799 0.032786
0 0.252501 0.359516 0.059763 0.019494
0 0.750495 0.380533 0.047258 0.023008
0 0.561516 0.422140 0.032768 0.032123
0 0.668113 0.415445 0.032471 0.032173
0 0.522540 0.364492 0.046939 0.020088
0 0.690677 0.373107 0.040745 0.021903
1 0.689447 0.440048 0.024812 0.022532
0 0.719089 0.350899 0.026588 0.015914
