0 0.645080 0.811609 0.236777 0.221472
3 0.761475 0.673053 0.198080 0.159763
2 0.864192 0.498361 0.271076 0.091226
0 0.378865 0.718202 0.149210 0.137339
2 0.700640 0.563925 0.167572 0.097638
3 0.700998 0.564072 0.167402 0.097414
2 0.814900 0.483045 0.178375 0.058523
0 0.490728 0.592845 0.110711 0.086298
3 0.640752 0.503255 0.115100 0.071384
0 0.145793 0.535950 0.110061 0.050144
1 0.912727 0.715658 0.075605 0.062950
2 0.694950 0.457828 0.095898 0.040232
2 0.092620 0.419273 0.094894 0.033465
0 0.497515 0.515382 0.068370 0.041029
0 0.032405 0.504009 0.064250 0.035207
0 0.540822 0.500605 0.058529 0.033374
0 0.380905 0.511172 0.050365 0.035394
0 0.419601 0.490454 0.051398 0.033206
1 0.978848 0.601219 0.042304 0.033831
0 0.277685 0.474408 0.053056 0.023848
0 0.164625 0.458222 0.053669 0.022467
0 0.396741 0.457661 0.039247 0.024681
0 0.222795 0.468039 0.040916 0.023374
3 0.308961 0.443845 0.032754 0.025633
0 0.562298 0.463758 0.039083 0.017730
0 0.575015 0.456147 0.035576 0.017959
0 0.519843 0.446417 0.030968 0.016597
0 0.228699 0.449421 0.032565 0.012670
0 0.440692 0.438558 0.026381 0.012971
