0 0.694670 0.696336 0.093740 0.053917
0 0.066771 0.632072 0.097334 0.034352
0 0.566355 0.619832 0.067559 0.036476
0 0.442951 0.597438 0.046446 0.021069
0 0.332315 0.750300 0.163620 0.108175
0 0.179381 0.613739 0.102750 0.023682
3 0.332428 0.749935 0.164155 0.107244
3 0.296824 0.666332 0.133353 0.072650
0 0.568323 0.588492 0.046162 0.025461
1 0.457467 0.652717 0.026063 0.025189
1 0.371686 0.677563 0.032407 0.029064
1 0.387575 0.630520 0.022182 0.020843
0 0.598632 0.894328 0.207922 0.210837
0 0.930691 0.574604 0.042151 0.017986
0 0.574231 0.566015 0.033103 0.017482
0 0.959431 0.603533 0.057336 0.025934
