2 0.251148 0.629825 0.379725 0.162800
0 0.108136 0.942427 0.216205 0.114567
0 0.943037 0.871025 0.113666 0.098500
0 0.685031 0.628508 0.119072 0.046647
0 0.763420 0.616074 0.113983 0.043619
2 0.610832 0.496885 0.101580 0.042650
0 0.948851 0.590981 0.102060 0.040829
1 0.966770 0.764194 0.066461 0.058076
0 0.551962 0.576818 0.091189 0.036814
0 0.671668 0.573341 0.093605 0.033983
1 0.707865 0.763276 0.064671 0.041976
3 0.852903 0.541801 0.060272 0.035695
0 0.544179 0.554866 0.079799 0.025393
0 0.725750 0.541581 0.067060 0.029400
1 0.714058 0.766566 0.051037 0.034559
0 0.392801 0.519605 0.051089 0.023429
0 0.824718 0.523723 0.055780 0.019197
1 0.706274 0.676127 0.038111 0.026884
0 0.470676 0.530117 0.037915 0.025523
0 0.779005 0.514238 0.045737 0.018371
0 0.358378 0.507434 0.043458 0.018846
1 0.562749 0.622058 0.033597 0.023889
2 0.364347 0.487351 0.031906 0.022478
3 0.364478 0.487537 0.031931 0.022308
0 0.165646 0.494534 0.036922 0.018992
0 0.406732 0.501155 0.039048 0.017681
0 0.314797 0.502803 0.034328 0.018037
0 0.500501 0.489967 0.037166 0.016354
0 0.713839 0.507081 0.036430 0.014548
0 0.343794 0.496909 0.030779 0.015552
0 0.281070 0.485820 0.027709 0.016307
3 0.259479 0.488245 0.026482 0.016678
0 0.213305 0.473528 0.030542 0.013918
0 0.293195 0.469334 0.026128 0.015408
0 0.669166 0.509399 0.023234 0.014929
1 0.372461 0.532982 0.017954 0.017994
1 0.163919 0.529413 0.020164 0.015593
0 0.441196 0.476306 0.028688 0.010742
0 0.189820 0.463368 0.022746 0.009833
1 0.321288 0.525160 0.016903 0.012748
0 0.280995 0.460269 0.020246 0.010156
1 0.288188 0.513097 0.014642 0.013778
1 0.287901 0.515086 0.014545 0.010043
