0 0.938480 0.580860 0.042587 0.018276
0 0.667683 0.774947 0.149139 0.113763
0 0.643846 0.604376 0.045224 0.023654
0 0.186678 0.615049 0.099814 0.023386
1 0.810757 0.712836 0.031718 0.031775
0 0.499056 0.604358 0.064708 0.035511
1 0.417245 0.673673 0.028284 0.026174
0 0.074426 0.632789 0.093270 0.033993
0 0.601346 0.573156 0.035182 0.019485
3 0.574258 0.648693 0.078889 0.059002
3 0.369508 0.600186 0.057872 0.031957
0 0.455469 0.583042 0.039744 0.023384
3 0.667795 0.775039 0.149334 0.113929
0 0.369750 0.600192 0.057970 0.031780
0 0.406543 0.574937 0.035330 0.017819
0 0.587952 0.558968 0.030504 0.016115
