3 0.157353 0.630468 0.314102 0.164403
3 0.475768 0.612852 0.205121 0.158534
2 0.286483 0.442518 0.259741 0.109697
2 0.494583 0.423214 0.161359 0.074475
0 0.746657 0.535304 0.125976 0.067441
0 0.602459 0.495654 0.119352 0.056923
3 0.672358 0.410869 0.070893 0.056753
0 0.606752 0.444616 0.079448 0.036988
0 0.775432 0.440907 0.071481 0.036454
0 0.978627 0.424982 0.042747 0.039594
0 0.786214 0.406051 0.057703 0.028484
2 0.682544 0.342166 0.048923 0.026134
0 0.715316 0.383516 0.044779 0.022886
0 0.644656 0.374749 0.047136 0.020041
0 0.299267 0.362380 0.055331 0.017005
0 0.787670 0.375198 0.042908 0.021245
0 0.549960 0.370013 0.043334 0.019965
0 0.987870 0.380572 0.024261 0.032382
0 0.729294 0.371380 0.035696 0.020363
0 0.253838 0.365880 0.032670 0.019041
1 0.739811 0.420988 0.022261 0.019820
0 0.755603 0.351533 0.027312 0.015510
