2 0.261926 0.625470 0.365696 0.161956
0 0.108687 0.942057 0.217374 0.115311
0 0.934810 0.871396 0.130299 0.120872
0 0.679195 0.625097 0.117376 0.045798
0 0.755122 0.611921 0.110974 0.042478
2 0.616597 0.497479 0.102358 0.044049
1 0.958512 0.757656 0.078901 0.055385
0 0.957812 0.594112 0.084376 0.042104
0 0.549268 0.575491 0.089860 0.036861
0 0.665375 0.570587 0.091162 0.034072
3 0.862175 0.542991 0.061147 0.035733
1 0.700829 0.759502 0.059784 0.036508
0 0.541306 0.553784 0.079282 0.025815
0 0.735970 0.543092 0.067927 0.029750
1 0.696478 0.667939 0.045945 0.032285
0 0.392386 0.518630 0.052941 0.023442
0 0.826271 0.523389 0.056580 0.019313
0 0.470409 0.529211 0.035548 0.024948
0 0.779858 0.513818 0.046130 0.018097
0 0.359072 0.506892 0.041896 0.018600
0 0.406936 0.500196 0.038520 0.018252
1 0.560042 0.618958 0.031581 0.021832
0 0.168103 0.494617 0.034002 0.018572
0 0.343985 0.496729 0.032150 0.018163
0 0.316271 0.502114 0.032114 0.017149
0 0.502667 0.489704 0.035278 0.015495
0 0.717117 0.507049 0.035414 0.014200
0 0.282116 0.484878 0.028374 0.016830
0 0.214013 0.473069 0.031296 0.013586
0 0.259482 0.487400 0.025145 0.016379
0 0.293616 0.468797 0.026807 0.014719
1 0.164804 0.527586 0.020711 0.018000
0 0.444511 0.475132 0.028435 0.013005
1 0.372538 0.531723 0.018263 0.018954
0 0.674534 0.510766 0.021823 0.013041
0 0.341419 0.481123 0.022059 0.011853
0 0.190531 0.463422 0.022459 0.009255
1 0.321121 0.524253 0.016480 0.012517
0 0.282021 0.460314 0.019262 0.009785
1 0.288210 0.513380 0.014370 0.011887
