3 0.157325 0.630394 0.314102 0.164265
3 0.475743 0.612860 0.205216 0.158529
2 0.286427 0.442524 0.259573 0.109716
2 0.494551 0.423215 0.161283 0.074509
0 0.746659 0.535316 0.125985 0.067482
0 0.602467 0.495660 0.119373 0.056953
3 0.672409 0.410819 0.071053 0.056767
0 0.606768 0.444649 0.079452 0.037025
0 0.775391 0.440875 0.071587 0.036545
0 0.978744 0.424973 0.042512 0.039592
0 0.786198 0.406061 0.057779 0.028518
2 0.682597 0.342152 0.049054 0.026002
0 0.715347 0.383516 0.044760 0.022710
0 0.644645 0.374758 0.047113 0.020058
0 0.299215 0.362398 0.055241 0.016970
0 0.787671 0.375182 0.042872 0.021235
0 0.550091 0.370000 0.043712 0.020011
0 0.987870 0.380578 0.024259 0.032386
0 0.729334 0.371406 0.035653 0.020390
0 0.253805 0.365950 0.032660 0.019151
1 0.739827 0.421221 0.022233 0.019281
0 0.755613 0.351493 0.027372 0.015484
