0 0.057094 0.734329 0.114189 0.227564
0 0.277243 0.742369 0.102020 0.167247
0 0.767586 0.639689 0.083092 0.117895
0 0.731599 0.449537 0.049856 0.070586
0 0.398647 0.397258 0.037413 0.057571
0 0.323729 0.379568 0.037219 0.049771
0 0.541600 0.320806 0.026968 0.044908
0 0.419281 0.340594 0.028497 0.041499
0 0.586428 0.340135 0.027074 0.038251
3 0.557701 0.231638 0.020209 0.047286
3 0.402821 0.225334 0.017967 0.048297
0 0.429375 0.307401 0.023910 0.035254
0 0.625961 0.321588 0.023205 0.035810
0 0.569929 0.301953 0.022451 0.031174
0 0.531140 0.291596 0.022289 0.030507
0 0.439915 0.273628 0.018522 0.029521
0 0.568301 0.260691 0.015138 0.022368
0 0.415623 0.249883 0.014846 0.021152
0 0.516752 0.259397 0.014777 0.020609
