0 0.313206 0.634530 0.082535 0.125607
0 0.708425 0.540750 0.060848 0.091992
0 0.305850 0.414296 0.041398 0.058295
0 0.405453 0.392528 0.036851 0.051807
0 0.536422 0.307867 0.023465 0.032168
0 0.039796 0.811873 0.079038 0.212847
0 0.565221 0.297058 0.019857 0.026653
0 0.400533 0.284392 0.019020 0.031252
0 0.423413 0.253904 0.015133 0.021608
0 0.451776 0.260585 0.016080 0.025631
0 0.547638 0.267062 0.016506 0.021626
3 0.589983 0.273965 0.031216 0.051306
3 0.567278 0.240448 0.023179 0.049175
0 0.513860 0.246877 0.012437 0.018525
3 0.418657 0.215209 0.015799 0.038627
0 0.435370 0.240949 0.013206 0.017997
