0 0.043757 0.917263 0.087344 0.110903
0 0.615855 0.942279 0.079205 0.114538
3 0.606687 0.823006 0.051984 0.124242
0 0.163864 0.858691 0.075750 0.075315
3 0.169028 0.800486 0.058164 0.065703
0 0.527493 0.816323 0.045841 0.074648
0 0.551116 0.756010 0.044103 0.070132
0 0.287117 0.734793 0.046230 0.053007
1 0.106499 0.883712 0.043404 0.049693
0 0.475078 0.690334 0.037333 0.055991
0 0.376404 0.730506 0.032559 0.058112
0 0.593943 0.699095 0.034368 0.054775
0 0.861013 0.705440 0.042374 0.033266
0 0.790147 0.685875 0.032189 0.043212
0 0.601034 0.672576 0.028485 0.044722
0 0.561359 0.643635 0.026175 0.044621
1 0.471494 0.823448 0.016952 0.050738
1 0.445606 0.869295 0.021038 0.037381
1 0.440070 0.757592 0.012820 0.034703
