0 0.707931 0.867519 0.267094 0.249144
3 0.896233 0.781096 0.207093 0.200660
0 0.346828 0.794130 0.189771 0.192435
0 0.534008 0.619162 0.113337 0.085032
3 0.625836 0.569921 0.106398 0.085385
0 0.394298 0.600516 0.096807 0.068217
3 0.619519 0.517745 0.105392 0.058893
3 0.827189 0.612602 0.093280 0.062456
0 0.182042 0.563200 0.109767 0.047886
0 0.456184 0.532675 0.078058 0.053017
2 0.705360 0.469332 0.094507 0.042860
0 0.136810 0.527049 0.095958 0.039633
3 0.604243 0.481634 0.087619 0.041396
2 0.604177 0.481521 0.087825 0.040987
3 0.932934 0.554147 0.085092 0.036791
0 0.038545 0.516130 0.076655 0.040185
2 0.112665 0.421559 0.092980 0.033086
0 0.484669 0.496155 0.053654 0.029667
0 0.188123 0.483060 0.064016 0.024263
0 0.396858 0.489694 0.040757 0.026272
0 0.427597 0.476931 0.041259 0.025579
0 0.189256 0.457857 0.051730 0.019365
0 0.523700 0.483194 0.040021 0.023945
0 0.308332 0.456234 0.037695 0.020985
0 0.412357 0.451206 0.033898 0.020127
2 0.017860 0.440890 0.035107 0.019405
1 0.715878 0.565257 0.025863 0.024295
0 0.243675 0.457977 0.030922 0.019465
0 0.327036 0.438519 0.032596 0.014419
0 0.547337 0.459402 0.030223 0.014583
