0 0.835163 0.872432 0.326235 0.254161
0 0.370502 0.859346 0.181519 0.213843
0 0.532091 0.722149 0.160605 0.139818
0 0.764035 0.693775 0.186739 0.110049
3 0.944082 0.701394 0.111637 0.163085
3 0.576334 0.614386 0.111281 0.104847
0 0.095332 0.638144 0.147697 0.070031
2 0.821079 0.500940 0.180421 0.053096
2 0.948265 0.525575 0.102759 0.062861
0 0.917996 0.556033 0.129699 0.040715
0 0.796314 0.515681 0.134465 0.038938
0 0.809768 0.571102 0.110969 0.042826
0 0.407979 0.560601 0.074632 0.057277
0 0.077584 0.569588 0.097988 0.039479
0 0.756420 0.521923 0.098856 0.033914
0 0.507878 0.556429 0.076799 0.042890
2 0.698470 0.478571 0.093230 0.035196
2 0.097417 0.456909 0.093825 0.033782
1 0.836293 0.688430 0.046239 0.045313
0 0.513892 0.521859 0.055796 0.037167
3 0.035502 0.526247 0.057463 0.034530
0 0.263855 0.514296 0.060083 0.031051
0 0.184374 0.514255 0.062620 0.027152
0 0.629836 0.502722 0.060510 0.026926
3 0.105935 0.473330 0.054503 0.029336
0 0.417449 0.518388 0.047999 0.028586
0 0.539505 0.501922 0.043561 0.022295
0 0.467346 0.497718 0.042899 0.022593
1 0.458728 0.553225 0.026684 0.036003
0 0.404661 0.493524 0.033209 0.022596
1 0.644714 0.575526 0.026747 0.025013
1 0.680852 0.564924 0.026032 0.021579
0 0.275649 0.471452 0.033226 0.016123
0 0.459021 0.477516 0.028104 0.016294
0 0.447182 0.466570 0.027527 0.014001
0 0.320860 0.461061 0.026362 0.014295
0 0.247932 0.459144 0.028758 0.012006
