0 0.042768 0.916794 0.085192 0.109190
0 0.517556 0.890788 0.064588 0.118842
0 0.149376 0.860822 0.100229 0.073960
0 0.440430 0.875636 0.063532 0.104339
2 0.167220 0.804441 0.060379 0.077170
0 0.597417 0.793576 0.049615 0.086937
0 0.285984 0.732839 0.047746 0.050484
0 0.374835 0.723625 0.033725 0.066022
0 0.107046 0.886326 0.045159 0.046653
0 0.338264 0.662918 0.055969 0.034404
0 0.541819 0.726787 0.032860 0.054038
0 0.566978 0.695605 0.028819 0.055671
0 0.794484 0.679260 0.034277 0.044878
0 0.893972 0.705903 0.035226 0.040488
0 0.449948 0.619619 0.031195 0.041471
0 0.496671 0.640800 0.029176 0.043135
0 0.591485 0.647709 0.028367 0.042669
0 0.532429 0.607747 0.025360 0.042298
0 0.908268 0.735658 0.021574 0.048814
1 0.478139 0.842528 0.016208 0.053769
1 0.345254 0.880218 0.016543 0.049771
1 0.447822 0.805923 0.014038 0.037866
