2 0.303674 0.609773 0.308925 0.152853
0 0.112344 0.940855 0.224688 0.117785
0 0.902746 0.822120 0.194381 0.109969
2 0.640040 0.498201 0.108016 0.045177
0 0.657028 0.611078 0.107747 0.042637
0 0.720495 0.595711 0.101561 0.038685
1 0.899762 0.725680 0.071872 0.052302
0 0.540204 0.567235 0.087043 0.035963
0 0.644025 0.559973 0.085345 0.031641
1 0.664024 0.727520 0.059927 0.044946
0 0.782643 0.550539 0.076049 0.032878
3 0.904747 0.547698 0.065160 0.037481
0 0.976412 0.700151 0.046705 0.044104
1 0.666247 0.732936 0.054812 0.034084
0 0.531432 0.546429 0.076357 0.024054
0 0.835676 0.521644 0.058188 0.020128
0 0.395875 0.514349 0.049790 0.022741
0 0.788114 0.511893 0.045277 0.018001
0 0.469468 0.522672 0.034201 0.023292
0 0.362812 0.503537 0.042181 0.018454
0 0.718172 0.503859 0.048209 0.015471
1 0.011479 0.683192 0.022061 0.032557
0 0.174464 0.492956 0.037077 0.018969
0 0.408539 0.496404 0.037129 0.017877
2 0.366418 0.482483 0.029056 0.021257
1 0.546186 0.604665 0.027231 0.020817
0 0.323943 0.499253 0.031839 0.015915
0 0.285680 0.481703 0.028949 0.015838
0 0.703066 0.510638 0.024634 0.016060
0 0.459105 0.474866 0.027702 0.013947
0 0.216693 0.470759 0.031668 0.012044
0 0.299858 0.467343 0.025765 0.013891
1 0.374905 0.525364 0.017878 0.015951
1 0.168602 0.526199 0.020172 0.013911
0 0.476090 0.468515 0.023433 0.011792
1 0.321682 0.517132 0.017505 0.015262
1 0.290483 0.508191 0.014165 0.013341
1 0.321420 0.519170 0.016138 0.011475
0 0.271425 0.451119 0.018565 0.008769
