0 0.681261 0.661552 0.078189 0.041714
3 0.370161 0.631495 0.082795 0.051073
0 0.075896 0.632338 0.094105 0.034384
0 0.472248 0.588038 0.039092 0.018868
3 0.287887 0.633869 0.081782 0.053588
0 0.413515 0.685845 0.116659 0.072058
0 0.585398 0.603834 0.052894 0.029674
0 0.582394 0.580683 0.041798 0.022695
0 0.187450 0.613908 0.103360 0.023637
3 0.598271 0.792453 0.152652 0.146857
1 0.486996 0.628945 0.021285 0.022864
0 0.597870 0.792530 0.153171 0.147256
0 0.556962 0.555460 0.028062 0.014642
0 0.625878 0.553665 0.031421 0.015313
0 0.586525 0.559968 0.031660 0.016640
0 0.411555 0.574118 0.033219 0.018367
1 0.520199 0.602547 0.018563 0.020369
0 0.923043 0.565311 0.036775 0.014700
