0 0.693140 0.689729 0.090044 0.051029
0 0.449923 0.594686 0.047795 0.022236
0 0.071603 0.631923 0.093738 0.033865
0 0.351365 0.736323 0.155510 0.099912
0 0.599098 0.881596 0.197569 0.214918
0 0.183145 0.614416 0.102335 0.024271
3 0.312961 0.659864 0.115158 0.064623
1 0.383201 0.669989 0.030611 0.025598
0 0.572582 0.586358 0.044738 0.024394
3 0.351293 0.736482 0.155189 0.099834
1 0.464731 0.648266 0.024891 0.024097
3 0.252534 0.647561 0.106967 0.063536
0 0.572953 0.617687 0.059735 0.036085
0 0.935951 0.576824 0.037779 0.014623
0 0.547400 0.560726 0.031929 0.015541
0 0.620209 0.557507 0.031810 0.015180
0 0.578435 0.565197 0.032408 0.016911
1 0.397560 0.626175 0.023908 0.020884
