3 0.751862 0.417514 0.107244 0.195402
0 0.238718 0.769898 0.122914 0.195049
0 0.155314 0.616819 0.092424 0.130112
0 0.737980 0.606172 0.076330 0.097769
0 0.133236 0.507412 0.066996 0.086155
0 0.591465 0.483524 0.051388 0.073330
0 0.672258 0.483015 0.051307 0.069780
3 0.602228 0.345789 0.037271 0.076078
3 0.378798 0.246322 0.027900 0.061310
0 0.405498 0.274716 0.019442 0.026553
0 0.563814 0.297698 0.021274 0.030293
0 0.355848 0.347648 0.036051 0.059796
0 0.521580 0.264837 0.016776 0.024415
0 0.777242 0.965839 0.163848 0.068321
0 0.550167 0.269192 0.017051 0.022955
0 0.513621 0.246830 0.013524 0.019524
0 0.414935 0.235120 0.012215 0.012649
0 0.533215 0.243378 0.012637 0.016778
