0 0.075396 0.921901 0.093250 0.107715
3 0.398636 0.859181 0.064471 0.146003
3 0.446131 0.951979 0.084685 0.092406
0 0.187434 0.864975 0.101226 0.075218
0 0.667779 0.948931 0.066675 0.101449
3 0.204143 0.811388 0.057677 0.077187
0 0.587876 0.801455 0.046060 0.084674
0 0.584183 0.737335 0.041862 0.066420
0 0.844616 0.654309 0.031183 0.072322
0 0.483231 0.757335 0.036823 0.057159
0 0.408434 0.735608 0.034902 0.059405
0 0.325672 0.741312 0.037787 0.051398
0 0.924499 0.714055 0.034811 0.052873
0 0.965083 0.775723 0.039267 0.043894
0 0.585014 0.678271 0.028799 0.048502
0 0.382784 0.653140 0.041275 0.031066
0 0.621968 0.659183 0.026958 0.045622
0 0.557321 0.663357 0.025866 0.045845
1 0.441876 0.889482 0.022947 0.042127
1 0.461728 0.805963 0.015678 0.059793
1 0.497039 0.874566 0.016995 0.054105
1 0.531580 0.798183 0.015289 0.041964
0 0.589796 0.621988 0.019228 0.030428
1 0.639822 0.719037 0.012162 0.033430
