3 0.409544 0.843940 0.072370 0.148919
3 0.318676 0.886807 0.072887 0.141701
0 0.075598 0.922687 0.093498 0.106817
3 0.448650 0.945471 0.092758 0.106820
0 0.665855 0.940825 0.066880 0.115161
0 0.188032 0.864148 0.099617 0.074203
3 0.203552 0.809914 0.058008 0.074403
3 0.588718 0.795206 0.045163 0.082590
0 0.583747 0.730943 0.035920 0.061619
0 0.408394 0.734974 0.034736 0.060812
0 0.925360 0.717490 0.036942 0.055393
0 0.325324 0.741422 0.037745 0.051307
0 0.482978 0.755002 0.034537 0.053800
0 0.966679 0.776139 0.036442 0.046363
0 0.925273 0.725732 0.035945 0.040366
0 0.385883 0.652779 0.045273 0.031375
0 0.585456 0.675430 0.027675 0.048331
0 0.621229 0.656121 0.027609 0.046808
0 0.556695 0.661854 0.026978 0.044733
1 0.499586 0.863440 0.018251 0.055628
1 0.447814 0.879363 0.023009 0.036718
1 0.467505 0.806101 0.014801 0.046528
0 0.589647 0.618953 0.019337 0.032904
1 0.533917 0.792520 0.014528 0.037284
