0 0.911387 0.814481 0.176652 0.309723
0 0.409032 0.350404 0.032553 0.044337
0 0.319621 0.317973 0.027190 0.036637
0 0.368356 0.314026 0.026547 0.038254
0 0.668726 0.474416 0.051585 0.077505
0 0.544508 0.331589 0.030094 0.046242
0 0.595364 0.340656 0.030985 0.042897
0 0.553274 0.273800 0.018535 0.023875
0 0.526861 0.288250 0.018987 0.027721
0 0.426295 0.300938 0.024172 0.038002
3 0.402059 0.225744 0.020165 0.045939
0 0.406872 0.263701 0.019878 0.033045
0 0.431133 0.236922 0.013097 0.018735
0 0.598890 0.295684 0.020232 0.029657
