3 0.071186 0.529846 0.141615 0.341536
3 0.627537 0.297790 0.047376 0.096953
3 0.720819 0.409698 0.098943 0.148430
0 0.614882 0.542589 0.062201 0.097810
0 0.746902 0.593265 0.078247 0.101588
3 0.218292 0.555134 0.076505 0.132326
0 0.428314 0.246036 0.012674 0.019707
0 0.399413 0.263154 0.016088 0.023666
0 0.449161 0.258546 0.014912 0.015923
0 0.443610 0.226138 0.009623 0.014516
0 0.459567 0.239855 0.012153 0.017062
0 0.505224 0.219287 0.009637 0.018652
3 0.599103 0.223925 0.021518 0.030450
0 0.450476 0.212179 0.008673 0.016198
