0 0.440346 0.775476 0.129357 0.082384
0 0.503543 0.653534 0.081381 0.050568
1 0.265485 0.847760 0.062305 0.061979
0 0.394556 0.600743 0.062528 0.029529
0 0.042415 0.630975 0.084348 0.036570
0 0.588845 0.597647 0.050804 0.029495
0 0.637667 0.582412 0.049483 0.022775
0 0.533294 0.588664 0.040941 0.024346
1 0.740823 0.676430 0.028470 0.027118
1 0.680297 0.627637 0.022151 0.019858
1 0.357878 0.670678 0.027126 0.022410
0 0.661142 0.737938 0.121066 0.115923
0 0.166751 0.613174 0.061311 0.023396
1 0.633513 0.613984 0.018486 0.014865
3 0.661298 0.738008 0.121595 0.116153
1 0.405415 0.643101 0.019699 0.019844
0 0.546364 0.571369 0.035144 0.019718
0 0.593856 0.560421 0.031656 0.017351
