0 0.634263 0.737524 0.139892 0.089940
0 0.505963 0.642162 0.070150 0.036423
3 0.629021 0.641919 0.073631 0.059794
0 0.044173 0.630656 0.087034 0.034170
0 0.533134 0.603642 0.055181 0.031003
1 0.423172 0.652218 0.025738 0.025877
1 0.380170 0.683948 0.027742 0.025623
0 0.166349 0.611902 0.074581 0.023620
1 0.798487 0.734601 0.048050 0.040260
0 0.593531 0.574798 0.040891 0.021454
0 0.544980 0.572460 0.034703 0.018393
0 0.895718 0.569697 0.041736 0.017462
0 0.989138 0.595316 0.020749 0.027880
0 0.448962 0.573858 0.046036 0.021864
1 0.282240 0.647393 0.020303 0.017184
