0 0.555352 0.894792 0.360920 0.209657
0 0.344790 0.678460 0.268288 0.137709
2 0.283192 0.473819 0.291480 0.122661
3 0.239215 0.431831 0.281035 0.110503
2 0.245114 0.431722 0.278348 0.111072
0 0.356602 0.550762 0.163059 0.070697
3 0.551731 0.457658 0.113407 0.085536
0 0.712622 0.512882 0.113200 0.059740
0 0.721482 0.449109 0.085037 0.042234
0 0.978953 0.492514 0.042093 0.076600
0 0.961183 0.411893 0.073709 0.036614
0 0.629627 0.435593 0.062358 0.040092
0 0.636190 0.399143 0.064352 0.029516
2 0.623576 0.337079 0.059269 0.029987
0 0.538485 0.397565 0.058116 0.030242
0 0.733304 0.392248 0.056426 0.028193
0 0.670953 0.379349 0.048531 0.025099
1 0.642155 0.482021 0.033977 0.030781
0 0.619561 0.378517 0.038303 0.026400
0 0.222974 0.355677 0.051521 0.019384
0 0.514811 0.357503 0.047630 0.020440
0 0.982032 0.377723 0.035905 0.026460
0 0.240547 0.349498 0.044999 0.016858
0 0.701526 0.353587 0.032667 0.019538
1 0.580689 0.405599 0.027321 0.021560
0 0.752664 0.352834 0.028060 0.020233
1 0.485213 0.367863 0.018150 0.017310
