0 0.192958 0.726227 0.121010 0.066664
0 0.500642 0.676524 0.098196 0.061466
0 0.440861 0.879876 0.209563 0.167413
0 0.892213 0.585774 0.045202 0.022813
0 0.524448 0.608203 0.055157 0.031326
0 0.458086 0.603666 0.055719 0.028775
0 0.597795 0.585019 0.043200 0.023643
0 0.043779 0.630055 0.086056 0.035883
1 0.342716 0.809538 0.054981 0.054889
0 0.808865 0.560772 0.035471 0.015374
1 0.630971 0.694110 0.029774 0.027151
0 0.152693 0.613930 0.112814 0.026467
1 0.683117 0.652798 0.026063 0.025751
1 0.283066 0.735445 0.038132 0.036746
0 0.544751 0.565639 0.032166 0.016496
0 0.374926 0.570378 0.033793 0.020186
0 0.899240 0.566784 0.027193 0.014468
