0 0.042922 0.917159 0.085508 0.109723
3 0.147651 0.860064 0.098468 0.079410
0 0.404118 0.949134 0.076857 0.100294
0 0.505805 0.949750 0.077613 0.098591
0 0.604529 0.832516 0.061677 0.107300
3 0.166673 0.806241 0.061775 0.076695
0 0.285762 0.734417 0.046306 0.053357
0 0.374315 0.723229 0.033970 0.069902
0 0.355666 0.665256 0.058638 0.038533
0 0.985937 0.824742 0.027598 0.077867
0 0.829421 0.727206 0.037098 0.056092
0 0.536831 0.750259 0.035529 0.057904
0 0.562664 0.714165 0.032543 0.058074
1 0.286770 0.969745 0.025394 0.060509
0 0.489766 0.655484 0.031654 0.046172
0 0.591574 0.665673 0.029593 0.047595
0 0.554757 0.666374 0.027996 0.045141
0 0.530752 0.617235 0.025969 0.046491
1 0.441094 0.911305 0.018818 0.062599
1 0.525948 0.865807 0.018163 0.047298
0 0.890057 0.735969 0.025337 0.033459
1 0.906822 0.773205 0.020651 0.038290
0 0.561161 0.615235 0.020846 0.037063
1 0.560755 0.808435 0.018104 0.039844
1 0.420846 0.859012 0.015401 0.045942
0 0.993037 0.763931 0.013566 0.041542
1 0.503470 0.747284 0.013488 0.038433
1 0.480293 0.777180 0.013003 0.026167
