0 0.237085 0.696296 0.099170 0.147883
3 0.632930 0.400062 0.044359 0.072229
0 0.386599 0.426637 0.044631 0.069910
3 0.358225 0.263817 0.035130 0.072470
0 0.570107 0.412390 0.040940 0.060988
0 0.266902 0.379705 0.040246 0.051650
3 0.380355 0.245610 0.027606 0.063992
3 0.426346 0.306034 0.026394 0.047014
3 0.598269 0.221490 0.020925 0.030016
0 0.535507 0.293461 0.020222 0.030279
3 0.540421 0.215488 0.015376 0.036815
0 0.396106 0.288872 0.020080 0.027720
3 0.581432 0.278261 0.017718 0.026190
0 0.513356 0.243259 0.014372 0.025562
0 0.547782 0.273700 0.016709 0.021441
0 0.405773 0.240067 0.013608 0.024188
0 0.430318 0.245581 0.014143 0.019419
0 0.536224 0.245037 0.012510 0.018384
