0 0.045443 0.921819 0.090525 0.108055
0 0.150319 0.867885 0.113536 0.084692
0 0.530626 0.945816 0.077346 0.106102
0 0.540030 0.818548 0.053942 0.091848
0 0.388256 0.864081 0.055066 0.086873
2 0.172204 0.807670 0.056866 0.070800
3 0.172398 0.807561 0.056870 0.070711
0 0.895038 0.782959 0.046747 0.066699
0 0.546395 0.739251 0.036496 0.065438
0 0.378525 0.734291 0.037868 0.056912
0 0.894827 0.718284 0.036733 0.052803
0 0.596031 0.702671 0.033767 0.055516
0 0.509357 0.723509 0.033611 0.054904
0 0.968784 0.756511 0.026862 0.041051
0 0.362810 0.654472 0.033413 0.030953
0 0.942771 0.765258 0.018095 0.048597
0 0.595684 0.603802 0.024073 0.036004
0 0.556984 0.663869 0.023491 0.036238
1 0.622576 0.819599 0.016399 0.046153
1 0.599722 0.798780 0.014856 0.048891
1 0.443441 0.842508 0.017131 0.042259
