0 0.293866 0.670552 0.086367 0.045497
0 0.493355 0.750790 0.135718 0.096136
0 0.522557 0.640593 0.078571 0.044743
1 0.331460 0.862467 0.075352 0.063744
0 0.535705 0.594482 0.048610 0.026757
0 0.599742 0.577327 0.039716 0.021104
0 0.045818 0.631021 0.090239 0.034555
0 0.480898 0.588561 0.046003 0.023705
1 0.149737 0.922638 0.067425 0.067442
1 0.427838 0.711219 0.032086 0.032339
0 0.153781 0.614783 0.103528 0.026678
0 0.832789 0.568750 0.040641 0.016073
1 0.627062 0.648508 0.023741 0.024284
0 0.552957 0.560086 0.028538 0.015974
1 0.655599 0.621139 0.022649 0.019060
1 0.377669 0.666693 0.039827 0.028374
1 0.371784 0.667368 0.026865 0.027049
0 0.300329 0.574499 0.047251 0.014280
