3 0.123842 0.679230 0.246839 0.201961
3 0.421933 0.648094 0.235706 0.180054
2 0.421858 0.648406 0.235715 0.179959
2 0.274221 0.441733 0.270737 0.110728
2 0.469594 0.426547 0.169610 0.077197
0 0.726521 0.552466 0.135494 0.072745
0 0.574976 0.507145 0.127353 0.061384
3 0.652954 0.413720 0.073469 0.058529
0 0.581972 0.450644 0.083757 0.039150
0 0.760310 0.445989 0.073124 0.037291
0 0.972463 0.416002 0.055074 0.037978
0 0.771216 0.409242 0.061800 0.029273
2 0.666980 0.341304 0.049852 0.026079
3 0.666959 0.341214 0.049417 0.025970
0 0.980497 0.371085 0.039005 0.030491
0 0.697868 0.384229 0.046735 0.021601
0 0.624615 0.376880 0.046303 0.021355
0 0.282207 0.361609 0.055332 0.017476
1 0.076801 0.429141 0.038588 0.024382
0 0.772509 0.376308 0.043349 0.021557
0 0.539176 0.368591 0.047487 0.019424
0 0.713359 0.371289 0.037773 0.020372
0 0.357344 0.352607 0.041981 0.014956
0 0.238413 0.364663 0.029055 0.020226
1 0.723260 0.426717 0.023095 0.019946
0 0.740834 0.351487 0.026097 0.016061
0 0.761985 0.335430 0.027037 0.011681
