0 0.075785 0.921460 0.093975 0.107486
3 0.394886 0.872343 0.068144 0.140122
0 0.187979 0.864566 0.099881 0.074591
3 0.442354 0.957734 0.083865 0.080146
0 0.669886 0.951987 0.068039 0.095557
3 0.204084 0.811074 0.057896 0.076656
0 0.587150 0.806190 0.047861 0.088080
0 0.584457 0.740335 0.043866 0.067652
0 0.479492 0.761148 0.036799 0.056889
0 0.408746 0.735733 0.034846 0.058445
0 0.963552 0.774217 0.041826 0.048282
0 0.325274 0.741459 0.038532 0.051198
0 0.924267 0.713458 0.034230 0.052426
0 0.584702 0.679644 0.029901 0.051055
0 0.413801 0.652640 0.040410 0.034711
0 0.381926 0.653953 0.042185 0.033209
0 0.622261 0.662620 0.028746 0.044287
0 0.557410 0.666084 0.025537 0.045335
1 0.495383 0.876475 0.017901 0.062065
1 0.457765 0.807951 0.016474 0.067002
0 0.843952 0.671491 0.028059 0.036404
1 0.439054 0.899763 0.024322 0.041062
1 0.530108 0.805696 0.015628 0.040415
