3 0.584341 0.687589 0.097341 0.078978
0 0.193198 0.614269 0.087350 0.023416
0 0.655030 0.620739 0.056587 0.029516
1 0.310188 0.763028 0.046125 0.041140
2 0.689306 0.923968 0.245277 0.151468
0 0.594745 0.582544 0.042960 0.023393
0 0.077656 0.632102 0.097476 0.034405
0 0.475793 0.625381 0.076497 0.045406
0 0.929771 0.573745 0.043072 0.017563
3 0.346194 0.608316 0.066168 0.041204
1 0.897810 0.789267 0.049373 0.047631
3 0.431767 0.593871 0.055977 0.033956
0 0.584279 0.566586 0.032326 0.018547
0 0.494487 0.572921 0.029194 0.016129
