0 0.075704 0.922069 0.094222 0.106373
3 0.390646 0.879974 0.068540 0.142324
0 0.189053 0.864245 0.099121 0.074164
3 0.438731 0.963288 0.085658 0.069862
0 0.671147 0.958072 0.069352 0.083143
0 0.587112 0.811204 0.048617 0.091161
3 0.203848 0.810030 0.058354 0.074069
0 0.584586 0.743535 0.043682 0.069530
0 0.477398 0.765362 0.038486 0.056931
0 0.409120 0.734236 0.034229 0.057284
0 0.325379 0.741945 0.038989 0.049847
0 0.924741 0.711204 0.035060 0.051503
0 0.585021 0.683506 0.029370 0.050580
0 0.381164 0.654138 0.043112 0.032761
0 0.623226 0.664498 0.027775 0.045168
0 0.557594 0.667985 0.026167 0.047684
1 0.494338 0.888322 0.018716 0.056037
1 0.434765 0.910730 0.023125 0.042264
1 0.526688 0.807292 0.018147 0.047515
1 0.453575 0.822472 0.016277 0.052291
0 0.590545 0.626076 0.021270 0.033926
0 0.547984 0.583997 0.019555 0.030216
1 0.641918 0.726487 0.012740 0.029574
