0 0.735771 0.781948 0.147278 0.091650
0 0.380849 0.617321 0.057945 0.028321
0 0.887798 0.586044 0.044225 0.020670
0 0.530884 0.653429 0.082723 0.050863
0 0.538908 0.601784 0.053286 0.029465
0 0.045808 0.631419 0.089628 0.034695
0 0.544385 0.575919 0.036963 0.020596
3 0.122780 0.930943 0.245560 0.136500
0 0.594833 0.564314 0.036705 0.018336
1 0.431385 0.668374 0.029498 0.028732
3 0.078993 0.778101 0.156208 0.136725
1 0.278600 0.680156 0.031221 0.030259
1 0.383183 0.707965 0.033541 0.031824
1 0.251750 0.754094 0.069888 0.042324
0 0.892605 0.568507 0.034047 0.013357
0 0.507027 0.571062 0.035745 0.018507
1 0.438113 0.611125 0.020385 0.017486
2 0.122835 0.930806 0.245180 0.137687
0 0.150369 0.614815 0.110435 0.026992
3 0.128995 0.685772 0.129726 0.059839
