0 0.358020 0.504554 0.058138 0.094806
0 0.225447 0.418814 0.048285 0.061392
3 0.351399 0.271117 0.037805 0.073925
3 0.612122 0.367090 0.038363 0.062350
3 0.375073 0.250349 0.028832 0.067959
0 0.554357 0.365642 0.033775 0.048547
0 0.417041 0.326251 0.030746 0.053010
0 0.387728 0.300769 0.021559 0.030420
3 0.539565 0.215346 0.015336 0.040494
0 0.530320 0.281526 0.018466 0.027042
0 0.575537 0.271171 0.016534 0.025392
0 0.403171 0.243738 0.014124 0.026203
0 0.425984 0.252119 0.015224 0.021869
0 0.543359 0.264936 0.014964 0.021298
0 0.533998 0.240527 0.011732 0.018132
