0 0.612221 0.928151 0.073226 0.134516
0 0.043754 0.916908 0.087337 0.111672
3 0.146180 0.860849 0.110607 0.080668
0 0.957270 0.774388 0.053466 0.071660
0 0.528794 0.800860 0.045440 0.070910
0 0.752471 0.724468 0.043559 0.060274
0 0.287079 0.734531 0.047279 0.054410
0 0.552637 0.746776 0.037839 0.066506
0 0.478121 0.682234 0.036405 0.056422
0 0.376014 0.728787 0.033418 0.060919
0 0.378840 0.661313 0.052613 0.036467
0 0.874092 0.700060 0.033851 0.055226
0 0.592800 0.692984 0.032246 0.054684
0 0.553122 0.687418 0.031121 0.052127
0 0.439855 0.625124 0.035281 0.043090
0 0.797414 0.692524 0.029630 0.049669
0 0.528781 0.634264 0.027134 0.049731
0 0.599706 0.667625 0.028926 0.046304
1 0.476127 0.803577 0.020938 0.053844
0 0.561103 0.638870 0.026148 0.042571
0 0.592019 0.625621 0.025053 0.039364
1 0.352379 0.978389 0.021310 0.043159
1 0.455082 0.844726 0.016618 0.044843
1 0.391168 0.790997 0.014036 0.051003
