3 0.135927 0.658611 0.271032 0.181988
2 0.441367 0.636041 0.226392 0.171384
3 0.441371 0.635851 0.226097 0.171306
2 0.273205 0.442070 0.256394 0.109532
2 0.479021 0.425621 0.166575 0.076633
0 0.733993 0.546583 0.131828 0.071291
0 0.584222 0.503740 0.124512 0.059429
3 0.659625 0.412842 0.073701 0.059151
0 0.590290 0.448609 0.081688 0.039384
0 0.765623 0.444220 0.072820 0.036893
0 0.776295 0.408254 0.059664 0.028828
0 0.975850 0.419585 0.048300 0.035203
3 0.672398 0.341217 0.048183 0.025408
2 0.672464 0.341332 0.047713 0.025341
0 0.631957 0.377633 0.048195 0.023835
1 0.091460 0.425486 0.040116 0.028621
0 0.704087 0.383979 0.045917 0.022150
0 0.287960 0.361939 0.055123 0.017250
0 0.543350 0.369202 0.047083 0.020064
0 0.777554 0.376060 0.042956 0.021323
0 0.719201 0.372074 0.035873 0.020980
0 0.243219 0.364643 0.030011 0.019618
0 0.746051 0.351288 0.025754 0.015673
0 0.357958 0.353578 0.029487 0.013204
1 0.728260 0.425670 0.021248 0.017184
