0 0.670670 0.646188 0.070567 0.037519
0 0.587540 0.596587 0.048002 0.026829
0 0.075843 0.631623 0.092821 0.034447
0 0.438116 0.660842 0.099787 0.059915
0 0.478313 0.582313 0.037699 0.017976
3 0.592826 0.748479 0.130687 0.124212
1 0.494940 0.618840 0.020369 0.018960
0 0.197431 0.614034 0.079544 0.022935
3 0.308197 0.626193 0.077791 0.046275
3 0.393690 0.614254 0.070292 0.049348
0 0.583821 0.576839 0.045858 0.018682
1 0.528039 0.593211 0.016387 0.018094
0 0.556486 0.552384 0.027751 0.014156
0 0.584798 0.557042 0.031708 0.016495
0 0.622488 0.550815 0.028891 0.013484
0 0.964156 0.584828 0.042275 0.015024
