3 0.643449 0.316766 0.055623 0.109343
3 0.340518 0.278176 0.039313 0.082627
0 0.669594 0.712177 0.094743 0.131880
0 0.050888 0.815089 0.101140 0.265830
0 0.791811 0.676528 0.094304 0.122772
0 0.748600 0.476287 0.053033 0.072140
0 0.344234 0.359090 0.035084 0.047717
0 0.547682 0.358907 0.034388 0.048345
0 0.592289 0.349180 0.028096 0.038540
0 0.641085 0.420915 0.046479 0.075746
3 0.554757 0.275305 0.021552 0.043485
0 0.577439 0.319816 0.023892 0.030638
0 0.529665 0.304518 0.021483 0.031919
0 0.537852 0.253622 0.013071 0.020711
0 0.427248 0.246583 0.014451 0.018743
0 0.437204 0.229431 0.011269 0.017825
0 0.404996 0.255435 0.016323 0.024637
0 0.530894 0.240718 0.013490 0.019192
0 0.545999 0.237875 0.009806 0.015199
3 0.598560 0.223375 0.021409 0.029752
0 0.404673 0.259774 0.014987 0.015950
