2 0.184843 0.669976 0.369685 0.191659
0 0.104635 0.944064 0.207212 0.111178
0 0.810605 0.683358 0.160739 0.059960
0 0.928314 0.679941 0.143032 0.059969
1 0.902433 0.869788 0.103745 0.076623
0 0.780604 0.610050 0.122453 0.043128
0 0.610426 0.602343 0.109376 0.043160
3 0.442383 0.598896 0.083969 0.054968
1 0.864508 0.758753 0.075490 0.053599
2 0.567315 0.489889 0.086329 0.037572
0 0.600352 0.574451 0.095064 0.028881
3 0.490638 0.594188 0.065233 0.041766
0 0.762836 0.553552 0.076722 0.031748
1 0.661193 0.679168 0.052115 0.038133
0 0.499854 0.551047 0.045832 0.031347
0 0.403929 0.529162 0.055111 0.025002
0 0.757456 0.525008 0.048485 0.027735
0 0.628007 0.521444 0.051383 0.024438
2 0.643745 0.499120 0.050887 0.022616
0 0.818814 0.524993 0.057618 0.019631
1 0.639593 0.642353 0.039031 0.028967
0 0.360647 0.513472 0.044865 0.020067
0 0.772093 0.515746 0.044140 0.019780
0 0.418531 0.509566 0.042451 0.019496
0 0.702806 0.507631 0.047850 0.016091
0 0.310027 0.510604 0.037407 0.019673
0 0.157322 0.496207 0.035643 0.019283
3 0.242008 0.484505 0.029253 0.020006
0 0.344017 0.502905 0.034857 0.016580
0 0.282182 0.489921 0.032396 0.017635
3 0.269207 0.495522 0.026677 0.018111
0 0.217963 0.478720 0.030704 0.014850
0 0.459627 0.482124 0.033278 0.012664
0 0.291354 0.477993 0.027494 0.015225
1 0.164292 0.533932 0.022119 0.018341
0 0.189835 0.465864 0.027672 0.012478
1 0.470377 0.542987 0.020835 0.016287
1 0.380383 0.550367 0.018537 0.015620
1 0.342538 0.539430 0.017800 0.014411
0 0.278962 0.465150 0.022462 0.010903
1 0.275494 0.517081 0.017935 0.011836
1 0.302620 0.524554 0.016647 0.009975
