3 0.671824 0.341461 0.068226 0.129580
0 0.853975 0.592582 0.079734 0.102456
3 0.356527 0.264361 0.034894 0.073190
0 0.242405 0.506647 0.071642 0.122408
0 0.616899 0.397740 0.036756 0.048435
0 0.572570 0.434128 0.046625 0.071369
0 0.373864 0.318118 0.027206 0.038252
3 0.566449 0.291960 0.026141 0.052747
0 0.541200 0.338766 0.028658 0.038280
0 0.597074 0.354144 0.029123 0.039694
0 0.545073 0.265636 0.015061 0.022737
0 0.409140 0.244267 0.014603 0.024076
0 0.537472 0.248064 0.014802 0.019772
3 0.705571 0.519819 0.066865 0.108405
0 0.432944 0.238344 0.012967 0.017921
0 0.705579 0.519950 0.066990 0.108678
