2 0.255804 0.440178 0.271114 0.111471
2 0.435045 0.433520 0.186180 0.083817
3 0.060983 0.717880 0.120744 0.125463
0 0.702276 0.584689 0.153162 0.085307
0 0.536704 0.528413 0.142520 0.068181
3 0.630103 0.419259 0.077855 0.061652
0 0.546003 0.461311 0.091946 0.042635
0 0.744832 0.453665 0.078220 0.040924
0 0.754094 0.414355 0.063797 0.031006
0 0.954933 0.404786 0.053441 0.036341
3 0.959905 0.362776 0.047875 0.038938
0 0.602306 0.381131 0.051979 0.026391
2 0.649995 0.340127 0.049876 0.026039
0 0.678463 0.385358 0.051897 0.024031
0 0.262943 0.360803 0.056616 0.018739
0 0.756044 0.378176 0.045070 0.022654
0 0.525714 0.366603 0.046965 0.019867
0 0.579223 0.414357 0.029784 0.029498
0 0.676265 0.411160 0.026332 0.031412
0 0.697362 0.372631 0.038941 0.020797
0 0.662471 0.367781 0.032772 0.019941
0 0.340311 0.350713 0.040016 0.014820
1 0.701798 0.432156 0.023794 0.020596
0 0.724752 0.351128 0.026366 0.016118
0 0.745461 0.334681 0.027896 0.012881
1 0.495826 0.376559 0.019237 0.018518
