0 0.045198 0.922167 0.090348 0.107666
0 0.149512 0.868129 0.113123 0.083297
0 0.530387 0.957791 0.080962 0.082216
0 0.537728 0.829911 0.056806 0.099353
0 0.379098 0.878758 0.057919 0.093345
0 0.544600 0.745508 0.038094 0.069180
0 0.292587 0.739000 0.046712 0.053586
0 0.887314 0.772322 0.039646 0.057957
0 0.505924 0.728372 0.035889 0.059248
0 0.595535 0.707697 0.036115 0.058611
0 0.378827 0.734927 0.034478 0.056911
0 0.892174 0.714876 0.031300 0.048359
1 0.499588 0.934932 0.021201 0.061537
0 0.594922 0.608210 0.025330 0.036330
0 0.544312 0.582893 0.022403 0.039435
1 0.435719 0.861134 0.016861 0.050191
1 0.601107 0.808282 0.015725 0.051595
1 0.622382 0.834685 0.016364 0.047448
0 0.564529 0.609123 0.019841 0.035032
