0 0.162133 0.948389 0.143574 0.099076
3 0.982176 0.674020 0.035172 0.324188
2 0.983119 0.674762 0.033247 0.325018
0 0.065986 0.566533 0.088301 0.102865
3 0.333794 0.285464 0.045312 0.087749
0 0.385719 0.391717 0.045015 0.078330
3 0.362200 0.261249 0.033151 0.076662
3 0.584697 0.322028 0.028582 0.047670
0 0.361481 0.336173 0.028207 0.039027
0 0.536090 0.309886 0.024069 0.034400
0 0.415129 0.270424 0.018429 0.025976
3 0.399761 0.254153 0.015638 0.028509
0 0.523208 0.263318 0.015534 0.023048
0 0.562573 0.258906 0.015022 0.022349
0 0.536091 0.252040 0.014207 0.018537
0 0.530398 0.233983 0.011090 0.016545
0 0.509226 0.234700 0.011561 0.014765
0 0.445686 0.179770 0.008728 0.015604
0 0.465211 0.209275 0.011012 0.012328
