0 0.043784 0.917037 0.087300 0.110035
3 0.148704 0.861870 0.107802 0.083111
0 0.616109 0.949610 0.081530 0.098725
3 0.607643 0.832214 0.052918 0.131742
0 0.524093 0.826495 0.050269 0.076292
3 0.168828 0.798112 0.057632 0.061914
0 0.549340 0.760519 0.041796 0.071259
0 0.286890 0.734360 0.046501 0.052942
0 0.471833 0.694159 0.038534 0.056422
0 0.375774 0.729021 0.032723 0.060249
0 0.593396 0.703428 0.033967 0.056820
0 0.787303 0.678697 0.031928 0.047863
0 0.434470 0.626478 0.035159 0.041375
1 0.441594 0.881622 0.019206 0.050562
1 0.467413 0.838636 0.018644 0.048079
0 0.825028 0.710271 0.017780 0.047532
1 0.371938 0.826728 0.013976 0.036336
1 0.637918 0.722371 0.010490 0.031784
