0 0.040909 0.800901 0.081448 0.196788
0 0.323628 0.575766 0.069732 0.106059
0 0.580900 0.418125 0.042297 0.063691
0 0.395314 0.384205 0.037551 0.058820
3 0.384884 0.238848 0.026231 0.056621
0 0.589153 0.341736 0.028401 0.037712
0 0.622998 0.324898 0.026590 0.040015
3 0.400763 0.229030 0.020404 0.051698
0 0.412107 0.323565 0.027166 0.038466
0 0.437739 0.283294 0.021873 0.032972
3 0.547671 0.220902 0.016681 0.039828
0 0.371567 0.286639 0.022902 0.028792
0 0.521290 0.265136 0.017390 0.029037
0 0.449131 0.250661 0.016956 0.028681
0 0.537198 0.276963 0.017623 0.026277
3 0.588238 0.278971 0.016928 0.026956
0 0.549938 0.264598 0.015459 0.024662
0 0.426564 0.249646 0.014240 0.019366
0 0.555132 0.244588 0.012434 0.017825
0 0.444698 0.222574 0.010777 0.014507
0 0.509563 0.235903 0.011118 0.013925
