0 0.548318 0.915230 0.363163 0.168711
0 0.319825 0.699061 0.286558 0.147926
2 0.268335 0.478067 0.302598 0.127474
2 0.242023 0.429831 0.284319 0.110836
3 0.237612 0.431213 0.279554 0.109276
0 0.332857 0.562216 0.171876 0.073974
3 0.542566 0.462880 0.115172 0.087685
0 0.708661 0.520312 0.117168 0.062610
0 0.717307 0.453128 0.084757 0.043801
0 0.974311 0.481568 0.051234 0.072228
0 0.624294 0.438810 0.067354 0.042169
0 0.956676 0.408036 0.072077 0.036495
0 0.464745 0.466358 0.048625 0.047577
0 0.535896 0.398907 0.064283 0.032369
0 0.632357 0.400623 0.065028 0.030647
2 0.621751 0.337176 0.059445 0.030169
0 0.732112 0.393973 0.057835 0.028476
0 0.668521 0.380123 0.050096 0.026157
0 0.979605 0.374996 0.040789 0.026296
0 0.615673 0.379656 0.039382 0.026180
0 0.514243 0.357057 0.047888 0.020852
1 0.635070 0.489586 0.032465 0.028831
0 0.220712 0.355707 0.047776 0.019471
0 0.238593 0.349339 0.043738 0.017427
0 0.699565 0.353773 0.033595 0.018978
0 0.751482 0.353128 0.027420 0.020293
1 0.574464 0.411482 0.026746 0.018557
1 0.483812 0.368115 0.017395 0.015880
