0 0.309346 0.731427 0.128776 0.079452
0 0.476159 0.715231 0.114532 0.071428
0 0.612326 0.630656 0.072641 0.042716
0 0.529912 0.592717 0.042583 0.022106
0 0.961341 0.586865 0.059481 0.022769
0 0.555332 0.576411 0.039955 0.020564
0 0.479463 0.556353 0.036139 0.017498
0 0.044291 0.630017 0.087807 0.036075
1 0.712461 0.978684 0.094353 0.042112
1 0.125286 0.726884 0.043377 0.035689
1 0.532782 0.662367 0.027752 0.028006
0 0.593246 0.559583 0.034466 0.017546
0 0.799016 0.561058 0.032452 0.016470
1 0.480821 0.594311 0.016118 0.013699
1 0.713799 0.985994 0.090207 0.027597
1 0.359188 0.677912 0.028266 0.030031
0 0.529109 0.541604 0.028655 0.015753
