3 0.182026 0.409352 0.110740 0.180020
0 0.665936 0.683355 0.088036 0.128701
0 0.707365 0.522634 0.062182 0.089511
0 0.557706 0.379997 0.035296 0.048761
3 0.584343 0.261558 0.030081 0.067864
0 0.877806 0.608692 0.080862 0.110626
0 0.411225 0.262522 0.015678 0.022699
0 0.579635 0.322980 0.025603 0.034680
0 0.357646 0.330814 0.031178 0.051298
0 0.610254 0.315249 0.023933 0.033357
0 0.530128 0.302907 0.022052 0.030958
0 0.447812 0.269175 0.016667 0.026022
0 0.556059 0.283313 0.018996 0.033889
0 0.385434 0.297343 0.024532 0.044154
3 0.423807 0.212709 0.013891 0.033672
