3 0.709161 0.376676 0.084935 0.158314
0 0.561292 0.396039 0.037051 0.053473
0 0.661920 0.473378 0.050178 0.078735
0 0.628104 0.603167 0.076223 0.117848
3 0.369774 0.253902 0.030141 0.066412
0 0.628442 0.408644 0.038214 0.051654
0 0.014053 0.659117 0.027854 0.125569
0 0.393550 0.291072 0.022428 0.031234
0 0.321744 0.397362 0.046785 0.076804
3 0.583363 0.316590 0.031415 0.062390
0 0.554136 0.280925 0.017270 0.028128
0 0.850050 0.743950 0.127006 0.189735
0 0.544674 0.258121 0.016999 0.021696
0 0.412155 0.238385 0.012949 0.018704
0 0.517815 0.255393 0.014713 0.022648
