2 0.181844 0.671807 0.362637 0.191533
0 0.104863 0.944040 0.207847 0.111230
0 0.824264 0.688512 0.165665 0.060802
1 0.924761 0.882094 0.108269 0.078331
0 0.935510 0.685625 0.128981 0.061326
0 0.791714 0.613048 0.126160 0.044304
3 0.448835 0.601661 0.087507 0.056104
2 0.449036 0.601562 0.087572 0.055995
0 0.617393 0.604744 0.110221 0.043934
1 0.884288 0.767224 0.083889 0.055533
2 0.561055 0.488993 0.083619 0.037791
0 0.605991 0.576028 0.093645 0.028200
0 0.755554 0.551045 0.072669 0.031566
1 0.672639 0.683982 0.054710 0.041222
3 0.501665 0.596726 0.052767 0.041949
0 0.406045 0.530007 0.056738 0.026068
0 0.504763 0.552349 0.046396 0.031588
1 0.647706 0.648170 0.045792 0.028385
0 0.623392 0.520180 0.052037 0.023891
0 0.818935 0.524952 0.057786 0.019675
2 0.643520 0.499124 0.049901 0.022075
0 0.362779 0.514243 0.044088 0.020832
2 0.378274 0.495640 0.034718 0.025027
0 0.420989 0.509797 0.043094 0.019534
0 0.772396 0.515123 0.044400 0.018640
0 0.702908 0.507455 0.046950 0.016033
0 0.310641 0.510985 0.037755 0.019644
3 0.243065 0.484282 0.030165 0.021749
0 0.159055 0.496339 0.033818 0.018902
0 0.282175 0.490514 0.034384 0.017604
0 0.345599 0.503122 0.033816 0.016892
3 0.270941 0.496131 0.027277 0.018038
1 0.165742 0.533950 0.022418 0.018757
0 0.459363 0.481834 0.031152 0.013017
0 0.191041 0.465981 0.027465 0.012688
0 0.291204 0.478283 0.025340 0.013206
1 0.382407 0.551225 0.019732 0.016740
1 0.473344 0.545117 0.019684 0.014588
1 0.345208 0.539979 0.018148 0.015340
1 0.277501 0.517481 0.017450 0.012005
1 0.304922 0.524608 0.016240 0.011271
