0 0.727200 0.897119 0.309501 0.204604
3 0.866268 0.751912 0.266517 0.223359
0 0.383366 0.784766 0.177325 0.184054
3 0.757287 0.594844 0.209620 0.123305
0 0.520202 0.632467 0.136018 0.110090
3 0.665995 0.514560 0.130104 0.080674
2 0.817925 0.480573 0.176494 0.054997
2 0.695242 0.457201 0.095653 0.039839
0 0.512697 0.530957 0.075481 0.046283
2 0.093089 0.422754 0.094210 0.033570
0 0.203484 0.503874 0.077915 0.038457
0 0.026537 0.600906 0.052011 0.054508
0 0.484451 0.489340 0.052857 0.045883
0 0.556445 0.512782 0.064510 0.036927
0 0.381219 0.527052 0.057713 0.040664
0 0.082848 0.483626 0.077858 0.027870
0 0.423662 0.500973 0.057557 0.035055
0 0.397569 0.463676 0.041343 0.024133
0 0.191903 0.450151 0.046825 0.018728
0 0.578207 0.470145 0.043247 0.019329
0 0.246427 0.459712 0.041171 0.020092
0 0.295299 0.462574 0.041836 0.018567
0 0.583162 0.459565 0.040098 0.019310
0 0.529395 0.451277 0.033613 0.019133
1 0.044103 0.457793 0.022402 0.016486
