0 0.608225 0.808785 0.284209 0.205611
2 0.243748 0.433943 0.281174 0.112092
2 0.321005 0.462988 0.264801 0.113433
0 0.399779 0.634823 0.229599 0.112958
0 0.410134 0.523771 0.142401 0.061000
3 0.572625 0.445472 0.102028 0.077584
0 0.721118 0.495563 0.103094 0.055202
0 0.730390 0.439835 0.080141 0.040650
0 0.967704 0.423035 0.064592 0.038216
0 0.642366 0.427973 0.053603 0.036782
0 0.556957 0.392130 0.062890 0.031256
0 0.646567 0.394801 0.060027 0.029466
0 0.503494 0.446641 0.041526 0.041493
2 0.629441 0.336950 0.057168 0.029256
0 0.737506 0.388036 0.053083 0.026967
0 0.230367 0.355920 0.058939 0.019021
0 0.677704 0.376460 0.045792 0.024262
0 0.516926 0.359153 0.046955 0.020056
0 0.629334 0.374339 0.035936 0.024350
1 0.656935 0.467882 0.030406 0.026859
0 0.248042 0.351013 0.044785 0.016256
0 0.988820 0.385992 0.022360 0.028499
0 0.706530 0.352212 0.031125 0.018645
