0 0.741203 0.866305 0.141813 0.223752
3 0.219681 0.354396 0.097505 0.176994
0 0.950086 0.914324 0.099283 0.166466
0 0.581839 0.433948 0.046861 0.066571
0 0.700460 0.405988 0.041891 0.059424
0 0.606209 0.351590 0.034373 0.043472
0 0.365027 0.306291 0.027903 0.039787
3 0.416442 0.198243 0.015796 0.038764
3 0.539434 0.235176 0.014777 0.027853
0 0.381067 0.245097 0.017080 0.021346
0 0.443613 0.237648 0.015513 0.021187
0 0.417686 0.235591 0.015388 0.021140
0 0.515728 0.247984 0.015207 0.020926
0 0.451561 0.225423 0.013148 0.015969
0 0.499668 0.204023 0.009205 0.013164
