3 0.903559 0.576000 0.191798 0.358475
0 0.317893 0.540503 0.075059 0.142109
3 0.311663 0.303587 0.056345 0.106665
3 0.347561 0.274210 0.037674 0.088347
0 0.320756 0.392275 0.039067 0.053396
0 0.568390 0.293885 0.024267 0.039042
0 0.403189 0.295957 0.021744 0.030992
3 0.599044 0.222147 0.021882 0.030779
0 0.396516 0.267063 0.018665 0.033698
0 0.527151 0.279729 0.018551 0.027390
3 0.552161 0.246330 0.015559 0.027647
0 0.518229 0.249665 0.013773 0.021631
0 0.530775 0.241856 0.012643 0.017146
3 0.444846 0.180479 0.008857 0.021826
0 0.528642 0.228402 0.011777 0.013640
0 0.506629 0.228588 0.010666 0.013160
