3 0.652045 0.324506 0.058598 0.115772
0 0.730472 0.890105 0.132318 0.183405
0 0.776826 0.507659 0.060130 0.079667
0 0.129151 0.663351 0.115988 0.190780
0 0.863358 0.788490 0.125084 0.156069
3 0.346176 0.272927 0.037989 0.078738
0 0.598754 0.363434 0.030323 0.041092
0 0.553616 0.378826 0.037498 0.055124
0 0.355266 0.343630 0.031843 0.043930
0 0.532691 0.314946 0.022904 0.032210
0 0.583026 0.330328 0.026459 0.032535
3 0.557926 0.279489 0.022851 0.048352
0 0.658556 0.444213 0.051743 0.090027
0 0.429355 0.244290 0.014247 0.016321
0 0.406174 0.252186 0.015546 0.023694
0 0.539745 0.257789 0.013851 0.020415
3 0.598609 0.223386 0.021123 0.030046
0 0.438560 0.228238 0.011050 0.015143
