0 0.042822 0.916256 0.085283 0.110704
0 0.414873 0.939775 0.074101 0.118938
0 0.508877 0.939239 0.074129 0.118243
3 0.146304 0.862515 0.096131 0.083860
0 0.601023 0.821104 0.058146 0.102423
2 0.166802 0.806938 0.061384 0.078350
3 0.166666 0.806949 0.061329 0.077970
0 0.285754 0.733779 0.045536 0.053176
0 0.374228 0.725340 0.033819 0.064117
0 0.836598 0.733752 0.037470 0.057758
0 0.349289 0.663190 0.054593 0.034879
0 0.538046 0.745104 0.033311 0.053893
0 0.563575 0.708658 0.031303 0.056788
0 0.991135 0.823280 0.017284 0.086174
0 0.491982 0.651484 0.031216 0.047570
0 0.591475 0.661107 0.028896 0.043974
1 0.304777 0.941532 0.021531 0.058945
0 0.555728 0.661948 0.025089 0.041641
1 0.452653 0.889788 0.017565 0.057716
0 0.783865 0.673867 0.029801 0.032813
1 0.527302 0.853325 0.018468 0.051272
0 0.561448 0.610156 0.021091 0.038977
1 0.509788 0.735856 0.017823 0.044209
1 0.428438 0.844748 0.015421 0.045926
1 0.553404 0.799563 0.016899 0.039118
1 0.484014 0.764489 0.016769 0.034169
0 0.962378 0.720403 0.018062 0.026950
