0 0.123567 0.935542 0.246042 0.128493
2 0.373277 0.571364 0.170893 0.117368
0 0.761173 0.708656 0.170675 0.073022
2 0.718499 0.501446 0.135748 0.052420
0 0.877906 0.635859 0.136043 0.051389
0 0.959323 0.577471 0.081354 0.039757
0 0.607102 0.573829 0.087639 0.035647
0 0.516560 0.542754 0.076663 0.031284
0 0.641823 0.554090 0.076719 0.030237
1 0.769774 0.652935 0.050635 0.042099
0 0.590634 0.529530 0.070030 0.026105
0 0.349556 0.522968 0.053650 0.029650
0 0.502066 0.526072 0.065517 0.023287
1 0.568348 0.666016 0.048157 0.031543
1 0.177431 0.628248 0.041411 0.029296
0 0.854442 0.513140 0.058796 0.020035
1 0.606096 0.603004 0.041547 0.026813
0 0.397500 0.500104 0.048925 0.022023
0 0.349050 0.481421 0.041482 0.021530
0 0.807355 0.503047 0.045763 0.018697
0 0.583272 0.493423 0.043846 0.019380
0 0.370442 0.488842 0.038369 0.019390
0 0.194508 0.484222 0.035609 0.019189
0 0.468487 0.501220 0.030912 0.020757
0 0.409780 0.481551 0.033107 0.016143
0 0.291391 0.469666 0.031163 0.014925
1 0.509555 0.565589 0.024406 0.018941
0 0.500263 0.471948 0.033147 0.011727
0 0.634822 0.475143 0.028874 0.013403
3 0.261514 0.469830 0.024681 0.015058
1 0.322583 0.501009 0.015555 0.011554
1 0.297267 0.493479 0.013421 0.009626
