2 0.243531 0.436985 0.270072 0.111865
0 0.656596 0.690804 0.212433 0.131940
2 0.368531 0.450055 0.230698 0.101003
0 0.463738 0.585756 0.185885 0.090355
3 0.597975 0.432777 0.090652 0.070173
0 0.472248 0.494172 0.118417 0.051744
0 0.731159 0.475699 0.091935 0.048072
0 0.739428 0.428152 0.073374 0.035951
0 0.976929 0.447020 0.045993 0.044717
0 0.573839 0.386816 0.058479 0.028735
2 0.637303 0.338167 0.054142 0.027999
0 0.659006 0.389453 0.056951 0.025830
0 0.657149 0.420815 0.038573 0.034955
0 0.745407 0.383502 0.051557 0.024338
0 0.240790 0.358181 0.059052 0.019217
0 0.685523 0.375027 0.040837 0.023777
0 0.519272 0.362034 0.046113 0.019727
0 0.641460 0.371434 0.033287 0.022447
1 0.675279 0.451742 0.025981 0.024175
0 0.759595 0.349741 0.026128 0.019151
0 0.713407 0.351211 0.028461 0.016937
