0 0.044938 0.919186 0.089602 0.110083
0 0.531505 0.875091 0.064278 0.124917
0 0.154607 0.863562 0.099775 0.075844
0 0.342948 0.944838 0.069505 0.106331
2 0.171959 0.808673 0.058157 0.077613
3 0.172052 0.808126 0.058074 0.075960
0 0.539631 0.770579 0.043597 0.077965
0 0.494686 0.752612 0.041922 0.065224
0 0.291615 0.738944 0.045918 0.052315
0 0.596156 0.724317 0.036200 0.059300
1 0.110239 0.888819 0.043022 0.047752
0 0.378715 0.728501 0.033640 0.049462
0 0.848015 0.744133 0.031227 0.052050
1 0.411347 0.929957 0.022846 0.062289
0 0.988852 0.787029 0.021883 0.054680
0 0.594791 0.616976 0.028002 0.040496
0 0.511665 0.613966 0.026313 0.038776
1 0.608025 0.852167 0.018388 0.052983
1 0.623300 0.896400 0.018876 0.051058
1 0.428729 0.764615 0.011650 0.033896
