3 0.322560 0.879342 0.071999 0.142093
0 0.454188 0.941503 0.088618 0.115145
0 0.075231 0.922220 0.093640 0.106773
3 0.412903 0.840682 0.071778 0.138980
0 0.186991 0.864053 0.100461 0.074850
0 0.664789 0.936752 0.065605 0.108449
3 0.203809 0.808553 0.057442 0.071937
0 0.590324 0.790935 0.046241 0.083657
0 0.583958 0.730122 0.035694 0.062124
0 0.925696 0.719182 0.037307 0.055749
0 0.325069 0.741306 0.037915 0.050690
0 0.483684 0.750833 0.036303 0.052152
0 0.850941 0.672595 0.036156 0.044916
0 0.621449 0.655321 0.028039 0.045477
0 0.585453 0.672583 0.026887 0.044030
0 0.388505 0.653836 0.035234 0.031355
0 0.558219 0.660005 0.025179 0.042437
1 0.501370 0.859106 0.017360 0.056171
0 0.590055 0.618019 0.019975 0.031325
1 0.535611 0.785992 0.013445 0.041410
