0 0.042761 0.916731 0.085243 0.109805
0 0.149547 0.859685 0.102044 0.074611
0 0.519900 0.872785 0.062557 0.113034
0 0.447108 0.855940 0.058167 0.097641
0 0.598870 0.784811 0.052890 0.083590
3 0.167007 0.803309 0.059849 0.073720
0 0.286269 0.732481 0.047620 0.050842
0 0.374760 0.724769 0.034011 0.064516
0 0.106832 0.886199 0.044902 0.047303
0 0.876733 0.765145 0.035676 0.055991
0 0.335084 0.663173 0.054432 0.032342
0 0.542239 0.720554 0.033345 0.052329
0 0.568428 0.691477 0.027228 0.054873
0 0.897108 0.709784 0.032031 0.043220
0 0.803707 0.686106 0.029183 0.047420
0 0.497681 0.636830 0.029950 0.045790
0 0.592691 0.644350 0.027345 0.042704
0 0.557838 0.648732 0.024195 0.038570
1 0.485660 0.830103 0.015893 0.052361
0 0.697954 0.985121 0.026336 0.029758
1 0.455544 0.792010 0.013188 0.030803
