3 0.621736 0.912442 0.067970 0.163039
0 0.043505 0.916545 0.086839 0.109874
0 0.511169 0.909965 0.061326 0.100320
0 0.539005 0.808346 0.053005 0.093003
0 0.170922 0.858476 0.061013 0.075363
3 0.169072 0.802523 0.058875 0.071430
0 0.898543 0.728687 0.051813 0.065367
0 0.292513 0.735740 0.057337 0.052831
0 0.456331 0.724199 0.042638 0.064563
0 0.592803 0.729065 0.037562 0.065813
3 0.375537 0.728416 0.034067 0.067825
0 0.602802 0.701269 0.034903 0.052892
0 0.546895 0.722947 0.032390 0.056983
0 0.519783 0.660975 0.030728 0.055954
0 0.829917 0.679451 0.037213 0.042932
1 0.436643 0.935800 0.022898 0.066511
1 0.312661 0.917062 0.017340 0.051844
0 0.806928 0.622914 0.023343 0.033529
1 0.462504 0.801989 0.016637 0.040226
1 0.421646 0.801606 0.013568 0.040268
