3 0.295663 0.918060 0.082670 0.157773
3 0.380946 0.900546 0.078451 0.161329
0 0.075791 0.922425 0.095316 0.108794
0 0.189602 0.865678 0.099776 0.078074
0 0.677051 0.965469 0.073856 0.068093
0 0.585584 0.822847 0.051940 0.094296
0 0.431462 0.977849 0.081901 0.040980
0 0.583903 0.751730 0.041043 0.067116
0 0.475165 0.774704 0.039962 0.061095
0 0.961538 0.765417 0.045788 0.049775
0 0.327803 0.741610 0.042734 0.050772
0 0.411094 0.734763 0.034227 0.061031
0 0.923719 0.709768 0.034636 0.047443
0 0.586216 0.689475 0.028912 0.047968
0 0.624616 0.668514 0.027971 0.046457
1 0.489757 0.905270 0.020622 0.059694
0 0.557769 0.674606 0.026094 0.044692
1 0.445801 0.840789 0.015865 0.051539
1 0.523522 0.824039 0.017197 0.046508
0 0.591976 0.631118 0.021009 0.033682
1 0.644691 0.734108 0.013932 0.036524
1 0.621405 0.739192 0.011784 0.033807
