0 0.044786 0.919633 0.089436 0.109095
0 0.154652 0.865689 0.099844 0.081699
0 0.533320 0.863875 0.062345 0.109615
0 0.354623 0.924343 0.064604 0.105451
3 0.171570 0.808613 0.058957 0.074110
3 0.862072 0.752676 0.049011 0.060536
0 0.541151 0.761753 0.040936 0.071887
0 0.498875 0.745788 0.039082 0.065630
0 0.291731 0.738890 0.046107 0.053133
0 0.596478 0.719815 0.035721 0.060180
0 0.930496 0.754662 0.032751 0.042647
0 0.990305 0.870017 0.018977 0.068355
1 0.478891 0.977041 0.022805 0.045752
1 0.420025 0.908591 0.017023 0.053796
1 0.623230 0.875792 0.017555 0.051315
0 0.542492 0.588429 0.021843 0.038450
1 0.605732 0.839548 0.016696 0.048516
0 0.563466 0.616950 0.021212 0.032699
0 0.994052 0.795623 0.011532 0.050186
