0 0.044952 0.917618 0.089883 0.111457
0 0.517956 0.945311 0.081029 0.106711
0 0.153073 0.861108 0.096956 0.074257
0 0.927996 0.807036 0.062363 0.079606
3 0.172064 0.807656 0.058312 0.079175
0 0.533223 0.807644 0.051065 0.087033
0 0.477375 0.792229 0.048404 0.078161
0 0.977285 0.766367 0.045126 0.067952
0 0.379599 0.718101 0.037330 0.080348
0 0.296615 0.735162 0.056945 0.051647
0 0.600354 0.750652 0.039560 0.070334
0 0.828603 0.713530 0.039951 0.051285
0 0.110703 0.888214 0.042374 0.047973
0 0.551412 0.697640 0.029504 0.046887
1 0.661338 0.903719 0.019338 0.060333
0 0.909772 0.727816 0.023373 0.041653
1 0.406570 0.800967 0.014316 0.041513
