0 0.043206 0.916893 0.086275 0.112242
3 0.614137 0.867540 0.064786 0.143911
0 0.163975 0.860786 0.077522 0.071812
0 0.519633 0.859138 0.053524 0.085095
3 0.168498 0.805641 0.057708 0.073963
0 0.544378 0.781547 0.042704 0.076931
0 0.292606 0.735371 0.058284 0.054512
0 0.617704 0.976016 0.061136 0.046787
0 0.106644 0.883533 0.044484 0.056504
0 0.465202 0.708975 0.039506 0.059193
0 0.375523 0.730145 0.033048 0.064968
0 0.592456 0.713678 0.036025 0.058695
1 0.200118 0.965197 0.031565 0.057129
0 0.843368 0.690694 0.039995 0.044744
0 0.547439 0.718045 0.032283 0.040769
1 0.698728 0.979508 0.031494 0.040984
0 0.560137 0.657667 0.026068 0.045169
1 0.157871 0.958941 0.020011 0.056090
1 0.454650 0.875495 0.019392 0.055644
1 0.424878 0.935234 0.018223 0.047574
1 0.348802 0.863884 0.015393 0.043487
0 0.873044 0.678170 0.025443 0.025944
1 0.474265 0.777276 0.015666 0.032692
1 0.429323 0.780323 0.012835 0.034792
