0 0.046230 0.921163 0.091901 0.108477
0 0.533054 0.937119 0.076749 0.119984
0 0.156718 0.867808 0.103857 0.082020
0 0.542281 0.808513 0.052463 0.088364
3 0.173291 0.810558 0.059752 0.076017
2 0.173126 0.810214 0.059607 0.074879
0 0.899016 0.791940 0.061302 0.071121
0 0.397325 0.853700 0.053415 0.080027
0 0.295254 0.739630 0.043873 0.052730
0 0.549269 0.729846 0.035704 0.060074
0 0.899342 0.724728 0.041016 0.049759
0 0.379660 0.734580 0.034988 0.057489
0 0.597180 0.698589 0.033821 0.055814
0 0.513813 0.716520 0.030908 0.055383
0 0.972441 0.768062 0.029535 0.049460
1 0.445867 0.970889 0.024577 0.056922
0 0.993111 0.830171 0.013417 0.071555
1 0.623678 0.808519 0.016061 0.043861
1 0.448994 0.828882 0.015255 0.041887
1 0.600994 0.794889 0.014411 0.042323
