0 0.068400 0.923543 0.097923 0.108237
0 0.181079 0.867794 0.105421 0.079849
0 0.308564 0.958488 0.097264 0.080504
0 0.571075 0.875643 0.063187 0.116906
3 0.197914 0.812455 0.061390 0.079631
0 0.964014 0.836116 0.052808 0.078638
0 0.571060 0.778939 0.043643 0.077092
0 0.448153 0.808239 0.047108 0.069120
0 0.935380 0.741362 0.041056 0.058570
0 0.404693 0.735129 0.034920 0.060091
0 0.320583 0.740552 0.039409 0.050258
0 0.578174 0.709807 0.032291 0.054358
0 0.545865 0.694213 0.033598 0.050043
1 0.395113 0.907518 0.023230 0.070109
0 0.620477 0.682931 0.031021 0.049795
0 0.393775 0.653987 0.043187 0.034332
1 0.462788 0.971327 0.024336 0.057345
0 0.360365 0.655176 0.042436 0.031171
1 0.495286 0.893690 0.018368 0.049871
0 0.831242 0.656890 0.024432 0.031930
0 0.843297 0.632213 0.021934 0.035529
0 0.992332 0.743824 0.014988 0.039437
1 0.485474 0.786227 0.014955 0.038286
1 0.642946 0.765096 0.014884 0.036420
1 0.619447 0.764383 0.013316 0.038059
