0 0.044838 0.919463 0.089366 0.109829
0 0.154473 0.864818 0.099761 0.079676
0 0.532386 0.867272 0.065399 0.116860
0 0.350113 0.933757 0.067735 0.110484
3 0.171769 0.807927 0.058616 0.074079
0 0.540513 0.765597 0.041438 0.074669
0 0.857962 0.748709 0.049306 0.060022
0 0.495799 0.748935 0.040971 0.066794
0 0.291819 0.739082 0.046446 0.053073
0 0.596704 0.722103 0.035553 0.060536
1 0.109884 0.890169 0.042913 0.046661
0 0.988447 0.866223 0.022683 0.077411
0 0.929778 0.753100 0.033214 0.040421
1 0.415282 0.915403 0.019581 0.061340
0 0.554213 0.677191 0.024819 0.045779
1 0.475205 0.978967 0.025501 0.041845
0 0.876944 0.693749 0.027804 0.034012
1 0.622685 0.882756 0.017430 0.052333
0 0.991558 0.792596 0.016563 0.054286
1 0.607380 0.844782 0.016472 0.053764
