0 0.042886 0.916925 0.085579 0.110243
0 0.149695 0.859235 0.101773 0.074809
0 0.521805 0.864180 0.059324 0.108971
0 0.449137 0.849460 0.058595 0.095213
3 0.166906 0.802798 0.060226 0.072862
0 0.597287 0.781145 0.047375 0.083241
0 0.286215 0.733202 0.047809 0.052586
0 0.879579 0.767790 0.040049 0.060332
0 0.106875 0.886052 0.044464 0.047756
0 0.374746 0.725794 0.033668 0.062787
0 0.925002 0.753027 0.039046 0.047128
0 0.334457 0.663838 0.053508 0.032283
0 0.543569 0.716831 0.031969 0.050274
0 0.804168 0.688341 0.031696 0.049473
0 0.568420 0.690995 0.027739 0.054288
0 0.897855 0.711938 0.031824 0.043410
0 0.451430 0.619015 0.031822 0.040416
0 0.498039 0.637074 0.030399 0.040839
0 0.593352 0.642331 0.027572 0.043870
0 0.557582 0.646226 0.023919 0.040563
1 0.488728 0.824379 0.015429 0.049250
0 0.987086 0.742630 0.025381 0.028300
