0 0.057183 0.922227 0.099105 0.107677
0 0.169111 0.868653 0.109074 0.081061
0 0.555379 0.901430 0.068445 0.121586
0 0.942092 0.819617 0.066243 0.075050
0 0.426006 0.824108 0.051840 0.074725
0 0.558846 0.788395 0.048072 0.080163
3 0.187785 0.804784 0.056967 0.063301
0 0.919108 0.736635 0.044405 0.054137
0 0.394298 0.734920 0.034902 0.057342
0 0.566039 0.717645 0.033401 0.058044
0 0.310895 0.740908 0.037564 0.051294
0 0.609425 0.688652 0.034645 0.052748
0 0.532567 0.703205 0.035149 0.050149
1 0.473532 0.915479 0.023389 0.072902
1 0.366198 0.946714 0.021931 0.065500
0 0.987522 0.779979 0.024610 0.050277
0 0.342457 0.656263 0.037093 0.032026
1 0.475247 0.925653 0.019615 0.056624
0 0.380024 0.656121 0.035141 0.030912
0 0.574099 0.650146 0.023474 0.034833
1 0.470570 0.801580 0.016955 0.038955
1 0.636474 0.783401 0.019313 0.034041
1 0.610148 0.773879 0.012988 0.039129
