3 0.624511 0.916780 0.070175 0.159293
0 0.043363 0.917919 0.086449 0.108273
0 0.150943 0.860796 0.105042 0.081097
0 0.509063 0.918004 0.063557 0.103731
0 0.537422 0.813679 0.054509 0.089187
3 0.168665 0.801803 0.059294 0.068074
0 0.896691 0.728654 0.049817 0.059654
0 0.455052 0.726540 0.041799 0.066555
0 0.593057 0.730164 0.038822 0.069535
0 0.375767 0.727432 0.033516 0.069669
0 0.546975 0.723384 0.033546 0.059735
0 0.290587 0.733763 0.039529 0.049521
0 0.605003 0.704153 0.031803 0.055432
0 0.827802 0.676442 0.038199 0.045182
0 0.519740 0.664158 0.030501 0.056349
0 0.558597 0.670978 0.029943 0.047035
1 0.433885 0.948443 0.021548 0.061895
1 0.460977 0.806534 0.021484 0.047283
1 0.307152 0.926782 0.016644 0.051230
0 0.805582 0.627461 0.022274 0.027378
1 0.420772 0.805966 0.012431 0.040258
1 0.647455 0.765655 0.012327 0.037035
