0 0.043268 0.916452 0.086150 0.109980
0 0.146838 0.859627 0.100136 0.078398
0 0.605352 0.857311 0.061200 0.118149
3 0.166878 0.805484 0.060265 0.075214
0 0.502771 0.971400 0.074906 0.056265
3 0.599221 0.760318 0.043797 0.085598
0 0.385967 0.977062 0.071254 0.044363
0 0.981818 0.806134 0.035936 0.077681
0 0.286688 0.734867 0.048068 0.053091
0 0.374499 0.722093 0.035372 0.071839
0 0.536190 0.765912 0.038359 0.060352
0 0.358520 0.663091 0.059150 0.036854
0 0.895666 0.719973 0.037586 0.052145
0 0.559488 0.723582 0.031696 0.059610
0 0.817792 0.715125 0.034053 0.052489
0 0.486171 0.662016 0.033454 0.052752
1 0.415898 0.960674 0.022412 0.075591
0 0.591960 0.675017 0.029523 0.049199
1 0.523886 0.909328 0.019747 0.062811
0 0.554397 0.672495 0.027336 0.044748
0 0.810077 0.645143 0.029687 0.039956
1 0.403572 0.894149 0.017303 0.053034
0 0.816879 0.612199 0.024385 0.034162
1 0.495443 0.765124 0.014719 0.039210
1 0.472662 0.792460 0.014954 0.035251
