0 0.474439 0.905461 0.075845 0.145121
0 0.073714 0.924002 0.092394 0.106048
3 0.343742 0.844615 0.065781 0.144574
0 0.185110 0.865293 0.103083 0.076412
3 0.430484 0.805513 0.054073 0.113216
0 0.655123 0.890086 0.058123 0.096395
3 0.202682 0.810316 0.060304 0.073526
3 0.254240 0.758392 0.039556 0.084158
0 0.594339 0.766375 0.042324 0.073669
0 0.929050 0.734834 0.041104 0.054948
0 0.859852 0.681357 0.041395 0.052373
0 0.408002 0.734247 0.033930 0.063409
0 0.325965 0.744157 0.040800 0.049309
0 0.586084 0.709978 0.033501 0.054667
0 0.492559 0.735004 0.033156 0.050319
0 0.391509 0.655348 0.043158 0.034832
0 0.425590 0.651062 0.034047 0.031530
0 0.619768 0.645901 0.025329 0.041402
0 0.558920 0.649632 0.024529 0.041529
1 0.510345 0.829156 0.016286 0.045476
0 0.547768 0.570059 0.020029 0.031048
