0 0.045298 0.921689 0.090186 0.107711
0 0.149491 0.867851 0.113313 0.082645
0 0.531823 0.951124 0.074370 0.096075
0 0.539113 0.824396 0.055681 0.094434
0 0.384555 0.871272 0.056157 0.086942
3 0.172537 0.808425 0.057145 0.072692
0 0.892141 0.776515 0.042394 0.061736
0 0.545422 0.741452 0.038922 0.067163
0 0.295763 0.739409 0.040287 0.053615
0 0.380271 0.734225 0.035830 0.057791
0 0.507204 0.725673 0.035294 0.057012
0 0.596540 0.704571 0.034797 0.055887
0 0.893787 0.708070 0.025994 0.033191
0 0.545358 0.581947 0.022115 0.036791
1 0.622552 0.827467 0.016505 0.042526
1 0.439288 0.849386 0.015359 0.043225
1 0.600899 0.805066 0.013543 0.046138
