3 0.369574 0.919335 0.083605 0.158882
0 0.076185 0.922722 0.095291 0.108743
0 0.190594 0.865709 0.099177 0.077030
0 0.584965 0.833794 0.052986 0.099034
0 0.209335 0.864187 0.061131 0.074964
3 0.206314 0.812270 0.057714 0.078531
0 0.681075 0.975791 0.074217 0.047849
0 0.582283 0.754162 0.040171 0.064307
0 0.469824 0.782016 0.041428 0.059412
0 0.327624 0.741730 0.041288 0.050780
0 0.411470 0.735271 0.033665 0.060248
0 0.586638 0.692769 0.029383 0.052250
0 0.626236 0.671187 0.029852 0.048416
0 0.376545 0.656340 0.045028 0.031848
0 0.557761 0.678287 0.029360 0.047645
0 0.922026 0.709226 0.029379 0.043200
1 0.485945 0.922154 0.020534 0.058757
1 0.419372 0.959962 0.022951 0.050988
0 0.948520 0.763483 0.028167 0.040839
1 0.436359 0.854369 0.017210 0.054445
1 0.519058 0.838010 0.016732 0.050142
0 0.592107 0.634878 0.021643 0.034327
