0 0.075845 0.923159 0.095276 0.106813
0 0.187794 0.866385 0.102813 0.079615
0 0.578436 0.846837 0.061699 0.103433
3 0.206460 0.815574 0.058399 0.086141
0 0.208568 0.863483 0.061344 0.075299
0 0.579211 0.762133 0.042250 0.074609
0 0.464767 0.790322 0.043335 0.062687
0 0.411645 0.733197 0.033646 0.060530
0 0.327153 0.741248 0.038374 0.051713
0 0.584964 0.699455 0.031176 0.053521
0 0.373664 0.656064 0.048752 0.031796
1 0.480081 0.940057 0.022116 0.066669
0 0.625894 0.675169 0.029980 0.048075
0 0.555386 0.682707 0.027623 0.049211
0 0.917653 0.701535 0.027960 0.047734
0 0.945925 0.758811 0.031785 0.040736
1 0.424227 0.870943 0.018021 0.058898
1 0.512971 0.856123 0.017324 0.045302
0 0.591316 0.639074 0.021937 0.033023
