0 0.043053 0.916961 0.085730 0.109455
3 0.146104 0.862330 0.097427 0.083063
0 0.605156 0.841907 0.060846 0.113578
0 0.501951 0.958773 0.082334 0.080437
0 0.393583 0.961140 0.081293 0.074674
2 0.166846 0.805154 0.060984 0.074559
3 0.166747 0.804642 0.061076 0.073087
0 0.599210 0.750729 0.042656 0.076603
0 0.983034 0.815370 0.033414 0.078346
0 0.894050 0.721967 0.048451 0.051831
0 0.286100 0.734856 0.045383 0.053016
0 0.374241 0.722732 0.033996 0.070628
0 0.537151 0.757971 0.036759 0.058696
0 0.820677 0.721896 0.039338 0.053036
0 0.561306 0.717689 0.034610 0.058416
0 0.357136 0.664081 0.053379 0.037374
0 0.488578 0.659171 0.033167 0.049813
0 0.591250 0.668332 0.029063 0.047080
0 0.444883 0.623563 0.032975 0.039786
0 0.553640 0.669140 0.029336 0.043899
1 0.524387 0.887363 0.019741 0.059730
1 0.266998 0.977588 0.025098 0.044796
0 0.597319 0.645099 0.025885 0.040692
1 0.567290 0.815640 0.018839 0.051128
1 0.413185 0.873851 0.015871 0.050437
1 0.896335 0.768237 0.018546 0.035312
1 0.499947 0.756739 0.014904 0.037029
1 0.476654 0.785148 0.015196 0.028862
