3 0.614722 0.880559 0.063382 0.151952
0 0.043308 0.917113 0.086363 0.110196
0 0.164590 0.859865 0.077890 0.073802
0 0.517389 0.875646 0.055770 0.093143
0 0.543462 0.790457 0.049845 0.078464
0 0.293180 0.735142 0.057182 0.053777
0 0.462487 0.714353 0.039909 0.060903
0 0.592354 0.719199 0.036029 0.065189
0 0.375778 0.730530 0.033261 0.064139
0 0.107158 0.890359 0.044457 0.044146
0 0.547392 0.720668 0.031477 0.043072
1 0.447945 0.894123 0.020915 0.059271
1 0.418647 0.959257 0.020609 0.057837
1 0.148005 0.972914 0.018780 0.051504
1 0.337374 0.879900 0.014030 0.044388
1 0.470336 0.785293 0.015980 0.035975
