0 0.045036 0.919013 0.089893 0.110434
0 0.530919 0.888391 0.069616 0.121273
0 0.154322 0.864186 0.098634 0.076966
0 0.337960 0.950499 0.069723 0.097261
3 0.172405 0.806978 0.057759 0.075162
0 0.985224 0.827695 0.029099 0.142864
0 0.539309 0.773448 0.043384 0.073690
0 0.493080 0.756240 0.042380 0.067137
0 0.849414 0.739832 0.043122 0.054689
0 0.292392 0.738872 0.044775 0.051064
0 0.596980 0.726995 0.037395 0.060838
1 0.110188 0.888471 0.043172 0.047272
0 0.378700 0.729673 0.033685 0.053308
1 0.409480 0.945143 0.025607 0.061490
0 0.874094 0.698325 0.033121 0.044409
0 0.986629 0.780736 0.026354 0.051470
1 0.407599 0.946149 0.018201 0.058558
0 0.511372 0.614374 0.026237 0.039347
0 0.825982 0.625232 0.025669 0.036466
1 0.623903 0.907084 0.017692 0.051035
1 0.427037 0.768496 0.011940 0.034673
