0 0.042985 0.916969 0.085606 0.109661
0 0.146548 0.862174 0.097137 0.082523
0 0.503727 0.953747 0.079641 0.090855
0 0.399442 0.954821 0.079024 0.087717
0 0.604176 0.836898 0.061390 0.110608
3 0.166536 0.804849 0.061539 0.073708
0 0.984381 0.821213 0.031177 0.080236
0 0.894891 0.723825 0.046014 0.053912
0 0.286081 0.734803 0.045543 0.053105
0 0.374455 0.723216 0.033639 0.069796
0 0.825924 0.724258 0.038746 0.056171
0 0.536541 0.754434 0.036047 0.059164
0 0.561752 0.715339 0.034662 0.059193
0 0.489257 0.657226 0.032263 0.048805
1 0.277417 0.970960 0.026558 0.058030
0 0.591396 0.667115 0.029789 0.047947
0 0.553927 0.666797 0.029420 0.046627
0 0.445012 0.623277 0.032469 0.040095
1 0.436686 0.919181 0.017266 0.059009
1 0.564901 0.808675 0.018804 0.050529
0 0.990150 0.761243 0.019250 0.045317
1 0.900183 0.769113 0.021718 0.038959
1 0.525246 0.881623 0.017716 0.046975
1 0.416877 0.866234 0.016478 0.045833
1 0.502131 0.751837 0.013808 0.038843
1 0.478854 0.780590 0.013956 0.031195
