0 0.044727 0.920662 0.089455 0.109931
0 0.154896 0.865527 0.100013 0.079606
0 0.535117 0.855492 0.060766 0.107932
0 0.359376 0.915137 0.062638 0.100811
2 0.171953 0.808607 0.058020 0.075027
0 0.865322 0.755843 0.049100 0.061818
0 0.542310 0.757953 0.040769 0.070167
0 0.291156 0.738579 0.046742 0.054280
0 0.500680 0.743207 0.037916 0.061790
0 0.878329 0.703162 0.042632 0.052324
0 0.523386 0.981739 0.061843 0.034558
0 0.595679 0.715698 0.034433 0.056301
1 0.482981 0.967639 0.022758 0.063617
1 0.483046 0.975768 0.021260 0.047542
0 0.582506 0.656360 0.021823 0.045092
1 0.423958 0.896849 0.018514 0.048733
1 0.605832 0.832764 0.016621 0.051472
0 0.542143 0.588026 0.021942 0.038554
1 0.622858 0.867652 0.016130 0.051942
0 0.994453 0.883866 0.010671 0.059060
1 0.472044 0.693542 0.012511 0.027832
