0 0.470847 0.915149 0.078462 0.148420
3 0.342717 0.847009 0.070167 0.149731
0 0.073989 0.923238 0.093068 0.107488
0 0.185115 0.865758 0.103408 0.076625
3 0.427333 0.808767 0.056466 0.116570
0 0.656334 0.896272 0.059352 0.098145
3 0.202794 0.810989 0.058875 0.074945
3 0.254514 0.758191 0.039438 0.087130
0 0.593482 0.768328 0.042430 0.074021
0 0.324063 0.744265 0.044689 0.050138
0 0.928425 0.733814 0.039859 0.052524
0 0.583775 0.712456 0.036830 0.054470
0 0.492133 0.736712 0.030155 0.049869
0 0.390462 0.655730 0.042415 0.033606
0 0.858561 0.686430 0.037706 0.037657
0 0.511884 0.623112 0.033191 0.040931
0 0.558451 0.650820 0.025757 0.042738
0 0.585969 0.664245 0.025366 0.042170
0 0.424361 0.650810 0.034043 0.030833
0 0.620207 0.649165 0.024892 0.037563
1 0.509250 0.832812 0.016686 0.046303
0 0.547843 0.570829 0.019940 0.029738
1 0.544234 0.763269 0.015265 0.032719
