3 0.292426 0.918413 0.082198 0.159765
3 0.373899 0.915402 0.077524 0.156404
0 0.076407 0.922385 0.095082 0.109088
0 0.585461 0.828591 0.050541 0.094306
0 0.208543 0.864330 0.062521 0.075775
3 0.205776 0.811996 0.058039 0.074955
0 0.679143 0.971443 0.075717 0.055183
0 0.582292 0.752336 0.039118 0.067223
0 0.472436 0.778537 0.041774 0.060275
0 0.428072 0.984096 0.077249 0.030867
0 0.327804 0.741559 0.041574 0.050846
0 0.960095 0.766351 0.048486 0.042919
0 0.411447 0.735063 0.033919 0.061102
0 0.586733 0.690921 0.029927 0.050519
0 0.377737 0.655871 0.044463 0.031975
0 0.922443 0.710030 0.030365 0.046154
0 0.625716 0.669866 0.028302 0.049174
1 0.423594 0.948022 0.024364 0.051649
0 0.557723 0.676777 0.026746 0.045606
1 0.488743 0.912905 0.017952 0.061845
0 0.948998 0.766325 0.025899 0.042341
1 0.441244 0.847345 0.017642 0.053949
1 0.521954 0.831757 0.017097 0.047089
0 0.592354 0.631147 0.021346 0.034594
