3 0.619565 0.906513 0.066860 0.165025
0 0.043574 0.917586 0.086965 0.111188
0 0.151860 0.858735 0.103019 0.076771
0 0.512302 0.900716 0.060926 0.100287
0 0.538573 0.804289 0.054321 0.089954
3 0.168890 0.802235 0.058850 0.068167
0 0.901438 0.730043 0.047022 0.068173
0 0.292583 0.734951 0.058061 0.055023
0 0.457654 0.722547 0.042019 0.063358
0 0.592107 0.726458 0.037168 0.066131
0 0.375430 0.727407 0.034091 0.068685
0 0.106349 0.889791 0.045693 0.043040
0 0.547128 0.720320 0.032459 0.058622
0 0.831234 0.680187 0.039564 0.044743
1 0.439540 0.925113 0.022016 0.064377
1 0.318572 0.908224 0.016162 0.049004
1 0.464586 0.800734 0.016228 0.038445
1 0.604063 0.788826 0.015578 0.038527
