0 0.043079 0.916086 0.085968 0.113147
0 0.150373 0.860316 0.104725 0.079322
0 0.525477 0.837542 0.055241 0.099922
0 0.461947 0.819078 0.054511 0.085429
2 0.168036 0.802801 0.059494 0.072061
0 0.896992 0.779737 0.055812 0.076571
3 0.167782 0.802628 0.059556 0.071185
0 0.506596 0.970597 0.067196 0.057053
0 0.598671 0.766337 0.042496 0.077414
0 0.287128 0.732922 0.048115 0.046840
0 0.106983 0.886670 0.045076 0.048890
0 0.375588 0.727521 0.034691 0.061705
0 0.812084 0.698474 0.036823 0.051946
0 0.328254 0.664947 0.049175 0.034323
0 0.572307 0.683437 0.028665 0.053814
0 0.545473 0.708659 0.031404 0.049027
0 0.903115 0.718364 0.029357 0.044672
0 0.455143 0.617936 0.032181 0.038559
0 0.592653 0.636707 0.024989 0.039931
