0 0.073620 0.925391 0.096158 0.110776
0 0.574233 0.947463 0.080280 0.102904
0 0.495485 0.846767 0.065581 0.121537
0 0.186164 0.867382 0.102483 0.075367
3 0.366290 0.822746 0.062287 0.110961
3 0.203556 0.812814 0.060901 0.073863
0 0.644563 0.841304 0.051020 0.080480
0 0.453794 0.769924 0.042749 0.085419
0 0.937365 0.754341 0.043843 0.062650
0 0.600754 0.738600 0.037590 0.066179
0 0.407236 0.735862 0.034429 0.062577
0 0.142684 0.895352 0.042756 0.040777
0 0.585519 0.691748 0.029875 0.052307
0 0.503078 0.711220 0.028745 0.048098
0 0.398146 0.656351 0.043079 0.030274
0 0.617905 0.634544 0.023020 0.039896
0 0.585718 0.646248 0.023439 0.036802
0 0.351017 0.660660 0.027443 0.030038
