0 0.043491 0.916290 0.086560 0.109208
3 0.149095 0.861359 0.104878 0.079838
0 0.606965 0.872993 0.066131 0.119018
3 0.167052 0.808235 0.060234 0.080592
0 0.979820 0.800027 0.039943 0.078838
0 0.374709 0.720797 0.035226 0.073141
0 0.287033 0.734883 0.048209 0.052777
0 0.535416 0.772384 0.039242 0.061986
0 0.559144 0.726880 0.032609 0.060442
0 0.364729 0.662363 0.053142 0.035555
0 0.814425 0.711044 0.032986 0.052973
0 0.485524 0.668072 0.033363 0.047155
0 0.592914 0.676827 0.030098 0.049465
0 0.444188 0.623866 0.034851 0.040835
1 0.405538 0.970248 0.022097 0.059378
0 0.894017 0.724000 0.031490 0.038454
0 0.554770 0.675909 0.026257 0.045063
1 0.524089 0.937347 0.019207 0.054074
1 0.394702 0.913067 0.016985 0.055330
0 0.808945 0.639324 0.023576 0.038318
0 0.561828 0.627117 0.022493 0.038084
1 0.492023 0.771109 0.015995 0.042396
0 0.816537 0.611934 0.022480 0.029540
1 0.469831 0.803418 0.014360 0.032878
