3 0.385260 0.894297 0.074117 0.149434
0 0.075671 0.923335 0.093974 0.107489
0 0.189337 0.863892 0.100008 0.074745
0 0.674362 0.963994 0.071003 0.070829
0 0.585795 0.817892 0.051492 0.093043
0 0.434239 0.971147 0.085425 0.055641
3 0.204383 0.810997 0.058859 0.075048
0 0.584153 0.746881 0.045359 0.069627
0 0.476499 0.770100 0.039123 0.057493
0 0.326503 0.742037 0.041667 0.050094
0 0.410611 0.734080 0.034982 0.059574
0 0.961630 0.768336 0.045228 0.045115
0 0.925051 0.709541 0.035620 0.050006
0 0.585888 0.686766 0.029075 0.050294
0 0.624472 0.666913 0.027441 0.045153
0 0.557602 0.672038 0.026626 0.045953
1 0.491892 0.900296 0.019814 0.056373
1 0.430256 0.925299 0.022287 0.044765
1 0.448485 0.833377 0.015870 0.050591
1 0.525605 0.817401 0.016353 0.045493
