3 0.628016 0.928970 0.072001 0.140614
0 0.043647 0.917363 0.087048 0.110498
0 0.151358 0.858335 0.105219 0.077188
0 0.505633 0.946454 0.068477 0.105746
0 0.535259 0.829171 0.057772 0.097030
3 0.169194 0.800861 0.059234 0.066327
0 0.449386 0.734990 0.045514 0.068584
0 0.593858 0.737717 0.040909 0.068676
0 0.895633 0.723660 0.045696 0.057937
0 0.375921 0.727710 0.033773 0.068587
0 0.288986 0.734910 0.041873 0.053024
0 0.545670 0.732902 0.035186 0.057863
0 0.606335 0.711741 0.033350 0.061011
0 0.107644 0.888471 0.043780 0.044178
0 0.822910 0.671917 0.036657 0.042897
1 0.423745 0.973343 0.022938 0.053313
1 0.284270 0.964727 0.020396 0.056022
1 0.453652 0.826649 0.019394 0.042124
1 0.627602 0.813391 0.017551 0.042672
1 0.417204 0.818805 0.015629 0.046165
1 0.651427 0.780817 0.013928 0.038302
