0 0.042854 0.915905 0.085365 0.111016
0 0.510080 0.935034 0.072496 0.126556
0 0.419623 0.930170 0.074920 0.118249
0 0.144909 0.863255 0.093644 0.082960
0 0.597826 0.818099 0.057676 0.095923
3 0.166645 0.806455 0.061386 0.079169
0 0.837376 0.736327 0.039884 0.061387
0 0.286557 0.733633 0.044463 0.053370
0 0.374573 0.724285 0.033155 0.065045
0 0.347817 0.662550 0.053747 0.035343
0 0.538952 0.742181 0.032948 0.054852
0 0.563831 0.708269 0.030240 0.057753
0 0.903291 0.733439 0.032328 0.050676
0 0.492504 0.648800 0.029983 0.048319
0 0.591796 0.658422 0.030453 0.046052
0 0.447389 0.619698 0.032660 0.041518
0 0.992982 0.824645 0.013585 0.085595
1 0.312155 0.933970 0.020082 0.052033
0 0.906248 0.741015 0.027537 0.035459
1 0.456891 0.883254 0.018132 0.053127
0 0.785381 0.676589 0.029787 0.030393
1 0.432183 0.836320 0.015763 0.044073
1 0.528181 0.850805 0.015713 0.043215
1 0.550843 0.795762 0.015386 0.035314
