0 0.044841 0.921729 0.089282 0.108546
0 0.153833 0.867819 0.103683 0.083405
0 0.535205 0.850010 0.060014 0.102775
0 0.365027 0.907107 0.062721 0.097245
3 0.172222 0.809836 0.057554 0.074421
0 0.868307 0.758521 0.050761 0.063408
0 0.522355 0.976179 0.066958 0.045746
0 0.542716 0.755666 0.040091 0.068532
0 0.291588 0.738975 0.046362 0.053625
0 0.501940 0.739694 0.036794 0.060981
0 0.879821 0.706775 0.041544 0.050549
0 0.595528 0.714720 0.033983 0.057432
1 0.431533 0.885562 0.029542 0.057128
1 0.427603 0.885913 0.020401 0.057247
0 0.554703 0.672549 0.024879 0.042582
0 0.582660 0.655342 0.021667 0.044885
0 0.512785 0.613308 0.025541 0.033031
1 0.604368 0.828070 0.016053 0.049009
1 0.622820 0.860031 0.015944 0.048888
1 0.946950 0.809103 0.016808 0.037929
0 0.962816 0.745582 0.013284 0.034369
