0 0.050258 0.922699 0.098882 0.107865
0 0.547823 0.917084 0.068902 0.130157
0 0.161032 0.868317 0.106388 0.080835
3 0.181335 0.813555 0.059790 0.081913
0 0.550994 0.795556 0.050387 0.082317
0 0.415695 0.831638 0.050326 0.080812
0 0.918920 0.807062 0.047973 0.072550
0 0.302683 0.739657 0.041267 0.053495
0 0.387598 0.734589 0.035514 0.057022
0 0.558207 0.723367 0.034889 0.056585
0 0.603192 0.691941 0.032148 0.055098
1 0.345229 0.963870 0.024270 0.070882
0 0.522820 0.709331 0.033714 0.049385
1 0.463107 0.948392 0.022289 0.058591
0 0.333222 0.657421 0.034034 0.033487
1 0.461866 0.810620 0.015024 0.041279
1 0.604294 0.781923 0.012190 0.038690
