3 0.569531 0.929750 0.077307 0.137279
0 0.072853 0.926643 0.097274 0.107827
0 0.185973 0.868641 0.100490 0.077435
0 0.503061 0.823642 0.058355 0.110089
3 0.372815 0.814558 0.054530 0.096690
3 0.202896 0.813807 0.060221 0.075095
3 0.405452 0.719456 0.037768 0.096727
0 0.641716 0.819924 0.045872 0.077097
0 0.464740 0.751272 0.044094 0.079580
0 0.939190 0.763222 0.039709 0.062241
0 0.602717 0.725177 0.035030 0.062793
0 0.886177 0.708569 0.047349 0.043643
0 0.321810 0.743522 0.034638 0.052044
0 0.396391 0.656254 0.046018 0.031628
0 0.586188 0.684693 0.027122 0.049593
0 0.507398 0.700173 0.030977 0.043253
0 0.352594 0.662482 0.031025 0.035502
0 0.585459 0.641237 0.023109 0.038764
0 0.993365 0.745964 0.012954 0.043317
