0 0.612267 0.921293 0.074247 0.135034
0 0.043690 0.917179 0.087139 0.111432
3 0.145200 0.863016 0.112474 0.085906
3 0.604168 0.798412 0.049324 0.109660
0 0.959237 0.776083 0.055725 0.071519
0 0.529575 0.797347 0.045281 0.070334
0 0.555857 0.744563 0.040149 0.065797
0 0.374120 0.725097 0.037608 0.067286
0 0.286646 0.735232 0.046592 0.052990
0 0.873302 0.702614 0.036434 0.052634
0 0.478765 0.680791 0.034391 0.054621
0 0.593941 0.689889 0.032141 0.055075
0 0.377529 0.661512 0.050670 0.034875
0 0.798092 0.694315 0.032872 0.050369
0 0.553366 0.687463 0.032373 0.049584
0 0.529033 0.633148 0.027683 0.050955
0 0.561788 0.636089 0.024969 0.044516
1 0.479527 0.799816 0.018784 0.047745
1 0.455953 0.837727 0.018096 0.044053
1 0.358035 0.978725 0.017970 0.042009
1 0.393467 0.786137 0.013362 0.052330
1 0.489139 0.736624 0.015611 0.030031
