0 0.477328 0.897840 0.075965 0.142619
0 0.073248 0.924213 0.092888 0.107073
3 0.345945 0.842681 0.063204 0.136320
0 0.184786 0.865281 0.103393 0.076255
3 0.435228 0.799325 0.057392 0.111529
0 0.653692 0.884685 0.057957 0.092395
3 0.202328 0.811021 0.061047 0.074228
3 0.254426 0.758859 0.038726 0.086629
0 0.594992 0.763402 0.041549 0.073135
0 0.320594 0.744119 0.046686 0.050455
0 0.407777 0.734286 0.033927 0.064055
0 0.929633 0.738231 0.041438 0.050974
0 0.585251 0.709218 0.031175 0.057774
0 0.494490 0.731146 0.032246 0.048865
0 0.391577 0.655368 0.043635 0.032908
0 0.619557 0.645266 0.025385 0.041669
0 0.863659 0.691009 0.030986 0.033001
1 0.511107 0.814579 0.016808 0.057328
0 0.559665 0.647521 0.022996 0.041348
