0 0.043744 0.917734 0.087024 0.110137
3 0.633101 0.941209 0.076389 0.116426
0 0.151758 0.859082 0.104503 0.077599
0 0.532161 0.847305 0.061901 0.103095
0 0.501672 0.963573 0.072451 0.071984
3 0.169005 0.801442 0.059845 0.068247
0 0.444179 0.745518 0.047358 0.074835
0 0.883217 0.719202 0.052798 0.064605
0 0.982305 0.800454 0.034953 0.094281
0 0.594400 0.745949 0.039470 0.073060
0 0.376640 0.726910 0.035602 0.072996
0 0.288799 0.733341 0.044757 0.053937
0 0.544722 0.739228 0.034317 0.060199
0 0.815386 0.660230 0.037946 0.053603
0 0.108453 0.886831 0.043895 0.045769
0 0.516599 0.676088 0.032507 0.060296
0 0.556052 0.684239 0.028792 0.052159
1 0.640805 0.835796 0.020502 0.045242
1 0.415925 0.835724 0.013321 0.043183
