0 0.050564 0.921778 0.095496 0.107810
0 0.542984 0.926696 0.072179 0.132051
0 0.156560 0.867834 0.112382 0.081167
0 0.547606 0.796272 0.050593 0.084352
0 0.409319 0.836197 0.049330 0.084314
0 0.912027 0.802519 0.051279 0.074175
0 0.300676 0.740066 0.041035 0.053381
0 0.906465 0.727587 0.042099 0.051231
0 0.384586 0.734214 0.037669 0.056926
0 0.555049 0.725648 0.034648 0.059296
0 0.600585 0.693787 0.034650 0.057101
0 0.981096 0.772440 0.034463 0.056569
0 0.519320 0.710713 0.030954 0.053052
1 0.457872 0.959357 0.024251 0.061945
1 0.335523 0.972090 0.019788 0.055464
1 0.457155 0.818015 0.015815 0.040271
1 0.602045 0.782834 0.013193 0.043943
