0 0.072369 0.921391 0.095449 0.106150
0 0.184805 0.866665 0.104211 0.078709
0 0.575270 0.866485 0.059575 0.113050
3 0.201144 0.810682 0.061307 0.075249
0 0.575431 0.776431 0.042612 0.071323
0 0.454306 0.801804 0.044457 0.068293
0 0.407537 0.735172 0.035217 0.059278
0 0.322782 0.740813 0.038668 0.051204
0 0.580406 0.706154 0.032077 0.055224
0 0.623266 0.680501 0.031212 0.053309
0 0.783911 0.727819 0.037498 0.042648
0 0.364005 0.655490 0.048699 0.031429
0 0.549982 0.690127 0.030430 0.050197
0 0.939705 0.752496 0.037237 0.040738
1 0.469840 0.967861 0.020994 0.059883
1 0.406829 0.896176 0.018351 0.056881
1 0.501542 0.881503 0.017495 0.051162
1 0.620802 0.760192 0.011042 0.034155
