0 0.611210 0.909949 0.071736 0.133519
0 0.043783 0.916982 0.087292 0.108484
3 0.150700 0.859740 0.103801 0.079346
3 0.603390 0.792580 0.047672 0.105367
0 0.964430 0.781640 0.061998 0.072697
3 0.167852 0.801522 0.059131 0.068684
0 0.531648 0.792430 0.042939 0.067484
0 0.975136 0.781290 0.039733 0.070796
0 0.287610 0.734052 0.047895 0.051394
0 0.555514 0.739677 0.038091 0.064032
0 0.375206 0.726907 0.034168 0.058027
0 0.374446 0.661131 0.052417 0.033168
0 0.593184 0.688210 0.030515 0.052897
0 0.803564 0.696491 0.028558 0.052219
0 0.528813 0.630754 0.029415 0.049891
0 0.441229 0.623164 0.035032 0.040928
0 0.599170 0.659415 0.028108 0.037703
1 0.367270 0.967192 0.019320 0.053798
0 0.476995 0.685609 0.026898 0.037041
0 0.562263 0.634561 0.024030 0.041400
0 0.592408 0.623078 0.026013 0.036217
0 0.803667 0.632612 0.021188 0.037818
1 0.458879 0.830099 0.017639 0.041699
1 0.483163 0.796360 0.017377 0.042153
1 0.397386 0.780522 0.012557 0.053158
