0 0.043590 0.917562 0.086990 0.111364
3 0.146115 0.864051 0.113966 0.082901
3 0.610330 0.853441 0.057245 0.136918
0 0.520826 0.847006 0.051206 0.083587
0 0.618762 0.965616 0.061437 0.066843
0 0.548537 0.773048 0.046103 0.077240
0 0.293218 0.735538 0.056457 0.054670
0 0.375831 0.726776 0.033052 0.067937
0 0.468408 0.705120 0.039067 0.056624
0 0.592627 0.711056 0.033049 0.058917
1 0.685146 0.969443 0.030989 0.060280
0 0.560230 0.654848 0.027174 0.045004
0 0.548436 0.714800 0.030399 0.039767
0 0.911516 0.760016 0.027866 0.041565
1 0.430729 0.912892 0.021461 0.053450
1 0.458959 0.862816 0.019659 0.051787
0 0.991073 0.762362 0.017374 0.051652
1 0.476699 0.767704 0.015046 0.035535
