0 0.042922 0.916743 0.085475 0.109830
0 0.511918 0.916981 0.072349 0.128476
0 0.428082 0.907102 0.069192 0.115986
0 0.148660 0.860229 0.100286 0.074972
3 0.166466 0.805467 0.062140 0.079167
0 0.600277 0.806976 0.052127 0.094222
3 0.598331 0.731719 0.040090 0.074461
0 0.842034 0.742101 0.042232 0.063408
0 0.285963 0.734079 0.046259 0.050014
0 0.374628 0.724394 0.034280 0.063365
0 0.106299 0.886176 0.044405 0.045020
0 0.344560 0.661955 0.054157 0.033918
0 0.540220 0.736413 0.034030 0.052623
0 0.565277 0.702868 0.029878 0.056475
0 0.493540 0.644985 0.030687 0.047402
0 0.591950 0.653962 0.029796 0.046479
1 0.326575 0.911567 0.022118 0.059294
1 0.465942 0.866670 0.016459 0.055176
1 0.530667 0.832743 0.016028 0.046372
1 0.438130 0.825496 0.013751 0.045387
