0 0.043864 0.916523 0.087308 0.109072
0 0.609213 0.881501 0.070344 0.122964
3 0.150641 0.859682 0.105097 0.078282
0 0.971768 0.795159 0.055978 0.077073
3 0.168072 0.803209 0.058874 0.071335
0 0.533700 0.777283 0.040419 0.063283
0 0.286951 0.734273 0.047291 0.052605
0 0.375475 0.723753 0.033801 0.066674
0 0.883520 0.715009 0.043981 0.049197
0 0.558056 0.731444 0.034810 0.060850
0 0.106986 0.885630 0.045466 0.046432
0 0.367466 0.662208 0.055326 0.035444
0 0.810676 0.706854 0.034185 0.052769
0 0.484241 0.669206 0.033836 0.051747
0 0.594288 0.680533 0.033142 0.050468
1 0.525099 0.946318 0.022334 0.066210
0 0.606412 0.798491 0.028912 0.047530
0 0.442667 0.623480 0.033797 0.039590
0 0.554398 0.677698 0.026595 0.045291
0 0.562500 0.627886 0.023713 0.041508
0 0.807192 0.638238 0.023182 0.036708
1 0.467197 0.805599 0.015950 0.040106
1 0.489663 0.777527 0.014379 0.042033
1 0.448752 0.734571 0.010346 0.032384
