0 0.524926 0.922792 0.073392 0.140653
0 0.045330 0.917623 0.090659 0.110305
0 0.155272 0.862354 0.100300 0.072919
0 0.311649 0.960743 0.068545 0.075985
3 0.173102 0.808582 0.057543 0.079350
0 0.536879 0.790217 0.045653 0.081139
0 0.310921 0.972566 0.065895 0.052678
0 0.969258 0.838892 0.054577 0.062132
0 0.485812 0.774821 0.044614 0.072214
0 0.599153 0.738923 0.038608 0.069215
0 0.291305 0.737147 0.047925 0.049591
0 0.838763 0.725161 0.043019 0.054359
0 0.110897 0.890076 0.042740 0.044106
1 0.624922 0.952333 0.021347 0.060774
0 0.553758 0.689357 0.027406 0.045363
0 0.819348 0.618326 0.028393 0.037863
1 0.896271 0.767680 0.016735 0.037631
1 0.417604 0.785436 0.015444 0.039491
