0 0.061749 0.923392 0.100742 0.107163
0 0.171953 0.868949 0.111328 0.082746
0 0.562278 0.890417 0.072363 0.119124
3 0.192388 0.813827 0.061627 0.081990
0 0.951276 0.825444 0.059285 0.076808
0 0.436757 0.813856 0.046273 0.080224
0 0.564075 0.781631 0.045819 0.076542
0 0.926523 0.738152 0.043283 0.051726
0 0.399147 0.734499 0.034148 0.058667
0 0.571586 0.714303 0.033985 0.056589
0 0.315989 0.741600 0.038137 0.049780
0 0.538015 0.699577 0.030989 0.052245
0 0.614191 0.686190 0.030798 0.051872
1 0.378712 0.929997 0.021530 0.066507
0 0.351063 0.655885 0.039887 0.031180
1 0.450443 0.977664 0.025367 0.044672
1 0.482894 0.910709 0.018783 0.056097
0 0.989875 0.783410 0.019843 0.050878
0 0.579042 0.648222 0.023877 0.037789
1 0.638343 0.773979 0.016718 0.040254
1 0.613651 0.770569 0.011749 0.037183
