0 0.043315 0.916499 0.086235 0.109815
3 0.148562 0.859699 0.101946 0.078453
0 0.606591 0.866053 0.059794 0.115766
3 0.166884 0.806695 0.060397 0.077246
2 0.167022 0.806362 0.060314 0.077031
0 0.980059 0.788105 0.039434 0.109192
0 0.885472 0.708805 0.055085 0.072409
3 0.599849 0.765220 0.044134 0.088900
0 0.980955 0.803494 0.037855 0.079038
0 0.499229 0.979633 0.067883 0.038823
0 0.374137 0.721249 0.035900 0.072731
0 0.286636 0.735673 0.047580 0.052093
0 0.535630 0.768685 0.039189 0.061742
0 0.559554 0.725621 0.033248 0.060494
0 0.814729 0.710554 0.035676 0.054315
0 0.363538 0.662978 0.052289 0.035618
0 0.486178 0.663982 0.032622 0.051277
0 0.592530 0.675806 0.031061 0.048575
1 0.410955 0.966526 0.021261 0.066068
1 0.524193 0.921706 0.020675 0.063092
0 0.554137 0.674315 0.028129 0.043238
1 0.399512 0.903440 0.017417 0.054554
1 0.493889 0.768077 0.014833 0.039183
1 0.471749 0.797385 0.012881 0.034844
1 0.411081 0.764219 0.011694 0.030787
