0 0.044248 0.918293 0.088341 0.110527
0 0.513612 0.953278 0.086122 0.091093
0 0.150564 0.860874 0.097179 0.077069
0 0.917062 0.798234 0.065649 0.078043
0 0.531267 0.818926 0.051480 0.092582
3 0.169454 0.804901 0.060551 0.071730
0 0.472599 0.801776 0.049710 0.081433
0 0.598647 0.755561 0.043509 0.072306
0 0.290647 0.734755 0.051099 0.054050
0 0.377872 0.724006 0.035246 0.069409
1 0.108457 0.887731 0.045159 0.047895
0 0.823136 0.709408 0.037782 0.049609
0 0.458642 0.619532 0.030065 0.038741
0 0.328606 0.667448 0.039149 0.028733
1 0.667171 0.930526 0.019118 0.056026
