3 0.626492 0.924880 0.071596 0.145708
0 0.043608 0.917199 0.086938 0.111050
0 0.150023 0.858620 0.106482 0.076301
0 0.507137 0.940793 0.065874 0.112685
0 0.536457 0.823507 0.055893 0.096500
3 0.168975 0.800294 0.058518 0.065040
0 0.451425 0.731203 0.043954 0.068449
0 0.897040 0.724364 0.047052 0.060752
0 0.593974 0.736243 0.038208 0.065614
0 0.287604 0.735002 0.044650 0.053338
3 0.375984 0.728854 0.033980 0.067612
0 0.546269 0.729545 0.034447 0.057374
0 0.107284 0.887770 0.043489 0.044833
0 0.823476 0.673106 0.036506 0.044952
0 0.992078 0.797279 0.015509 0.102940
1 0.426600 0.968371 0.021718 0.061038
1 0.291298 0.956850 0.017642 0.051395
1 0.623715 0.807589 0.016993 0.042535
1 0.455428 0.822524 0.017191 0.041605
1 0.418178 0.813362 0.014637 0.044317
1 0.650406 0.775065 0.014336 0.038967
0 0.803449 0.623000 0.019193 0.024824
