0 0.042732 0.915885 0.085155 0.110892
0 0.515174 0.899385 0.068164 0.121252
0 0.149594 0.859906 0.101465 0.073567
0 0.436194 0.884906 0.065183 0.108420
2 0.166924 0.806397 0.061811 0.080911
0 0.598733 0.798138 0.048099 0.087284
0 0.854446 0.750158 0.047139 0.063985
0 0.285961 0.733927 0.047503 0.049777
0 0.374583 0.725280 0.034316 0.062592
0 0.106182 0.886308 0.045118 0.044817
0 0.340028 0.662048 0.054578 0.033638
0 0.541152 0.730006 0.033057 0.053416
0 0.567284 0.698377 0.030209 0.055448
0 0.893657 0.704066 0.036764 0.043932
0 0.792827 0.679173 0.034407 0.044262
1 0.340471 0.891152 0.016967 0.049310
1 0.474391 0.850779 0.015910 0.052384
1 0.532737 0.821073 0.015723 0.035178
1 0.445157 0.811529 0.012693 0.037978
