3 0.569450 0.926987 0.074626 0.142462
0 0.072696 0.926858 0.093696 0.104767
0 0.185684 0.869758 0.099391 0.080798
0 0.058767 0.928575 0.065552 0.100650
0 0.504440 0.818027 0.058206 0.106936
3 0.374298 0.813210 0.055013 0.097395
3 0.202819 0.814205 0.057480 0.075112
3 0.403411 0.719116 0.040232 0.095776
0 0.641301 0.816780 0.046700 0.073384
3 0.467313 0.747336 0.040183 0.079833
0 0.940455 0.764718 0.037939 0.058118
0 0.602846 0.723208 0.033630 0.061803
0 0.506916 0.698509 0.031965 0.044824
0 0.396672 0.656231 0.043965 0.032144
0 0.585955 0.682423 0.027199 0.048949
0 0.523153 0.618648 0.024525 0.041978
0 0.562717 0.625851 0.023422 0.037443
0 0.586252 0.646135 0.024103 0.026888
1 0.554005 0.701922 0.010183 0.034464
