3 0.245745 0.329173 0.086406 0.156019
0 0.030951 0.601183 0.061674 0.114369
0 0.604950 0.492337 0.056156 0.083574
0 0.734388 0.440676 0.049239 0.066359
0 0.623334 0.376137 0.038462 0.050070
0 0.377342 0.285386 0.024910 0.036347
3 0.418809 0.191874 0.014746 0.035731
3 0.542972 0.236714 0.016463 0.027826
0 0.519359 0.251860 0.017015 0.021787
0 0.387318 0.235905 0.016133 0.021117
0 0.446175 0.227220 0.015410 0.020493
0 0.530575 0.221034 0.013394 0.017072
0 0.422005 0.228439 0.013823 0.015143
0 0.454017 0.218171 0.011476 0.012788
