3 0.185929 0.071740 0.133415 0.142955
3 0.162064 0.070675 0.085783 0.139998
2 0.541489 0.592028 0.082922 0.102433
2 0.960133 0.555723 0.079166 0.106913
3 0.415656 0.085519 0.082418 0.101696
3 0.162214 0.092946 0.084990 0.095943
3 0.667660 0.082234 0.081703 0.096753
3 0.919715 0.082282 0.080062 0.097742
3 0.424148 0.243136 0.078376 0.094920
3 0.172115 0.244442 0.077148 0.093632
3 0.678317 0.242198 0.075465 0.089896
2 0.184783 0.408065 0.071206 0.087206
0 0.184799 0.408509 0.070784 0.087007
2 0.933181 0.241395 0.072936 0.083773
0 0.360157 0.221599 0.075453 0.077253
0 0.345580 0.924939 0.075177 0.077445
0 0.846893 0.756143 0.076250 0.076324
3 0.111343 0.219536 0.076367 0.075867
2 0.438130 0.407883 0.069989 0.082526
3 0.610476 0.224575 0.075533 0.076020
3 0.096471 0.924606 0.075723 0.075517
3 0.845205 0.923318 0.074647 0.076437
3 0.350791 0.751252 0.075895 0.074976
0 0.599723 0.754200 0.075717 0.074219
3 0.854578 0.407471 0.075457 0.074263
3 0.365032 0.048630 0.075013 0.074690
3 0.861859 0.051452 0.074451 0.075191
3 0.100463 0.751730 0.075303 0.074167
3 0.108844 0.397668 0.074656 0.074225
3 0.104614 0.574808 0.076473 0.072324
2 0.108759 0.397469 0.074445 0.074141
3 0.596277 0.924486 0.074366 0.074180
3 0.607571 0.403655 0.075130 0.072697
3 0.852134 0.581515 0.075026 0.072620
0 0.860896 0.226193 0.075334 0.072318
2 0.689609 0.407504 0.068005 0.079220
0 0.613702 0.051175 0.075018 0.071707
2 0.600671 0.581615 0.073371 0.073156
3 0.354275 0.578600 0.073446 0.072673
3 0.941891 0.407070 0.068091 0.077828
0 0.358053 0.402103 0.071596 0.072719
3 0.112515 0.052850 0.066931 0.071326
2 0.698708 0.572209 0.061888 0.074351
2 0.705476 0.730785 0.056729 0.073701
3 0.949611 0.573906 0.058679 0.068215
2 0.453322 0.735563 0.053942 0.066268
2 0.650606 0.559722 0.052675 0.066455
3 0.458487 0.894444 0.052378 0.065750
2 0.458176 0.894386 0.051921 0.065899
3 0.645525 0.730864 0.050079 0.066955
3 0.152128 0.552335 0.049788 0.066886
2 0.711537 0.891073 0.051836 0.063347
0 0.405749 0.376880 0.050373 0.064789
3 0.147064 0.728641 0.049537 0.065740
3 0.401879 0.556421 0.049061 0.066049
3 0.898341 0.561778 0.049818 0.064962
3 0.391411 0.901164 0.050079 0.064529
2 0.401933 0.556532 0.048978 0.065926
0 0.893844 0.732664 0.049079 0.065774
3 0.640889 0.900985 0.050761 0.063460
2 0.653860 0.380798 0.049092 0.065561
3 0.397404 0.728778 0.048425 0.066439
2 0.397424 0.728811 0.048473 0.066103
2 0.893884 0.732727 0.048979 0.065410
3 0.142350 0.901016 0.048772 0.065259
2 0.891329 0.899936 0.048843 0.065034
2 0.961282 0.889522 0.049777 0.062442
0 0.901839 0.381291 0.049296 0.062984
0 0.156571 0.372373 0.051601 0.059547
3 0.198531 0.743282 0.051266 0.058652
3 0.064937 0.866333 0.054347 0.054395
3 0.315553 0.866164 0.053635 0.053169
3 0.908025 0.027598 0.050438 0.055157
0 0.953890 0.738424 0.051615 0.053275
3 0.157999 0.191970 0.050834 0.050688
3 0.074107 0.522786 0.052258 0.044427
0 0.907217 0.194509 0.049454 0.046716
3 0.316792 0.692328 0.045198 0.049244
3 0.824438 0.354464 0.052151 0.041623
0 0.981783 0.949065 0.036064 0.056923
0 0.982006 0.449503 0.035508 0.055394
0 0.982934 0.617683 0.033934 0.052174
0 0.406446 0.183351 0.050210 0.033476
3 0.439191 0.535856 0.031899 0.041220
0 0.683058 0.710141 0.029422 0.041056
3 0.679562 0.879547 0.030694 0.039205
0 0.691787 0.358669 0.033124 0.035405
0 0.179482 0.879627 0.030762 0.037834
2 0.928460 0.879109 0.029814 0.038909
0 0.930784 0.711360 0.029091 0.039522
0 0.928733 0.879027 0.029807 0.038417
0 0.944875 0.184134 0.032311 0.035290
3 0.939720 0.361764 0.031738 0.035767
0 0.444001 0.354813 0.032083 0.033933
0 0.426670 0.880390 0.026140 0.038677
0 0.200815 0.014647 0.033527 0.029293
0 0.947439 0.013343 0.033601 0.026686
0 0.936088 0.533316 0.031887 0.027764
0 0.698231 0.012518 0.032059 0.025036
