0 0.512320 0.921928 0.248986 0.155742
0 0.639673 0.699257 0.149070 0.117085
3 0.753750 0.638894 0.137182 0.098722
0 0.419491 0.671049 0.118984 0.095482
2 0.876674 0.513482 0.191829 0.056143
3 0.234833 0.580263 0.099408 0.067019
3 0.618840 0.552493 0.076671 0.064378
0 0.117188 0.563915 0.111536 0.040030
0 0.539761 0.574099 0.080285 0.054043
3 0.623280 0.518283 0.085890 0.050166
2 0.746333 0.487780 0.095685 0.038677
0 0.444005 0.571933 0.070507 0.046315
2 0.160287 0.449730 0.088179 0.032536
3 0.783497 0.577062 0.068448 0.040674
3 0.942336 0.558224 0.074753 0.035359
0 0.473049 0.524691 0.060613 0.039727
0 0.861717 0.552512 0.068531 0.034247
0 0.137954 0.517528 0.078794 0.028441
3 0.614070 0.487924 0.066577 0.031749
0 0.885153 0.538152 0.071186 0.027432
0 0.237450 0.510488 0.056466 0.027655
0 0.300958 0.511802 0.049231 0.031300
0 0.013672 0.674891 0.026720 0.043071
0 0.512434 0.502754 0.044929 0.023354
0 0.274068 0.481235 0.041933 0.020581
3 0.709727 0.502229 0.035816 0.022872
0 0.463808 0.487270 0.035417 0.020458
0 0.440349 0.497324 0.033467 0.020310
0 0.068872 0.470200 0.035189 0.019121
0 0.547439 0.491296 0.034557 0.019340
0 0.504966 0.488071 0.033365 0.018483
0 0.348505 0.479551 0.033544 0.017419
1 0.677524 0.540205 0.019108 0.017017
0 0.365739 0.459266 0.024994 0.012631
