2 0.092474 0.701735 0.183643 0.162040
3 0.589246 0.660337 0.125699 0.074801
0 0.771002 0.658120 0.154967 0.058799
1 0.942388 0.809208 0.103925 0.072412
0 0.721302 0.612282 0.117715 0.044438
0 0.957929 0.677535 0.083567 0.060011
1 0.851398 0.727461 0.064815 0.047556
3 0.680098 0.509737 0.083299 0.035465
2 0.540940 0.487013 0.075298 0.038981
0 0.593257 0.587322 0.061935 0.039787
0 0.450383 0.545412 0.063277 0.028566
3 0.923206 0.564351 0.057591 0.030682
0 0.838362 0.527262 0.059012 0.019735
0 0.393794 0.524867 0.051250 0.022607
0 0.659977 0.526681 0.050944 0.022181
3 0.418757 0.505757 0.038590 0.027360
0 0.463576 0.522022 0.047519 0.021540
0 0.790848 0.517496 0.046087 0.018022
0 0.574033 0.507091 0.041308 0.019791
3 0.264713 0.492141 0.030205 0.024926
0 0.376115 0.512354 0.039232 0.017130
0 0.311791 0.497995 0.033482 0.019304
0 0.179097 0.499902 0.030276 0.018496
0 0.333424 0.520022 0.036097 0.014116
0 0.591206 0.495158 0.032353 0.015199
0 0.218266 0.470512 0.029760 0.016242
1 0.537256 0.568727 0.022860 0.020005
0 0.618586 0.489948 0.034044 0.013429
0 0.328231 0.518632 0.033956 0.013374
1 0.413148 0.575195 0.021483 0.020011
1 0.198937 0.540721 0.022476 0.019125
0 0.312432 0.484726 0.028812 0.012350
1 0.399697 0.560188 0.021473 0.016564
0 0.452064 0.479259 0.024897 0.012443
0 0.368309 0.475102 0.024841 0.010994
1 0.199118 0.543923 0.020920 0.013040
1 0.347452 0.535819 0.017480 0.014310
0 0.304106 0.472800 0.022972 0.010721
1 0.316205 0.530083 0.017304 0.011909
0 0.236672 0.459399 0.018630 0.008912
