0 0.251731 0.754917 0.341959 0.182551
2 0.231689 0.489565 0.331399 0.137893
2 0.236361 0.420304 0.280441 0.090397
0 0.272483 0.593455 0.199225 0.085363
3 0.522886 0.475936 0.125469 0.095712
0 0.700708 0.539623 0.123942 0.068318
0 0.712248 0.463472 0.093006 0.046759
0 0.966435 0.459706 0.067130 0.062266
0 0.613572 0.446740 0.075864 0.044159
0 0.435956 0.480090 0.057975 0.054639
0 0.524769 0.402889 0.069614 0.035444
0 0.623214 0.405379 0.067468 0.032976
2 0.619879 0.338098 0.065102 0.032104
0 0.948000 0.399030 0.062403 0.032856
0 0.728145 0.399015 0.058868 0.029538
1 0.622137 0.500994 0.041726 0.041586
0 0.664633 0.382577 0.049734 0.026291
0 0.975379 0.369107 0.048693 0.024352
1 0.620332 0.505273 0.035975 0.032828
0 0.609392 0.383041 0.041230 0.027658
0 0.513415 0.356254 0.047019 0.020558
0 0.216363 0.355849 0.040471 0.019811
0 0.235914 0.348806 0.044278 0.017951
0 0.303846 0.343461 0.043907 0.015702
0 0.695821 0.355525 0.035174 0.019592
3 0.683393 0.328453 0.027437 0.023549
0 0.749188 0.355027 0.029834 0.021636
1 0.562986 0.419697 0.024985 0.019424
1 0.483269 0.367473 0.017472 0.015153
