0 0.123654 0.934610 0.246366 0.130370
2 0.383981 0.556586 0.127582 0.103915
0 0.693665 0.666843 0.142318 0.062313
2 0.758705 0.506205 0.150050 0.054877
0 0.806450 0.609024 0.117971 0.045081
0 0.046642 0.712726 0.092734 0.052579
0 0.974242 0.757383 0.051263 0.058950
0 0.582142 0.560437 0.079562 0.031905
0 0.500825 0.533548 0.067114 0.031407
0 0.605197 0.538608 0.068847 0.027332
0 0.561462 0.518691 0.063056 0.023994
2 0.336442 0.514697 0.045505 0.031628
0 0.482718 0.518788 0.059744 0.021241
1 0.717065 0.629341 0.042251 0.027135
0 0.858820 0.510898 0.054285 0.019429
0 0.986954 0.700517 0.025123 0.041130
0 0.615480 0.499017 0.049465 0.020669
1 0.522965 0.642217 0.034574 0.025896
1 0.228369 0.604166 0.032477 0.027051
0 0.395258 0.495281 0.042338 0.020604
0 0.196440 0.482880 0.035890 0.018452
0 0.367895 0.484383 0.037082 0.017394
0 0.346752 0.479531 0.032819 0.016377
1 0.582300 0.584337 0.024645 0.019873
0 0.404040 0.476566 0.031006 0.015375
0 0.638393 0.474372 0.032039 0.014785
1 0.485005 0.551118 0.025306 0.018695
0 0.286559 0.465955 0.032277 0.014062
0 0.517493 0.473622 0.034214 0.012730
0 0.527865 0.466154 0.030870 0.013792
3 0.256149 0.465783 0.022922 0.015026
1 0.454483 0.543122 0.019958 0.015770
0 0.481284 0.465373 0.024856 0.012540
0 0.215666 0.455373 0.024340 0.011107
1 0.317920 0.494243 0.014485 0.013273
