0 0.387998 0.859269 0.209182 0.242485
3 0.908166 0.836745 0.183063 0.264760
3 0.823169 0.631214 0.262741 0.152174
2 0.863837 0.495098 0.272326 0.088382
0 0.552058 0.679365 0.165396 0.141684
0 0.770109 0.965938 0.249578 0.067549
3 0.692859 0.527104 0.149858 0.089463
2 0.818228 0.479790 0.177750 0.055014
0 0.079535 0.550009 0.108572 0.046934
0 0.528362 0.547711 0.084912 0.052170
2 0.691705 0.457058 0.088310 0.040255
2 0.092388 0.425657 0.094721 0.033818
0 0.381691 0.543733 0.068209 0.046807
0 0.571474 0.524512 0.071554 0.041334
0 0.428397 0.512402 0.062432 0.039405
0 0.491263 0.500865 0.056103 0.043453
0 0.237422 0.485731 0.068247 0.029468
3 0.793310 0.507257 0.060159 0.032129
0 0.124443 0.472133 0.062291 0.024084
0 0.398453 0.470125 0.043305 0.028010
0 0.467411 0.479385 0.043696 0.026303
0 0.593963 0.477096 0.048194 0.020414
0 0.591404 0.462103 0.043242 0.018644
0 0.537054 0.454946 0.035350 0.019826
0 0.473873 0.460602 0.035828 0.019367
0 0.302811 0.455725 0.036381 0.017108
2 0.323595 0.432808 0.025213 0.023854
0 0.400382 0.442038 0.025066 0.015892
0 0.576396 0.446027 0.028590 0.013272
0 0.290619 0.430096 0.021844 0.012835
