0 0.635834 0.741850 0.243072 0.162070
2 0.245754 0.435501 0.279083 0.112665
2 0.346696 0.456275 0.244674 0.106757
0 0.435594 0.608173 0.204727 0.100338
0 0.443892 0.507723 0.129033 0.055943
3 0.586803 0.438578 0.095724 0.073620
0 0.727829 0.484847 0.097485 0.050865
0 0.735440 0.433616 0.076212 0.038201
0 0.972156 0.434191 0.055687 0.040871
0 0.565526 0.389241 0.058648 0.030027
0 0.653545 0.392089 0.059333 0.028026
2 0.632680 0.337368 0.056194 0.029025
0 0.651343 0.423129 0.046504 0.033841
0 0.522235 0.438089 0.039188 0.038489
0 0.742282 0.385579 0.053146 0.025709
0 0.235182 0.357583 0.059783 0.018983
0 0.683098 0.375704 0.040511 0.024179
0 0.519302 0.360718 0.046996 0.020149
0 0.636079 0.373566 0.034206 0.024903
1 0.666532 0.458581 0.029292 0.028117
0 0.758614 0.350287 0.026932 0.019592
0 0.711044 0.351731 0.029401 0.017622
0 0.994480 0.393319 0.011039 0.025738
