0 0.716025 0.879480 0.328150 0.240738
3 0.811647 0.585967 0.236535 0.135788
3 0.944637 0.742121 0.110196 0.165452
0 0.602658 0.619566 0.133092 0.085664
2 0.820355 0.480132 0.179461 0.051514
0 0.147935 0.586894 0.133260 0.062499
0 0.385006 0.615357 0.093287 0.073718
0 0.627898 0.571241 0.100689 0.058113
3 0.521468 0.531259 0.076224 0.066040
2 0.947553 0.498643 0.104272 0.047755
0 0.456219 0.562949 0.084020 0.058033
2 0.700320 0.460218 0.098946 0.038487
2 0.094871 0.435452 0.095619 0.034626
2 0.967252 0.533930 0.064721 0.034696
0 0.669281 0.506544 0.071803 0.027532
0 0.402979 0.496608 0.053089 0.036818
0 0.481381 0.501886 0.049985 0.030144
0 0.632829 0.479147 0.057706 0.024538
0 0.018393 0.604358 0.036189 0.038640
0 0.489233 0.482157 0.044698 0.030424
0 0.211119 0.484845 0.052311 0.024335
0 0.565340 0.468405 0.041403 0.022679
0 0.411439 0.476627 0.037384 0.022213
0 0.292742 0.461313 0.033134 0.020903
0 0.199261 0.456422 0.040769 0.016067
0 0.456689 0.463556 0.033780 0.017525
0 0.505406 0.461913 0.033032 0.017566
0 0.247997 0.441003 0.028847 0.013409
0 0.322439 0.445847 0.028232 0.013613
0 0.578246 0.450824 0.027532 0.013172
