2 0.189443 0.668888 0.378886 0.195989
0 0.103884 0.943970 0.205881 0.111430
0 0.792077 0.675430 0.155043 0.058882
0 0.913908 0.672060 0.155845 0.058439
1 0.871531 0.854864 0.096858 0.069842
0 0.764957 0.605467 0.119169 0.041932
0 0.600776 0.599352 0.106912 0.042796
2 0.432522 0.594475 0.082221 0.054191
1 0.839788 0.746432 0.073507 0.051368
2 0.567467 0.490479 0.086293 0.037961
0 0.590110 0.572052 0.094968 0.027556
0 0.778008 0.556856 0.077087 0.032019
3 0.485393 0.590752 0.053366 0.041076
1 0.646438 0.670965 0.053734 0.037368
3 0.765624 0.523312 0.053150 0.034079
0 0.401356 0.528417 0.055837 0.025105
3 0.495739 0.548317 0.045010 0.030594
2 0.644494 0.499755 0.051996 0.022883
0 0.816935 0.525007 0.059316 0.019896
0 0.637219 0.523004 0.047543 0.024056
1 0.622780 0.637815 0.036394 0.025323
0 0.358474 0.513042 0.044974 0.020337
0 0.415689 0.508571 0.042036 0.019461
2 0.374202 0.493539 0.033553 0.023558
0 0.701628 0.507545 0.047045 0.015973
0 0.308963 0.509494 0.035284 0.019892
3 0.240663 0.482931 0.028292 0.021636
0 0.157999 0.496317 0.031821 0.018487
0 0.341951 0.501450 0.034696 0.016746
0 0.291652 0.478731 0.029597 0.018257
0 0.279760 0.489991 0.030570 0.017006
0 0.461649 0.483424 0.034938 0.014445
1 0.162054 0.533436 0.022166 0.017878
0 0.187759 0.465835 0.027536 0.012251
1 0.273419 0.512843 0.017953 0.017003
1 0.377864 0.548488 0.019080 0.015952
1 0.299320 0.520389 0.016872 0.015723
0 0.243607 0.465971 0.022446 0.010764
0 0.277341 0.464659 0.022848 0.010561
1 0.338272 0.538521 0.018533 0.012781
1 0.299710 0.524366 0.016361 0.009207
