0 0.688030 0.862501 0.312659 0.274186
3 0.923248 0.732747 0.153505 0.194084
3 0.785129 0.574051 0.217825 0.127260
0 0.408469 0.952129 0.226795 0.094999
0 0.114641 0.608934 0.159066 0.073666
0 0.586810 0.604971 0.123466 0.077844
2 0.818999 0.478755 0.178652 0.050819
0 0.383995 0.600930 0.087725 0.068658
0 0.615917 0.560958 0.094659 0.053389
3 0.515007 0.524083 0.073442 0.062545
0 0.448986 0.552428 0.080223 0.053859
2 0.694011 0.458605 0.087860 0.037894
2 0.092796 0.433836 0.092475 0.034122
2 0.943276 0.530254 0.080122 0.036779
3 0.942630 0.530395 0.078342 0.036841
0 0.400840 0.491704 0.050471 0.035562
0 0.654126 0.500065 0.066051 0.026420
0 0.197775 0.490326 0.056706 0.026739
0 0.478351 0.496846 0.047414 0.029392
0 0.623643 0.475628 0.054789 0.024295
0 0.485320 0.478176 0.042665 0.029472
0 0.280720 0.463438 0.044345 0.022235
0 0.558976 0.465531 0.040456 0.022287
0 0.407988 0.473385 0.038840 0.020519
0 0.189706 0.456874 0.042938 0.016774
0 0.501235 0.458302 0.032941 0.017030
0 0.453856 0.460280 0.033373 0.016747
0 0.318355 0.446557 0.029997 0.014353
0 0.242568 0.440683 0.031077 0.013853
0 0.577430 0.449398 0.027443 0.012966
