0 0.651348 0.828388 0.268097 0.262566
3 0.903990 0.729500 0.192019 0.225681
2 0.903707 0.729177 0.191229 0.226527
0 0.402945 0.932181 0.226852 0.135355
3 0.763605 0.562888 0.201933 0.118312
0 0.085203 0.635845 0.170406 0.089470
2 0.817059 0.478568 0.180989 0.051796
0 0.572905 0.591266 0.112886 0.071775
2 0.946881 0.505046 0.105454 0.063655
0 0.382989 0.587644 0.083927 0.062990
0 0.605499 0.552356 0.090658 0.049953
0 0.509647 0.518081 0.071270 0.061728
0 0.442745 0.543587 0.075701 0.050895
2 0.692848 0.458005 0.090082 0.038614
2 0.091338 0.431261 0.093912 0.035247
0 0.182512 0.496919 0.062401 0.029159
0 0.399184 0.487500 0.049318 0.033438
0 0.639635 0.494930 0.062195 0.024911
0 0.475818 0.492947 0.049024 0.028867
0 0.274464 0.466102 0.045094 0.023912
0 0.614181 0.472515 0.049029 0.021556
0 0.179088 0.458790 0.045301 0.019378
0 0.553830 0.462915 0.038977 0.021972
1 0.058627 0.530589 0.034319 0.023202
0 0.406319 0.469641 0.038220 0.019937
0 0.450983 0.457563 0.034410 0.016729
0 0.497559 0.455142 0.029564 0.016651
0 0.399817 0.452938 0.026351 0.016849
0 0.315481 0.447076 0.029424 0.013706
0 0.234310 0.439563 0.029265 0.012145
0 0.575835 0.448064 0.028127 0.012318
