0 0.639700 0.732311 0.238290 0.156336
2 0.245467 0.435519 0.278474 0.112325
2 0.350872 0.455158 0.243343 0.105627
0 0.440051 0.603628 0.200675 0.098227
0 0.449055 0.505389 0.127419 0.055360
3 0.588859 0.437560 0.094772 0.072971
0 0.728563 0.483355 0.096919 0.050844
0 0.735866 0.432535 0.076866 0.037696
0 0.973112 0.436335 0.053691 0.041879
0 0.567484 0.388584 0.059275 0.029557
2 0.633300 0.337576 0.057189 0.029346
0 0.525169 0.435652 0.038434 0.040436
0 0.652550 0.422993 0.044470 0.034678
0 0.654466 0.391637 0.058760 0.026148
0 0.742122 0.385075 0.052040 0.025381
0 0.236182 0.357123 0.059149 0.018541
0 0.683251 0.375562 0.043459 0.023864
0 0.519768 0.360920 0.047680 0.020371
0 0.636807 0.372435 0.034543 0.023468
1 0.668174 0.457685 0.030002 0.025986
0 0.758774 0.350189 0.026410 0.019882
0 0.711451 0.351446 0.028639 0.017202
