0 0.120538 0.937762 0.239639 0.124042
2 0.354764 0.587051 0.224670 0.132183
2 0.120532 0.937851 0.239755 0.123796
0 0.824432 0.752082 0.200191 0.084857
0 0.931995 0.663388 0.136011 0.057385
2 0.683044 0.499781 0.123833 0.049115
0 0.625521 0.588640 0.093668 0.038183
0 0.882270 0.564121 0.090318 0.037233
0 0.671962 0.570178 0.086085 0.033802
1 0.818433 0.680195 0.058089 0.045988
0 0.531030 0.552245 0.068644 0.033336
0 0.612495 0.541374 0.076270 0.028373
3 0.976225 0.552916 0.047239 0.039152
1 0.607745 0.691223 0.051805 0.034030
1 0.111728 0.652659 0.051224 0.034367
0 0.514549 0.533951 0.069572 0.023181
0 0.356137 0.529286 0.054036 0.023747
0 0.848515 0.516445 0.058218 0.019607
0 0.396384 0.505554 0.050945 0.022207
1 0.633298 0.620087 0.036770 0.025095
0 0.800709 0.507003 0.045638 0.017779
0 0.369949 0.495440 0.040751 0.017982
0 0.186513 0.487891 0.037217 0.019125
0 0.469660 0.509784 0.031643 0.022027
1 0.524239 0.579492 0.027264 0.022578
3 0.410374 0.487686 0.035169 0.016783
1 0.166208 0.517808 0.028542 0.018601
0 0.290568 0.474847 0.031034 0.015134
1 0.496199 0.568434 0.023497 0.018057
0 0.566496 0.493235 0.024064 0.017251
3 0.261122 0.475651 0.024716 0.015517
0 0.483222 0.472339 0.032236 0.011624
0 0.219846 0.463522 0.028976 0.012403
0 0.498664 0.467046 0.026193 0.011623
0 0.305842 0.460155 0.024476 0.011756
1 0.322117 0.505807 0.015932 0.016284
1 0.293957 0.499822 0.015233 0.011160
