0 0.283260 0.728671 0.316575 0.166203
2 0.248399 0.485025 0.317709 0.132451
2 0.238114 0.419801 0.287410 0.091473
0 0.299785 0.578537 0.186620 0.078334
3 0.531541 0.469864 0.121402 0.091315
0 0.704020 0.531337 0.120615 0.065715
0 0.714785 0.459134 0.090806 0.045613
0 0.969939 0.468536 0.060117 0.065655
0 0.617663 0.443553 0.071787 0.043138
0 0.448856 0.473288 0.054028 0.052289
0 0.529586 0.400810 0.066588 0.034962
0 0.951488 0.402734 0.065616 0.034411
0 0.626786 0.403468 0.066908 0.031235
2 0.621011 0.337809 0.064979 0.031137
0 0.729187 0.396974 0.057752 0.029013
0 0.666684 0.381676 0.049547 0.026330
0 0.976728 0.371866 0.046545 0.025067
1 0.627148 0.497506 0.036021 0.032275
0 0.611493 0.380649 0.039646 0.026758
0 0.513462 0.356814 0.047723 0.020600
0 0.217695 0.355811 0.044718 0.019510
0 0.236524 0.348968 0.045037 0.017786
0 0.304606 0.343516 0.043561 0.017111
0 0.697744 0.355171 0.034917 0.019487
3 0.684598 0.328414 0.026878 0.023710
0 0.749662 0.354466 0.030100 0.021172
1 0.567555 0.416763 0.025584 0.019512
1 0.483157 0.368084 0.017081 0.015266
