2 0.181847 0.671807 0.362641 0.191534
0 0.104821 0.944041 0.207764 0.111230
0 0.824265 0.688512 0.165664 0.060801
1 0.924762 0.882117 0.108267 0.078282
0 0.935511 0.685623 0.128977 0.061322
0 0.791714 0.613047 0.126158 0.044301
3 0.448829 0.601659 0.087504 0.056096
2 0.449030 0.601561 0.087570 0.055990
0 0.617393 0.604744 0.110221 0.043934
1 0.884307 0.767230 0.083906 0.055518
2 0.561072 0.488997 0.083650 0.037801
0 0.605991 0.576028 0.093642 0.028199
0 0.755554 0.551044 0.072668 0.031564
1 0.672639 0.683977 0.054708 0.041232
3 0.501659 0.596727 0.052777 0.041949
0 0.406046 0.530007 0.056742 0.026068
0 0.504768 0.552342 0.046387 0.031608
1 0.647705 0.648171 0.045792 0.028386
0 0.623392 0.520189 0.052043 0.023890
0 0.818934 0.524951 0.057783 0.019674
2 0.643544 0.499139 0.049846 0.022070
0 0.362779 0.514242 0.044089 0.020834
2 0.378272 0.495637 0.034714 0.025031
0 0.420989 0.509798 0.043095 0.019534
0 0.772395 0.515121 0.044399 0.018641
0 0.702908 0.507455 0.046951 0.016031
0 0.310640 0.510985 0.037761 0.019646
3 0.243084 0.484251 0.030213 0.021848
0 0.159040 0.496331 0.033825 0.018918
0 0.282182 0.490515 0.034375 0.017604
0 0.345597 0.503122 0.033817 0.016891
3 0.270939 0.496133 0.027280 0.018040
1 0.165742 0.533949 0.022419 0.018758
0 0.459366 0.481835 0.031150 0.013020
0 0.191270 0.465962 0.027762 0.012748
0 0.291204 0.478285 0.025347 0.013221
1 0.382407 0.551225 0.019734 0.016743
1 0.473396 0.545127 0.019675 0.014608
1 0.345208 0.539977 0.018149 0.015345
1 0.304921 0.524604 0.016240 0.011280
