0 0.851583 0.897062 0.295486 0.204837
0 0.350845 0.901481 0.213123 0.196550
0 0.545539 0.773672 0.191222 0.174659
0 0.789154 0.724215 0.212147 0.126914
2 0.857876 0.518373 0.284249 0.083249
3 0.578864 0.632340 0.122064 0.116213
2 0.805528 0.503717 0.179402 0.052570
3 0.965101 0.709897 0.069708 0.131608
0 0.118743 0.613142 0.125613 0.058127
0 0.820449 0.581001 0.119795 0.045894
0 0.397887 0.574428 0.081099 0.062667
0 0.781673 0.517471 0.136189 0.037147
0 0.882260 0.555656 0.123214 0.040409
1 0.859829 0.714558 0.065645 0.054410
2 0.686063 0.481091 0.095906 0.035289
0 0.772081 0.529736 0.103601 0.032628
0 0.504760 0.566492 0.073016 0.046244
2 0.082478 0.459530 0.094690 0.035044
0 0.096156 0.554187 0.089285 0.034476
1 0.867426 0.716950 0.049409 0.049813
0 0.507053 0.528510 0.058670 0.038822
0 0.632405 0.508210 0.064740 0.027500
3 0.047123 0.520462 0.051065 0.031017
0 0.406036 0.525411 0.049871 0.029663
3 0.105058 0.473523 0.051669 0.027896
0 0.187529 0.508499 0.057868 0.024708
0 0.264766 0.507250 0.046939 0.027930
0 0.534731 0.509044 0.046113 0.023295
0 0.457491 0.502406 0.044259 0.023419
1 0.701180 0.581580 0.032212 0.024345
0 0.392480 0.499809 0.033839 0.023004
1 0.648918 0.589643 0.028872 0.025491
1 0.451440 0.572655 0.027058 0.027148
0 0.448226 0.482075 0.028729 0.016435
0 0.395819 0.482058 0.027889 0.016693
0 0.436401 0.469946 0.028026 0.014997
0 0.566698 0.473340 0.027714 0.012759
0 0.311124 0.461436 0.025194 0.013740
0 0.239030 0.459867 0.025951 0.012606
