0 0.123627 0.935159 0.246174 0.129263
2 0.376716 0.568640 0.164325 0.116137
0 0.753694 0.702391 0.169803 0.071528
2 0.722266 0.501447 0.138226 0.051874
0 0.867811 0.632131 0.133195 0.050812
0 0.603513 0.572057 0.086520 0.035505
0 0.967629 0.580300 0.064471 0.040982
0 0.512594 0.541496 0.080562 0.030560
0 0.636518 0.551453 0.076081 0.030280
1 0.762862 0.649954 0.048917 0.038202
0 0.586146 0.527805 0.068712 0.025691
2 0.349192 0.521991 0.054851 0.029803
1 0.560041 0.660780 0.047934 0.033455
0 0.499286 0.524701 0.064721 0.022848
0 0.855233 0.512872 0.058631 0.019842
0 0.394467 0.499565 0.053854 0.021121
1 0.185709 0.624017 0.038314 0.029385
0 0.588099 0.494422 0.044115 0.019545
0 0.810392 0.502426 0.043332 0.018472
0 0.348762 0.480653 0.039166 0.019955
0 0.371383 0.488017 0.039194 0.018584
0 0.193646 0.484083 0.037682 0.019069
1 0.605756 0.599402 0.034064 0.020793
0 0.409652 0.480344 0.031830 0.016170
0 0.290830 0.469276 0.031761 0.014392
0 0.636380 0.474929 0.030817 0.013270
1 0.505880 0.564612 0.023800 0.016731
3 0.261200 0.468990 0.024653 0.015171
1 0.474734 0.554272 0.021702 0.015033
1 0.322060 0.499921 0.015742 0.011880
