0 0.161472 0.877629 0.322543 0.243159
2 0.242775 0.437843 0.262805 0.112009
0 0.668548 0.663207 0.197236 0.118153
2 0.384094 0.444996 0.219836 0.099271
0 0.480237 0.571743 0.175986 0.084301
3 0.605920 0.429812 0.087823 0.068672
0 0.489960 0.486139 0.112496 0.049588
0 0.734083 0.470517 0.088858 0.046329
0 0.742510 0.424994 0.070351 0.034614
0 0.980406 0.456109 0.038629 0.046247
0 0.580919 0.385661 0.059043 0.028587
2 0.640140 0.338834 0.054094 0.027538
0 0.663324 0.389111 0.056932 0.025983
0 0.661680 0.418322 0.038058 0.033937
0 0.746886 0.382278 0.049740 0.024118
0 0.245142 0.358792 0.058518 0.020121
0 0.520231 0.363207 0.047587 0.020112
0 0.686796 0.374413 0.042736 0.022311
0 0.645787 0.370391 0.033617 0.021548
1 0.680479 0.446679 0.026289 0.022953
0 0.715364 0.351458 0.028461 0.016875
0 0.738684 0.333115 0.028989 0.013328
0 0.992137 0.331133 0.015726 0.013849
