0 0.596578 0.838152 0.301159 0.228354
2 0.242058 0.433570 0.280280 0.111728
2 0.311435 0.465990 0.268832 0.115136
0 0.386728 0.645479 0.237996 0.118432
0 0.397249 0.530329 0.147281 0.063387
3 0.567144 0.448158 0.104402 0.079021
0 0.719597 0.499633 0.105908 0.055594
0 0.727877 0.442180 0.081375 0.040711
0 0.966329 0.420306 0.067342 0.037332
0 0.639175 0.430126 0.056069 0.037208
0 0.987440 0.520840 0.025121 0.077486
0 0.497320 0.449317 0.043451 0.044704
0 0.550795 0.393809 0.059436 0.030950
0 0.644140 0.395688 0.062773 0.029238
2 0.627746 0.337229 0.058350 0.029608
3 0.627746 0.336995 0.057712 0.029727
0 0.736204 0.389257 0.053691 0.027333
0 0.228313 0.356270 0.057364 0.020622
0 0.675778 0.376957 0.047842 0.024230
0 0.516737 0.358924 0.047312 0.019808
0 0.626544 0.376017 0.037068 0.024993
1 0.652964 0.471144 0.032363 0.027074
0 0.246549 0.350666 0.044615 0.016348
0 0.987375 0.383785 0.025250 0.027761
0 0.705570 0.352597 0.031504 0.018638
1 0.591008 0.402807 0.025670 0.015769
