3 0.221500 0.802435 0.389821 0.282150
2 0.251280 0.438862 0.269840 0.111344
2 0.412123 0.438501 0.200314 0.089429
0 0.688353 0.616383 0.169575 0.096535
0 0.512134 0.546912 0.157180 0.075313
3 0.619181 0.423769 0.080941 0.065679
0 0.522156 0.471376 0.100038 0.045408
0 0.739604 0.460439 0.082967 0.043052
0 0.748012 0.418612 0.065472 0.032965
0 0.947090 0.395537 0.040907 0.034193
2 0.644840 0.339163 0.050522 0.026976
0 0.671197 0.386465 0.053706 0.024305
0 0.589925 0.382512 0.049173 0.026258
0 0.254690 0.360017 0.058140 0.020037
0 0.989043 0.477233 0.021913 0.050844
0 0.751581 0.379636 0.045969 0.022597
0 0.565492 0.419409 0.031404 0.032185
0 0.523215 0.364656 0.046839 0.019963
0 0.668933 0.414434 0.028761 0.031211
0 0.691608 0.372229 0.039657 0.021567
1 0.691792 0.438242 0.023991 0.020956
0 0.720702 0.350872 0.026946 0.016376
