2 0.197285 0.663691 0.394569 0.195946
0 0.103406 0.943869 0.204774 0.111596
0 0.759263 0.663208 0.144759 0.054678
0 0.870114 0.656911 0.144163 0.053721
1 0.818999 0.827150 0.086058 0.061792
0 0.737562 0.596851 0.111980 0.040669
0 0.584699 0.593935 0.103876 0.042524
2 0.418002 0.586938 0.074472 0.050369
2 0.574741 0.493126 0.088984 0.040715
1 0.797440 0.723685 0.067481 0.048955
0 0.810972 0.564246 0.082016 0.035407
0 0.576515 0.567869 0.088466 0.026724
2 0.472131 0.585007 0.046846 0.039177
3 0.781965 0.531605 0.051785 0.029627
1 0.616944 0.656988 0.044712 0.032814
0 0.652417 0.527663 0.057502 0.025072
0 0.399267 0.525881 0.052848 0.024113
2 0.484668 0.543856 0.041879 0.029442
3 0.484905 0.543822 0.041696 0.029396
0 0.820652 0.525101 0.049934 0.019162
0 0.355601 0.512205 0.044462 0.020137
0 0.771370 0.514091 0.048712 0.016436
2 0.368906 0.492770 0.033360 0.022788
0 0.411481 0.506957 0.039977 0.018897
0 0.307008 0.507807 0.037960 0.019487
0 0.700968 0.507536 0.045844 0.015816
0 0.157151 0.496190 0.032216 0.018398
3 0.239318 0.482205 0.027050 0.020813
0 0.340069 0.499994 0.033117 0.016255
0 0.277149 0.488912 0.030896 0.016542
0 0.468220 0.484711 0.034566 0.014169
0 0.214364 0.476988 0.031548 0.015051
0 0.262877 0.493195 0.026133 0.017769
0 0.629047 0.504150 0.025861 0.013914
1 0.159796 0.533377 0.021816 0.016324
0 0.322801 0.474644 0.027801 0.011639
1 0.373422 0.544724 0.018943 0.015865
1 0.270658 0.511555 0.018093 0.016278
0 0.275734 0.463477 0.021326 0.011132
1 0.331511 0.535608 0.016959 0.012224
1 0.294053 0.520908 0.016754 0.011793
0 0.256589 0.457106 0.016049 0.009056
