0 0.124288 0.934611 0.247531 0.130369
2 0.382468 0.561309 0.143715 0.109568
0 0.720122 0.682424 0.152456 0.065429
2 0.742418 0.503324 0.144119 0.053221
0 0.834228 0.618467 0.124777 0.046862
0 0.592510 0.565537 0.082058 0.034032
0 0.506299 0.536852 0.070971 0.031033
0 0.619540 0.543835 0.072121 0.028533
2 0.342478 0.517848 0.050732 0.032711
0 0.573449 0.522117 0.065864 0.024967
1 0.736838 0.636997 0.046793 0.032095
0 0.490621 0.520680 0.063225 0.021913
1 0.539134 0.649259 0.043771 0.031011
0 0.856634 0.511086 0.059791 0.019442
1 0.211137 0.611820 0.035094 0.029324
0 0.601759 0.495532 0.047612 0.019026
0 0.398550 0.496780 0.040985 0.020637
0 0.349129 0.477997 0.036234 0.020621
0 0.009880 0.726685 0.019735 0.037343
0 0.195507 0.483519 0.037322 0.019520
0 0.369973 0.485821 0.037017 0.017652
1 0.592347 0.591799 0.029704 0.020291
0 0.406860 0.477738 0.031793 0.015686
0 0.637924 0.473837 0.031519 0.013456
0 0.289856 0.466836 0.030226 0.013901
0 0.511384 0.472540 0.033585 0.012155
1 0.496521 0.557568 0.023593 0.015430
0 0.822634 0.502747 0.023153 0.015715
1 0.320609 0.493430 0.014625 0.016668
1 0.298069 0.487898 0.012780 0.011889
