0 0.659571 0.761707 0.190387 0.164286
3 0.812534 0.691143 0.183118 0.136821
0 0.384491 0.718060 0.146603 0.132373
2 0.880834 0.513646 0.238331 0.073786
0 0.084088 0.672049 0.168176 0.092563
2 0.854062 0.506829 0.184682 0.060752
0 0.067010 0.589532 0.132683 0.055090
3 0.617977 0.558698 0.091058 0.073639
0 0.534048 0.592723 0.094660 0.067446
3 0.617977 0.516917 0.092431 0.052691
0 0.419226 0.582914 0.081952 0.056310
3 0.797285 0.589875 0.078397 0.046619
2 0.726000 0.477338 0.095362 0.037885
3 0.266568 0.519833 0.067559 0.050913
0 0.462573 0.526843 0.068028 0.044865
2 0.136192 0.435016 0.089446 0.033516
0 0.890225 0.553980 0.075784 0.035029
3 0.607528 0.483290 0.076096 0.033791
0 0.163946 0.516584 0.080918 0.031397
2 0.607721 0.483041 0.075769 0.033439
1 0.868136 0.652724 0.052178 0.039647
0 0.170772 0.483802 0.061358 0.021968
0 0.497984 0.499160 0.048068 0.026708
0 0.309927 0.481425 0.047192 0.025070
3 0.981824 0.562390 0.036353 0.030122
0 0.246729 0.481758 0.047164 0.022917
0 0.444906 0.481932 0.037528 0.023161
0 0.418927 0.493323 0.037010 0.023172
0 0.533606 0.487269 0.038311 0.022107
0 0.043187 0.454823 0.036320 0.018867
0 0.433597 0.458437 0.032061 0.019923
0 0.337674 0.458117 0.034884 0.015878
1 0.690596 0.548549 0.024625 0.021304
0 0.558322 0.467027 0.029932 0.014473
0 0.050702 0.472822 0.021656 0.016261
