0 0.639695 0.732321 0.238282 0.156357
2 0.245337 0.435497 0.278230 0.112356
2 0.350854 0.455161 0.243303 0.105616
0 0.439982 0.603665 0.200812 0.098306
0 0.449062 0.505391 0.127415 0.055377
3 0.588870 0.437622 0.094794 0.073111
0 0.728498 0.483353 0.096787 0.050818
0 0.735892 0.432527 0.076952 0.037670
0 0.973105 0.436278 0.053708 0.041851
0 0.567497 0.388753 0.059090 0.029708
2 0.633340 0.337526 0.057101 0.029241
0 0.654456 0.391584 0.058729 0.026207
0 0.524977 0.435978 0.038310 0.040097
0 0.652585 0.423049 0.044554 0.034331
0 0.742172 0.385055 0.052175 0.025425
0 0.236210 0.357130 0.059199 0.018588
0 0.683290 0.375526 0.043549 0.023872
0 0.519774 0.360912 0.047683 0.020380
0 0.636755 0.372427 0.034531 0.023431
1 0.668172 0.457657 0.030037 0.026005
0 0.758808 0.350202 0.026583 0.019895
0 0.711400 0.351442 0.028802 0.017207
