2 0.171584 0.675888 0.342251 0.187795
2 0.107183 0.944180 0.213635 0.110818
0 0.868365 0.705044 0.179279 0.065020
0 0.826473 0.623489 0.132805 0.047075
1 0.940622 0.795554 0.098913 0.061709
3 0.471499 0.611177 0.093027 0.057910
0 0.640028 0.612076 0.117650 0.045582
0 0.959767 0.703771 0.080380 0.066062
1 0.970133 0.915379 0.059469 0.068629
0 0.625488 0.580921 0.098306 0.029098
1 0.711256 0.702382 0.060999 0.044640
0 0.518973 0.603396 0.060522 0.042848
2 0.567443 0.489140 0.060722 0.033757
0 0.731276 0.545300 0.068848 0.029393
1 0.683013 0.659257 0.046180 0.033464
0 0.519172 0.557997 0.047256 0.032453
0 0.415426 0.532284 0.054419 0.026135
3 0.740111 0.522477 0.048283 0.028873
0 0.610977 0.517382 0.049570 0.023031
0 0.822604 0.525177 0.058139 0.019436
0 0.367254 0.515893 0.046527 0.021028
2 0.386319 0.497158 0.034961 0.025645
0 0.428503 0.511996 0.043535 0.020308
0 0.777282 0.515004 0.044005 0.018726
0 0.162248 0.496891 0.035177 0.018776
0 0.286690 0.491947 0.035557 0.018059
0 0.702562 0.507237 0.039953 0.015374
3 0.245907 0.486278 0.028385 0.021595
0 0.350720 0.505118 0.035930 0.016253
1 0.170748 0.534598 0.023360 0.019375
0 0.455871 0.481108 0.033091 0.013278
1 0.388010 0.552315 0.021413 0.020197
1 0.388151 0.554987 0.019710 0.016749
1 0.284255 0.516347 0.016888 0.018472
1 0.483201 0.548965 0.019768 0.014819
0 0.284671 0.466366 0.022703 0.011360
1 0.355424 0.543927 0.018113 0.013747
1 0.313457 0.525814 0.017647 0.013030
