2 0.199123 0.661811 0.398247 0.194438
0 0.103490 0.943838 0.204903 0.111664
0 0.754089 0.661106 0.142901 0.054344
0 0.863092 0.654590 0.141502 0.053349
1 0.811540 0.821312 0.083373 0.063102
0 0.732806 0.595543 0.110791 0.040168
0 0.582056 0.592783 0.101516 0.042015
2 0.415349 0.585704 0.074028 0.050422
2 0.575344 0.493115 0.089331 0.040512
1 0.787549 0.720907 0.064772 0.046993
0 0.816831 0.565638 0.084639 0.034494
0 0.574012 0.566794 0.087607 0.026246
3 0.785155 0.532140 0.053403 0.029696
0 0.655165 0.527972 0.056348 0.024970
1 0.613183 0.654579 0.042378 0.032808
0 0.398941 0.525613 0.050198 0.024062
0 0.484023 0.542959 0.041274 0.028625
0 0.820234 0.525005 0.051082 0.019005
0 0.355627 0.512010 0.044552 0.020100
0 0.771204 0.514362 0.048278 0.016823
0 0.410867 0.506815 0.039716 0.019079
2 0.368592 0.492704 0.033177 0.022410
0 0.701106 0.507570 0.046539 0.015949
0 0.307176 0.507353 0.037394 0.019038
0 0.157257 0.496102 0.032176 0.018509
3 0.239418 0.481682 0.026979 0.020852
0 0.339864 0.499773 0.032014 0.016889
0 0.277219 0.488833 0.030988 0.016546
0 0.214085 0.475902 0.031044 0.016279
0 0.262375 0.493005 0.026221 0.017942
0 0.469385 0.484853 0.033414 0.013491
0 0.288810 0.475426 0.028044 0.014335
0 0.630942 0.504323 0.026084 0.014619
1 0.159546 0.533418 0.021672 0.015979
1 0.270313 0.511649 0.018268 0.015855
1 0.373325 0.544488 0.018737 0.015422
1 0.330476 0.533967 0.017157 0.014963
0 0.275683 0.463249 0.021383 0.011340
1 0.293053 0.520424 0.016419 0.011940
0 0.256438 0.457043 0.016174 0.009055
