0 0.532230 0.843696 0.302531 0.206788
3 0.315707 0.560889 0.231678 0.125335
2 0.314027 0.443542 0.256281 0.107056
2 0.565472 0.553312 0.157918 0.123717
3 0.565587 0.553225 0.157763 0.123471
2 0.542858 0.416583 0.140720 0.068776
0 0.781775 0.502606 0.110706 0.056028
0 0.654348 0.471712 0.102916 0.049185
3 0.708498 0.404775 0.067189 0.052512
0 0.652001 0.433135 0.072679 0.033201
0 0.801464 0.430265 0.065779 0.033572
0 0.813380 0.399175 0.052987 0.026368
2 0.710569 0.342992 0.047760 0.025423
3 0.710704 0.342933 0.047211 0.024999
0 0.572799 0.372874 0.048267 0.019484
0 0.327883 0.364984 0.052457 0.016688
0 0.744404 0.381387 0.041972 0.019882
0 0.814216 0.372053 0.040068 0.019400
0 0.279840 0.367973 0.037019 0.018208
0 0.319779 0.365871 0.036465 0.015692
0 0.400197 0.356911 0.038806 0.014244
0 0.782587 0.351141 0.026343 0.014850
