3 0.238772 0.788860 0.373487 0.272816
2 0.250330 0.438979 0.267114 0.111206
2 0.415121 0.437608 0.198612 0.088979
0 0.690307 0.611555 0.166322 0.094550
0 0.515728 0.543901 0.154540 0.073976
3 0.620641 0.422616 0.079563 0.065082
0 0.525379 0.469975 0.097904 0.045268
0 0.740362 0.459423 0.082437 0.042587
0 0.748754 0.417889 0.065594 0.032623
0 0.948740 0.396707 0.043023 0.034061
2 0.645552 0.339259 0.050498 0.027039
0 0.672174 0.386243 0.052846 0.024528
0 0.591536 0.382091 0.049109 0.025703
0 0.256236 0.359861 0.058239 0.019649
0 0.752324 0.379313 0.045439 0.022548
0 0.567141 0.418491 0.031866 0.031935
0 0.990439 0.480724 0.019123 0.051678
0 0.523570 0.364660 0.047612 0.020282
0 0.692790 0.372219 0.041394 0.021841
0 0.669469 0.414296 0.026001 0.031231
0 0.656862 0.367838 0.032455 0.019785
1 0.692890 0.437138 0.024521 0.021153
0 0.720909 0.350777 0.027429 0.015979
