0 0.707167 0.870937 0.330463 0.257722
3 0.798174 0.579587 0.226607 0.131281
3 0.933959 0.737331 0.132081 0.180675
0 0.594297 0.611758 0.127618 0.081723
0 0.133142 0.596877 0.143578 0.066810
2 0.818577 0.480046 0.180682 0.052900
0 0.384391 0.607899 0.090219 0.070560
0 0.621884 0.565874 0.096308 0.055270
0 0.518829 0.527851 0.075364 0.064910
0 0.452264 0.557697 0.082346 0.055969
2 0.699615 0.459616 0.098407 0.038615
2 0.093229 0.434545 0.092966 0.034433
3 0.958104 0.532070 0.081585 0.037273
2 0.958144 0.532107 0.081187 0.037244
0 0.661432 0.503208 0.068478 0.027309
0 0.401768 0.493669 0.051172 0.035106
0 0.478792 0.499720 0.046934 0.031222
0 0.204549 0.487938 0.053917 0.026827
0 0.628064 0.477011 0.055798 0.023876
0 0.487454 0.480210 0.042992 0.030714
0 0.562247 0.466730 0.041516 0.022638
0 0.408685 0.474741 0.039858 0.021187
0 0.286490 0.462247 0.038983 0.021631
0 0.194518 0.456395 0.042302 0.017462
0 0.454697 0.461808 0.034046 0.017122
0 0.502905 0.459947 0.033097 0.017268
0 0.245032 0.440481 0.031533 0.013347
0 0.320558 0.446032 0.028653 0.013453
0 0.578073 0.450264 0.027488 0.013026
0 0.006195 0.612981 0.011919 0.029885
