3 0.721031 0.885897 0.324088 0.226911
3 0.819993 0.590348 0.242114 0.140487
2 0.864544 0.491389 0.270912 0.074747
3 0.952916 0.749064 0.093632 0.160212
0 0.608952 0.625492 0.135999 0.088849
2 0.821857 0.480097 0.180946 0.049623
0 0.157259 0.580831 0.125610 0.058789
0 0.386509 0.621206 0.094091 0.076248
0 0.632386 0.573524 0.102172 0.056723
2 0.948185 0.502700 0.103448 0.055114
0 0.458815 0.566257 0.086485 0.059670
3 0.523155 0.533747 0.076705 0.066753
2 0.699067 0.462588 0.095080 0.042524
2 0.095755 0.436383 0.093416 0.033389
0 0.025441 0.600958 0.050492 0.046635
0 0.675673 0.508406 0.071597 0.027951
0 0.402931 0.498696 0.053141 0.032967
2 0.973372 0.535311 0.053256 0.032321
0 0.483339 0.503967 0.048950 0.031214
0 0.637180 0.480267 0.059460 0.024921
0 0.490994 0.482323 0.044031 0.029306
0 0.215362 0.483249 0.051332 0.023244
0 0.568195 0.469286 0.042420 0.022656
0 0.412861 0.478170 0.038587 0.021424
0 0.294181 0.460792 0.034156 0.020590
0 0.457096 0.464842 0.035347 0.018461
0 0.203181 0.456859 0.040261 0.014505
0 0.507487 0.463184 0.031959 0.017552
1 0.112977 0.512945 0.024840 0.020106
0 0.579485 0.451744 0.029358 0.013763
0 0.250435 0.441315 0.028029 0.013961
0 0.324218 0.445889 0.027629 0.012771
1 0.574074 0.508697 0.018463 0.015965
