2 0.215188 0.640199 0.427339 0.171503
0 0.104622 0.943199 0.207212 0.112838
0 0.707804 0.639596 0.127690 0.050399
0 0.797554 0.629793 0.123529 0.046259
2 0.595010 0.495411 0.096138 0.041801
1 0.741452 0.780250 0.070542 0.056230
0 0.892636 0.580751 0.097422 0.039195
0 0.560688 0.582832 0.095294 0.038254
0 0.691870 0.581571 0.099575 0.036590
0 0.977325 0.896269 0.044541 0.067288
1 0.743322 0.788476 0.067120 0.039163
3 0.823308 0.535265 0.060027 0.040049
1 0.730124 0.687050 0.055750 0.042244
0 0.551606 0.559626 0.086448 0.025737
0 0.696195 0.536217 0.062362 0.027687
0 0.394587 0.522185 0.048339 0.023273
1 0.578272 0.633446 0.038947 0.027563
0 0.473907 0.535389 0.039256 0.026772
0 0.356229 0.509403 0.043897 0.019638
0 0.774401 0.514899 0.046057 0.018358
0 0.406357 0.503577 0.039142 0.018876
2 0.364480 0.489910 0.032447 0.022583
0 0.706322 0.507391 0.044681 0.015809
0 0.161895 0.495644 0.034070 0.018609
0 0.311628 0.505105 0.034787 0.017245
3 0.244730 0.479412 0.028891 0.019530
0 0.486270 0.487818 0.035036 0.015309
0 0.340678 0.497212 0.031702 0.014985
0 0.211858 0.474864 0.032346 0.014348
0 0.278499 0.487508 0.029171 0.015823
1 0.371345 0.535816 0.019267 0.019091
1 0.323170 0.526361 0.017743 0.017685
1 0.160842 0.531847 0.019672 0.014300
1 0.371084 0.538659 0.018571 0.014600
0 0.433291 0.475603 0.023888 0.009189
1 0.323476 0.530284 0.016237 0.010752
1 0.288312 0.517908 0.015655 0.010410
