2 0.325408 0.601505 0.271816 0.144691
0 0.116236 0.939860 0.232471 0.119790
0 0.885600 0.794131 0.228801 0.097058
0 0.957682 0.690511 0.084555 0.063704
2 0.656784 0.498371 0.112276 0.047752
0 0.644479 0.602255 0.101535 0.041562
0 0.700900 0.585578 0.095394 0.036437
1 0.866624 0.706611 0.065711 0.051599
0 0.535236 0.561689 0.083299 0.033355
3 0.935824 0.550489 0.069626 0.039838
0 0.818249 0.555097 0.082017 0.033765
1 0.038949 0.674714 0.064627 0.040028
0 0.631652 0.552904 0.082030 0.030415
1 0.641728 0.713444 0.059068 0.040525
0 0.524982 0.541851 0.073730 0.023231
1 0.646022 0.717733 0.049532 0.031790
0 0.840563 0.519857 0.058631 0.019630
0 0.396148 0.511269 0.050106 0.022402
1 0.657929 0.637668 0.033730 0.025630
0 0.793600 0.509806 0.045744 0.018140
0 0.365502 0.500726 0.040502 0.018255
2 0.367103 0.478161 0.030026 0.024496
0 0.469558 0.518587 0.033460 0.021475
0 0.180494 0.490970 0.035177 0.019553
0 0.409345 0.493061 0.036302 0.017452
1 0.536933 0.595312 0.027271 0.020194
0 0.329711 0.495763 0.032366 0.016269
0 0.287473 0.479445 0.030201 0.016203
0 0.470349 0.475001 0.027303 0.013959
0 0.302427 0.462980 0.025637 0.014650
0 0.218210 0.468572 0.030274 0.011451
0 0.736804 0.504486 0.022540 0.011204
1 0.321662 0.513133 0.015777 0.015195
1 0.291621 0.506120 0.015399 0.010914
