0 0.124585 0.934740 0.248144 0.130103
2 0.383874 0.553949 0.120627 0.101237
3 0.383916 0.554113 0.119836 0.101152
2 0.766392 0.509311 0.153462 0.058403
0 0.681298 0.660505 0.139572 0.059632
0 0.062437 0.707499 0.124760 0.062797
0 0.961936 0.753376 0.075680 0.071566
0 0.793186 0.604978 0.115040 0.043770
0 0.576330 0.558796 0.078760 0.032433
0 0.976183 0.690594 0.047038 0.044871
0 0.496238 0.532768 0.067401 0.030865
0 0.597356 0.536880 0.066728 0.027579
0 0.555370 0.517134 0.062236 0.023306
2 0.334040 0.514128 0.045281 0.031406
1 0.706922 0.622184 0.042953 0.032076
0 0.477573 0.518126 0.061209 0.022487
0 0.620814 0.500795 0.050633 0.020398
0 0.863816 0.511071 0.044739 0.019031
0 0.454570 0.492328 0.040962 0.020476
0 0.394229 0.494582 0.041012 0.020117
1 0.233903 0.600599 0.030316 0.026700
1 0.514976 0.639363 0.034063 0.023219
0 0.346590 0.476733 0.033403 0.020951
0 0.366263 0.484159 0.038692 0.017597
0 0.196063 0.483399 0.035455 0.018655
1 0.575242 0.582412 0.025863 0.018409
0 0.402311 0.475972 0.031081 0.015283
1 0.479939 0.548600 0.023724 0.019449
0 0.638313 0.474785 0.030300 0.015189
0 0.520804 0.475092 0.034219 0.013284
0 0.285106 0.465881 0.032091 0.014111
0 0.530315 0.467205 0.030063 0.013082
0 0.482548 0.466464 0.027751 0.013698
3 0.254836 0.465562 0.024027 0.014818
0 0.214176 0.455899 0.023469 0.010056
1 0.316432 0.492290 0.014266 0.015578
