2 0.157013 0.680021 0.313208 0.179468
0 0.109466 0.944351 0.217886 0.110731
0 0.912606 0.725724 0.174637 0.070803
0 0.868355 0.635736 0.144870 0.050159
3 0.498859 0.622299 0.099305 0.061852
0 0.668486 0.621711 0.125578 0.048761
1 0.762463 0.726089 0.070100 0.047743
0 0.648886 0.587489 0.102593 0.031516
3 0.539389 0.611928 0.067682 0.046163
2 0.551777 0.487010 0.079231 0.036580
0 0.534810 0.564564 0.053683 0.033969
0 0.709464 0.539936 0.063463 0.028608
1 0.721793 0.675605 0.050260 0.035913
2 0.564781 0.488377 0.052932 0.031819
0 0.423443 0.535235 0.056969 0.026608
1 0.986186 0.819773 0.027267 0.049712
3 0.727969 0.519930 0.045872 0.026880
0 0.826583 0.525321 0.058303 0.019324
0 0.374132 0.517816 0.047365 0.022060
0 0.599834 0.513582 0.044625 0.022246
0 0.437926 0.514371 0.044267 0.021091
3 0.395169 0.498662 0.036138 0.025803
0 0.779863 0.515467 0.045424 0.018470
0 0.291906 0.493614 0.038868 0.018050
0 0.357223 0.506461 0.036540 0.017429
0 0.168345 0.497511 0.031831 0.019219
0 0.705584 0.507188 0.036224 0.014548
3 0.250796 0.490292 0.028957 0.017330
1 0.178745 0.536098 0.022735 0.019168
0 0.454410 0.480651 0.031912 0.013521
0 0.340001 0.481626 0.028612 0.014331
1 0.395451 0.558750 0.019712 0.019135
0 0.300514 0.480899 0.026060 0.013683
1 0.495565 0.553199 0.020585 0.016926
1 0.321904 0.525213 0.016658 0.018057
1 0.366572 0.547510 0.019330 0.015335
0 0.290571 0.467991 0.023306 0.011056
1 0.322596 0.528669 0.016608 0.012824
1 0.292283 0.523707 0.017533 0.010456
