3 0.311080 0.730182 0.312759 0.233251
2 0.253889 0.440002 0.267815 0.111393
2 0.431738 0.434182 0.188586 0.084976
0 0.700331 0.588881 0.155191 0.086631
3 0.053365 0.733532 0.105827 0.105495
0 0.533329 0.530725 0.144858 0.069031
3 0.628546 0.419882 0.078097 0.062665
0 0.542640 0.462579 0.093378 0.042401
0 0.744002 0.454352 0.078230 0.041437
0 0.753180 0.414986 0.064779 0.031605
0 0.953273 0.403329 0.052688 0.035811
0 0.959318 0.366287 0.047047 0.029642
0 0.600527 0.381246 0.051023 0.026370
2 0.649469 0.339986 0.050107 0.026420
0 0.677899 0.384931 0.052411 0.023301
0 0.261407 0.360809 0.056564 0.019089
0 0.755151 0.378375 0.045085 0.022924
0 0.577367 0.414978 0.030696 0.030113
0 0.525544 0.366212 0.047057 0.019546
0 0.675150 0.411592 0.027384 0.031050
0 0.696684 0.372660 0.038577 0.020991
0 0.661527 0.368618 0.032770 0.022118
1 0.700573 0.433091 0.024135 0.020440
0 0.724047 0.351058 0.026072 0.016165
0 0.767665 0.349353 0.023511 0.017024
