0 0.124570 0.934662 0.248030 0.130272
3 0.381765 0.562091 0.146803 0.110931
2 0.381722 0.562036 0.146846 0.110832
0 0.724492 0.684753 0.153669 0.066325
2 0.739161 0.503445 0.143346 0.054265
0 0.839095 0.620609 0.125755 0.047550
0 0.593993 0.566398 0.082070 0.034308
0 0.506246 0.536921 0.072736 0.032241
0 0.621876 0.544802 0.071990 0.028498
2 0.344460 0.519012 0.052441 0.032626
0 0.575478 0.523014 0.065940 0.025034
1 0.741073 0.638762 0.045167 0.035214
0 0.491776 0.521307 0.062225 0.022349
1 0.541365 0.651074 0.043766 0.030345
0 0.856403 0.511260 0.059750 0.019720
1 0.207858 0.613386 0.036056 0.029814
1 0.545588 0.653270 0.036307 0.025855
0 0.599258 0.495279 0.048238 0.019009
0 0.398977 0.496747 0.040844 0.021401
0 0.196379 0.483504 0.035459 0.019471
2 0.366817 0.462195 0.026025 0.025952
0 0.370491 0.486110 0.037102 0.017690
1 0.593738 0.592215 0.029339 0.021266
0 0.991157 0.584108 0.017687 0.028762
0 0.407154 0.478050 0.031824 0.015633
0 0.346198 0.481423 0.031489 0.014973
0 0.820470 0.502327 0.027094 0.016744
1 0.498772 0.558176 0.025439 0.017024
0 0.637474 0.473979 0.031185 0.013215
0 0.510309 0.471997 0.033503 0.012131
0 0.291121 0.467335 0.028518 0.013677
0 0.258988 0.467156 0.023282 0.015023
1 0.321073 0.494370 0.014885 0.016510
1 0.298207 0.488434 0.013072 0.011849
