0 0.689188 0.834312 0.239662 0.224169
3 0.884131 0.750295 0.231187 0.177330
0 0.356910 0.769654 0.176248 0.172711
2 0.835953 0.497727 0.184777 0.057578
0 0.532806 0.610723 0.106545 0.078998
3 0.621836 0.565797 0.100377 0.080935
0 0.161183 0.584576 0.124107 0.054194
0 0.400899 0.594665 0.091694 0.064643
3 0.617692 0.516440 0.100703 0.056512
0 0.816466 0.606362 0.089397 0.059420
0 0.121350 0.540362 0.104345 0.043257
2 0.710648 0.471930 0.094573 0.042739
0 0.457404 0.529852 0.075009 0.049870
2 0.603729 0.482219 0.082367 0.040594
3 0.603411 0.481822 0.081777 0.040187
2 0.118222 0.424320 0.092484 0.031790
0 0.919177 0.554655 0.080301 0.036360
0 0.028892 0.529292 0.057409 0.043920
0 0.837869 0.522467 0.070452 0.027280
0 0.182386 0.490865 0.067322 0.027099
0 0.487563 0.496398 0.052333 0.029961
0 0.479906 0.473768 0.040771 0.030764
0 0.402393 0.489973 0.040058 0.026377
0 0.184224 0.463726 0.052051 0.019399
0 0.431553 0.477514 0.039974 0.024857
0 0.525269 0.483813 0.040249 0.024034
0 0.245314 0.463544 0.035499 0.020487
0 0.311887 0.461700 0.034635 0.020548
1 0.707231 0.558861 0.027865 0.024406
0 0.417092 0.452682 0.034233 0.019544
0 0.330468 0.443118 0.032238 0.014917
0 0.550245 0.461275 0.029863 0.015188
