2 0.143470 0.686367 0.286378 0.173978
0 0.111157 0.944501 0.222315 0.110361
0 0.932872 0.743849 0.134257 0.075842
0 0.904187 0.646249 0.154421 0.052722
0 0.694218 0.630369 0.131578 0.051334
3 0.522027 0.631717 0.103732 0.064976
1 0.805245 0.742181 0.078190 0.061585
0 0.664172 0.593472 0.114101 0.034498
3 0.563625 0.619007 0.073030 0.047790
2 0.549935 0.486788 0.076480 0.036681
1 0.754784 0.689272 0.054268 0.038278
3 0.550823 0.570769 0.055500 0.035447
0 0.694055 0.535709 0.060824 0.026899
0 0.430338 0.537802 0.058362 0.027704
2 0.979883 0.576322 0.040233 0.030192
0 0.379597 0.519808 0.049883 0.022489
0 0.830294 0.525930 0.057959 0.019242
0 0.444997 0.516190 0.044470 0.021005
0 0.593206 0.511546 0.043817 0.021236
3 0.402650 0.501291 0.036032 0.025458
0 0.783301 0.515951 0.044894 0.018281
0 0.170654 0.497959 0.035500 0.019595
0 0.362845 0.508078 0.037935 0.017812
3 0.254570 0.490075 0.030342 0.020678
0 0.299084 0.494737 0.034734 0.017931
0 0.449594 0.480450 0.038055 0.014344
1 0.401263 0.563372 0.021154 0.018836
1 0.183670 0.537753 0.022442 0.017425
1 0.506677 0.557669 0.021690 0.016813
0 0.294601 0.469065 0.023926 0.011595
1 0.376222 0.551642 0.017697 0.014765
1 0.329051 0.531239 0.017250 0.011367
