0 0.859185 0.907945 0.281500 0.183229
0 0.551989 0.797167 0.205459 0.191844
0 0.343806 0.912332 0.224063 0.174645
0 0.799120 0.735581 0.222210 0.133541
2 0.855167 0.518847 0.289666 0.083460
3 0.578441 0.639502 0.127082 0.121356
2 0.800083 0.503803 0.180167 0.051357
2 0.937900 0.528751 0.122745 0.064464
0 0.123951 0.605218 0.118521 0.054547
0 0.823030 0.584480 0.119648 0.047036
0 0.392884 0.579082 0.084005 0.063492
0 0.869265 0.555417 0.121209 0.040030
0 0.772794 0.516109 0.137563 0.032822
0 0.501849 0.570494 0.075318 0.047983
0 0.774772 0.532127 0.098059 0.034905
2 0.679560 0.482171 0.092465 0.036051
2 0.074675 0.460738 0.094404 0.033156
0 0.102685 0.548991 0.080948 0.032568
0 0.504080 0.531555 0.060900 0.041251
0 0.632688 0.509771 0.065800 0.027964
0 0.251838 0.506141 0.063612 0.026139
0 0.400631 0.528078 0.050807 0.031132
3 0.104113 0.472830 0.049758 0.028503
0 0.186352 0.506104 0.055027 0.024263
0 0.532535 0.511820 0.047470 0.024098
0 0.452343 0.504578 0.045154 0.023412
1 0.708852 0.588292 0.034746 0.025422
0 0.386634 0.500658 0.035240 0.024892
1 0.650321 0.594965 0.030100 0.025676
1 0.447092 0.578184 0.026455 0.027462
0 0.443449 0.482800 0.029131 0.016024
0 0.390300 0.483355 0.027338 0.016287
0 0.430965 0.471574 0.027441 0.014904
0 0.560773 0.474150 0.028276 0.013342
0 0.306026 0.461468 0.024323 0.013753
0 0.235157 0.460490 0.027389 0.012120
0 0.269953 0.469674 0.023886 0.013660
