0 0.667540 0.783113 0.205563 0.180549
3 0.835217 0.709420 0.198174 0.150007
0 0.373818 0.734183 0.157764 0.144225
0 0.110525 0.634685 0.163231 0.075478
2 0.847334 0.503211 0.183850 0.058576
3 0.619039 0.561194 0.094769 0.076661
0 0.533068 0.598414 0.099239 0.071055
0 0.086974 0.569564 0.124424 0.050612
3 0.616667 0.516245 0.094432 0.054388
0 0.411714 0.586782 0.086605 0.059241
3 0.802345 0.595116 0.081927 0.050982
2 0.720071 0.477019 0.095962 0.042006
0 0.460808 0.527574 0.070765 0.046760
2 0.129136 0.431176 0.092949 0.032772
3 0.266898 0.509289 0.061015 0.047888
2 0.606301 0.482735 0.078641 0.035352
0 0.899524 0.554193 0.075348 0.035298
0 0.171296 0.506100 0.074929 0.029963
0 0.847585 0.526458 0.074281 0.026786
0 0.493826 0.498194 0.048027 0.027433
0 0.175948 0.476103 0.057780 0.021231
0 0.308847 0.474048 0.046307 0.023375
0 0.247446 0.475090 0.045047 0.022192
0 0.440191 0.480373 0.038579 0.024481
0 0.412164 0.491540 0.037603 0.024693
0 0.530887 0.485801 0.038473 0.022545
0 0.485581 0.480910 0.036200 0.020189
0 0.426964 0.456173 0.033315 0.019154
1 0.695613 0.551503 0.025927 0.021708
0 0.334587 0.452199 0.034731 0.014907
0 0.555127 0.464993 0.028921 0.014285
0 0.008422 0.550217 0.016376 0.025052
0 0.492866 0.441539 0.018056 0.009536
