3 0.123836 0.679213 0.246814 0.201917
3 0.421919 0.648100 0.235723 0.180074
2 0.421845 0.648411 0.235737 0.179968
2 0.274052 0.441742 0.270372 0.110721
2 0.469572 0.426551 0.169651 0.077207
0 0.726515 0.552484 0.135482 0.072779
0 0.574975 0.507147 0.127357 0.061384
3 0.652955 0.413710 0.073471 0.058513
0 0.581971 0.450643 0.083758 0.039149
0 0.760261 0.446011 0.073104 0.037262
0 0.972465 0.416007 0.055070 0.037969
0 0.771219 0.409239 0.061801 0.029275
2 0.666981 0.341312 0.049807 0.026092
3 0.667110 0.341211 0.049592 0.025894
0 0.980502 0.371168 0.038996 0.030351
0 0.697851 0.384500 0.046856 0.021679
0 0.624602 0.376871 0.046272 0.021329
0 0.282117 0.361632 0.055150 0.017390
1 0.076798 0.429139 0.038592 0.024383
0 0.772509 0.376310 0.043349 0.021547
0 0.539177 0.368591 0.047485 0.019423
0 0.713366 0.371288 0.037803 0.020362
0 0.357347 0.352575 0.041981 0.014886
1 0.723252 0.426723 0.023071 0.019929
0 0.740714 0.351372 0.025913 0.015783
0 0.761984 0.335430 0.027044 0.011677
