2 0.307729 0.608945 0.302882 0.150900
0 0.113214 0.940722 0.226429 0.118063
0 0.900135 0.818087 0.199602 0.106721
2 0.642526 0.498596 0.108839 0.045593
0 0.653934 0.609845 0.107993 0.042630
0 0.716769 0.594157 0.100575 0.038146
1 0.894847 0.721861 0.069322 0.053459
0 0.539584 0.566367 0.086520 0.035493
0 0.642191 0.558732 0.084759 0.031520
3 0.909900 0.548181 0.066516 0.038194
0 0.973300 0.698335 0.053305 0.047482
0 0.788250 0.550745 0.076155 0.032587
1 0.660730 0.729658 0.057209 0.035357
0 0.530208 0.545738 0.074289 0.023982
0 0.395512 0.513684 0.050728 0.022897
0 0.836644 0.521437 0.057232 0.019967
1 0.016211 0.680793 0.031361 0.032287
0 0.788744 0.511687 0.046479 0.017515
0 0.363462 0.502794 0.042495 0.018721
0 0.469698 0.522014 0.033831 0.023044
1 0.543653 0.601587 0.030137 0.024149
0 0.719524 0.503734 0.046438 0.015430
0 0.176410 0.492814 0.034814 0.018986
0 0.408120 0.495832 0.036634 0.017665
2 0.366806 0.481521 0.028694 0.021882
0 0.325339 0.499016 0.032914 0.015790
0 0.286067 0.481402 0.029485 0.015826
0 0.460339 0.475282 0.028579 0.014075
0 0.217161 0.470529 0.032439 0.012034
0 0.703856 0.512258 0.022023 0.013091
1 0.168948 0.525507 0.019686 0.014637
1 0.321514 0.516403 0.017489 0.015445
1 0.375674 0.524989 0.017954 0.014776
1 0.321349 0.518768 0.016343 0.011041
1 0.290767 0.508298 0.014290 0.012392
0 0.235366 0.447159 0.016035 0.008931
