0 0.596600 0.838169 0.301172 0.228332
2 0.242004 0.433557 0.280214 0.111776
2 0.311450 0.466002 0.269008 0.115089
0 0.386732 0.645399 0.237962 0.118294
0 0.397254 0.530264 0.147288 0.063240
3 0.567126 0.448200 0.104467 0.079105
0 0.719679 0.499645 0.106070 0.055597
0 0.727860 0.442168 0.081357 0.040686
0 0.966291 0.420318 0.067419 0.037314
0 0.639198 0.430163 0.056042 0.037287
0 0.987409 0.520930 0.025182 0.077638
0 0.497344 0.449314 0.043517 0.044714
0 0.550937 0.393826 0.059984 0.031221
0 0.644118 0.395683 0.062743 0.029248
2 0.627735 0.337210 0.058336 0.029570
3 0.627722 0.336960 0.057715 0.029640
0 0.736304 0.389259 0.053838 0.027315
0 0.228276 0.356252 0.057231 0.020533
0 0.675784 0.376924 0.047879 0.024138
0 0.516945 0.359048 0.047310 0.020067
0 0.626586 0.376019 0.037174 0.024986
1 0.652975 0.471146 0.032330 0.027056
0 0.246373 0.350700 0.044278 0.016276
0 0.987386 0.383876 0.025227 0.027749
0 0.705505 0.352501 0.031310 0.018545
1 0.591019 0.402802 0.025672 0.015782
