0 0.496741 0.885845 0.335701 0.227912
3 0.286364 0.574816 0.246127 0.134074
2 0.310248 0.443825 0.260537 0.108250
3 0.549278 0.564523 0.164721 0.130079
2 0.531968 0.417567 0.142709 0.069171
0 0.774713 0.508852 0.112945 0.058109
0 0.643988 0.476329 0.106719 0.050697
3 0.702299 0.406133 0.070831 0.053429
0 0.642269 0.435169 0.072963 0.033364
0 0.796157 0.432611 0.066614 0.033809
0 0.807368 0.400619 0.052723 0.026571
0 0.664640 0.393628 0.040444 0.030567
2 0.704755 0.342870 0.048384 0.024944
0 0.568722 0.372410 0.048550 0.020155
0 0.738095 0.382169 0.043613 0.020506
0 0.321952 0.364958 0.052106 0.016855
0 0.808623 0.372655 0.040589 0.019902
0 0.672192 0.372265 0.044042 0.018298
0 0.274405 0.367402 0.036083 0.017707
0 0.313507 0.365395 0.035735 0.016170
0 0.395309 0.356398 0.039549 0.014214
0 0.776705 0.351725 0.025650 0.015240
