0 0.673785 0.797711 0.215778 0.192280
3 0.850820 0.721193 0.212076 0.156774
0 0.367913 0.744879 0.163061 0.152424
2 0.842583 0.501747 0.185693 0.059203
0 0.129603 0.615578 0.148153 0.066779
3 0.619428 0.562594 0.096626 0.077455
0 0.532485 0.602348 0.101417 0.073408
0 0.100060 0.559094 0.117946 0.048053
0 0.407941 0.589149 0.087805 0.060912
3 0.617251 0.515819 0.097565 0.054621
3 0.806527 0.597154 0.084780 0.051099
2 0.715194 0.475778 0.093419 0.043568
0 0.459296 0.528087 0.073355 0.048024
2 0.605645 0.482977 0.081898 0.038350
3 0.605698 0.482011 0.082203 0.036777
2 0.125463 0.428734 0.092808 0.032105
0 0.905160 0.554209 0.078101 0.036261
3 0.272884 0.502727 0.060956 0.045194
0 0.175194 0.501028 0.072170 0.028527
0 0.844965 0.524448 0.072162 0.025995
0 0.491652 0.497119 0.050037 0.028987
0 0.178496 0.471447 0.054911 0.021076
0 0.308640 0.470220 0.044525 0.021879
0 0.436811 0.479609 0.038752 0.025069
0 0.015999 0.541590 0.031616 0.030342
0 0.408527 0.491320 0.038277 0.024834
0 0.248243 0.471165 0.044647 0.021115
0 0.529058 0.485093 0.038734 0.023513
0 0.423258 0.455261 0.033187 0.018133
1 0.699249 0.554110 0.025669 0.021308
0 0.333123 0.449213 0.033131 0.015349
0 0.553110 0.463724 0.029131 0.014267
