2 0.151993 0.682143 0.303985 0.175291
0 0.109900 0.944418 0.219800 0.110577
0 0.920356 0.732435 0.159044 0.073422
0 0.882898 0.639475 0.149111 0.051181
3 0.507302 0.626099 0.101549 0.062847
0 0.678784 0.624977 0.127739 0.049863
1 0.778796 0.730346 0.073185 0.056895
0 0.655602 0.589943 0.105303 0.032889
3 0.549484 0.614588 0.065930 0.046904
2 0.551812 0.486531 0.078006 0.036185
3 0.541773 0.566774 0.055278 0.034876
1 0.735056 0.680849 0.050710 0.034719
0 0.703907 0.538030 0.062471 0.027601
0 0.426861 0.536207 0.057935 0.026708
3 0.725112 0.518995 0.045486 0.027163
0 0.828115 0.525549 0.056974 0.019399
0 0.597562 0.513147 0.045761 0.023089
0 0.376516 0.518843 0.046865 0.021562
3 0.397476 0.499841 0.036915 0.025441
2 0.397755 0.499832 0.036913 0.025379
0 0.440776 0.515375 0.044815 0.020558
0 0.781292 0.515627 0.046053 0.018570
3 0.988111 0.578583 0.023778 0.029897
0 0.316829 0.514697 0.037066 0.018136
0 0.360287 0.507230 0.036779 0.017938
0 0.295960 0.494161 0.035170 0.018231
0 0.449398 0.480205 0.041845 0.014451
0 0.169892 0.498085 0.031297 0.018001
3 0.252279 0.490910 0.029146 0.016971
0 0.706559 0.507008 0.035771 0.013594
1 0.180763 0.536172 0.023439 0.019113
1 0.500563 0.553798 0.022538 0.019330
1 0.398098 0.561194 0.019936 0.017938
0 0.301906 0.480549 0.025431 0.012520
0 0.292337 0.468011 0.023448 0.011370
1 0.369819 0.550429 0.018631 0.012686
1 0.325538 0.529150 0.017606 0.013081
1 0.294517 0.523258 0.017327 0.012044
