2 0.295778 0.612894 0.321595 0.156474
0 0.111504 0.941114 0.223007 0.117249
0 0.909222 0.834129 0.181399 0.111717
0 0.661584 0.614344 0.110021 0.043615
2 0.634989 0.498026 0.106174 0.044641
0 0.727602 0.599240 0.104427 0.039721
1 0.912194 0.731435 0.073124 0.055050
0 0.542391 0.569184 0.085735 0.035134
0 0.648845 0.562365 0.086730 0.032097
3 0.894608 0.546601 0.065428 0.038104
0 0.772648 0.548360 0.071990 0.030876
0 0.533899 0.548558 0.077402 0.025472
1 0.675638 0.739846 0.050703 0.032065
0 0.982649 0.704131 0.033832 0.037354
0 0.394855 0.515584 0.051925 0.022757
1 0.675029 0.654493 0.042662 0.027330
0 0.833413 0.521930 0.057632 0.019448
0 0.469555 0.523869 0.034531 0.024177
0 0.714954 0.504599 0.052752 0.015812
0 0.786642 0.512220 0.045630 0.017761
0 0.362077 0.504565 0.042288 0.017648
1 0.680657 0.655829 0.029974 0.024374
0 0.172613 0.493192 0.037609 0.018687
0 0.408052 0.497322 0.037564 0.017427
1 0.546851 0.607804 0.030940 0.020985
0 0.323044 0.500688 0.034141 0.015511
0 0.284913 0.483257 0.028783 0.015746
0 0.454988 0.474559 0.029116 0.014160
0 0.216033 0.471364 0.030884 0.012994
0 0.298704 0.467821 0.026604 0.014130
1 0.321598 0.516944 0.017690 0.017652
0 0.235125 0.465282 0.023653 0.013162
1 0.374152 0.526495 0.018480 0.016568
0 0.694200 0.510801 0.020341 0.015019
1 0.167875 0.526769 0.020829 0.014511
1 0.321347 0.519289 0.016457 0.013524
0 0.286705 0.458244 0.018841 0.010304
0 0.270273 0.451843 0.017708 0.009076
1 0.290018 0.511419 0.014500 0.009858
