0 0.316210 0.925415 0.244230 0.147731
0 0.588934 0.724016 0.179806 0.156387
0 0.699542 0.626461 0.159487 0.126750
0 0.378354 0.669841 0.127852 0.107921
3 0.664822 0.542718 0.145390 0.080259
2 0.817568 0.483781 0.175695 0.056774
0 0.070865 0.582300 0.141275 0.069232
0 0.949596 0.683980 0.100506 0.079785
2 0.940309 0.513655 0.118113 0.065666
0 0.471173 0.566187 0.096760 0.072358
2 0.620651 0.489389 0.102734 0.054802
3 0.620353 0.489349 0.102369 0.054380
2 0.693915 0.458823 0.095453 0.041426
2 0.093008 0.416583 0.094348 0.033191
0 0.486866 0.505836 0.062259 0.037027
0 0.258192 0.485237 0.061188 0.032756
1 0.812910 0.643340 0.044271 0.043094
0 0.471306 0.475311 0.047015 0.038561
0 0.132662 0.467078 0.064950 0.025341
0 0.529848 0.492027 0.052546 0.030430
0 0.205270 0.477800 0.058264 0.027283
0 0.381184 0.500237 0.047571 0.032407
0 0.416167 0.483060 0.048944 0.031114
3 0.299854 0.450730 0.039279 0.028629
0 0.396764 0.452134 0.038077 0.022350
0 0.221272 0.453899 0.045570 0.018425
0 0.221398 0.435971 0.041026 0.015459
0 0.551701 0.459636 0.036011 0.016936
0 0.511616 0.444712 0.030538 0.018030
0 0.310410 0.433424 0.033822 0.014535
1 0.127172 0.491688 0.023282 0.018747
0 0.325281 0.421484 0.026894 0.011507
0 0.281443 0.422499 0.021070 0.012577
0 0.260079 0.437031 0.017775 0.014774
