0 0.646738 0.714754 0.225572 0.146817
3 0.244154 0.436076 0.272834 0.112413
2 0.243942 0.436011 0.272257 0.112048
2 0.357507 0.453118 0.237224 0.103776
0 0.449849 0.595445 0.194002 0.093674
0 0.458982 0.500673 0.123691 0.053771
3 0.592517 0.435274 0.092001 0.071612
0 0.730009 0.480107 0.095229 0.049924
0 0.737790 0.430556 0.075584 0.036358
0 0.974691 0.440575 0.050440 0.043006
0 0.569970 0.388229 0.058460 0.029375
2 0.635259 0.337592 0.058313 0.029010
0 0.656623 0.390380 0.057929 0.026550
0 0.655082 0.422063 0.042109 0.034230
0 0.743782 0.384453 0.052668 0.024959
0 0.239386 0.357324 0.060116 0.018944
0 0.684183 0.375562 0.044439 0.023997
0 0.638195 0.373599 0.034516 0.026536
0 0.515194 0.361571 0.039127 0.019768
1 0.671010 0.455147 0.026623 0.024996
0 0.711985 0.351772 0.028950 0.017900
