2 0.133686 0.688743 0.267371 0.170776
0 0.945733 0.755787 0.108176 0.079328
0 0.923200 0.652595 0.153440 0.054407
3 0.536002 0.638036 0.108843 0.066783
0 0.710692 0.636072 0.136499 0.052304
1 0.833082 0.756893 0.083542 0.060974
0 0.679966 0.597369 0.108057 0.035679
3 0.572279 0.624105 0.071664 0.049059
2 0.547421 0.486781 0.076248 0.036571
1 0.774573 0.697810 0.058948 0.038239
0 0.559278 0.573987 0.057566 0.036772
2 0.971826 0.574217 0.056329 0.032290
0 0.436513 0.539666 0.060486 0.028193
0 0.685542 0.533535 0.058898 0.025536
3 0.715397 0.515864 0.044934 0.029785
0 0.831940 0.526135 0.058460 0.019695
0 0.383483 0.520856 0.048728 0.022705
3 0.406802 0.502189 0.036783 0.026517
0 0.449891 0.517599 0.046066 0.020646
0 0.588679 0.510728 0.043173 0.020678
0 0.785472 0.516414 0.045185 0.018267
0 0.367240 0.509318 0.038712 0.018019
3 0.257453 0.490230 0.029608 0.022681
0 0.302838 0.495603 0.034671 0.019311
0 0.174169 0.498612 0.031063 0.019001
0 0.450326 0.479998 0.033679 0.013900
1 0.187989 0.538153 0.023944 0.018746
1 0.404403 0.564998 0.021857 0.020517
0 0.211608 0.469118 0.029843 0.014982
0 0.307073 0.483140 0.027944 0.014290
1 0.514629 0.560348 0.020832 0.016395
1 0.334276 0.529312 0.016977 0.017825
0 0.297190 0.470381 0.024986 0.011299
1 0.381255 0.553994 0.018316 0.014480
