2 0.123080 0.691645 0.245058 0.168603
3 0.553071 0.644448 0.116408 0.069084
0 0.727804 0.642093 0.141026 0.054334
0 0.933243 0.660187 0.133513 0.055877
1 0.864051 0.769976 0.087865 0.066615
0 0.959394 0.758886 0.080490 0.060836
0 0.691637 0.601903 0.110347 0.038582
3 0.583923 0.628964 0.075765 0.050605
2 0.545198 0.486547 0.075331 0.036567
1 0.797745 0.706567 0.057392 0.040423
0 0.571029 0.578041 0.057467 0.037082
2 0.959135 0.571924 0.060534 0.031889
0 0.440379 0.541186 0.060045 0.027619
0 0.676525 0.531902 0.058849 0.025438
3 0.711238 0.515568 0.043803 0.028368
0 0.386200 0.522027 0.050164 0.022624
0 0.835162 0.526680 0.057126 0.019597
0 0.453816 0.519049 0.046126 0.020871
3 0.410216 0.503561 0.037161 0.025610
0 0.787225 0.516622 0.046024 0.018690
0 0.584404 0.509595 0.041796 0.019965
0 0.369760 0.510109 0.038088 0.018335
0 0.305048 0.496097 0.034446 0.018645
0 0.175117 0.499041 0.032605 0.018872
0 0.322970 0.519743 0.039020 0.015617
3 0.259615 0.492801 0.029462 0.019814
1 0.406597 0.567608 0.022192 0.020339
0 0.213986 0.469441 0.028243 0.015755
1 0.521262 0.562909 0.024215 0.017600
0 0.451453 0.479880 0.030345 0.013754
1 0.191542 0.539674 0.022515 0.017943
0 0.308886 0.483424 0.026663 0.013620
1 0.386638 0.556013 0.020060 0.014447
0 0.300002 0.471075 0.024428 0.010996
1 0.338052 0.532795 0.017458 0.014105
1 0.307725 0.526552 0.017742 0.013196
