0 0.612755 0.796171 0.277207 0.197620
2 0.243185 0.434259 0.279614 0.112800
2 0.324873 0.461468 0.259690 0.111964
0 0.406261 0.630500 0.224902 0.111597
0 0.416059 0.521086 0.140170 0.060546
3 0.575210 0.444123 0.100747 0.077448
0 0.722624 0.493612 0.103079 0.054460
0 0.731191 0.438751 0.079578 0.039915
0 0.968665 0.424992 0.062671 0.038417
0 0.644186 0.427348 0.051829 0.036790
0 0.557798 0.391763 0.061205 0.030966
0 0.647688 0.394292 0.060440 0.029306
2 0.630314 0.337079 0.057014 0.029286
0 0.507725 0.445956 0.040535 0.039308
0 0.738005 0.387724 0.053155 0.026699
0 0.230299 0.355974 0.057995 0.019390
0 0.677988 0.376258 0.044842 0.024235
0 0.517785 0.359248 0.047207 0.019656
0 0.630411 0.374277 0.034633 0.024291
1 0.659249 0.466379 0.029322 0.026356
0 0.248843 0.350965 0.044972 0.016288
0 0.707297 0.352344 0.031591 0.018465
0 0.990293 0.387127 0.019415 0.029009
0 0.756659 0.351174 0.026886 0.019918
