0 0.551162 0.901226 0.363700 0.196667
0 0.337670 0.685124 0.273969 0.138728
2 0.278315 0.475278 0.294984 0.123754
2 0.244197 0.430912 0.280154 0.111438
3 0.239160 0.431786 0.281273 0.110778
0 0.348552 0.554720 0.165112 0.071988
3 0.549096 0.459047 0.113976 0.085585
0 0.711961 0.515459 0.114772 0.061314
0 0.720371 0.450419 0.085396 0.042743
0 0.977465 0.488741 0.045070 0.075108
0 0.627530 0.436422 0.065511 0.040916
0 0.959066 0.410311 0.072199 0.036589
0 0.539097 0.397115 0.062826 0.032513
0 0.634674 0.399507 0.064963 0.030313
2 0.622960 0.337141 0.059213 0.030338
0 0.732784 0.392756 0.057007 0.028442
0 0.670145 0.379295 0.048466 0.025143
1 0.641333 0.483171 0.035745 0.031475
0 0.618101 0.378977 0.039614 0.026094
0 0.222292 0.355953 0.050845 0.019961
0 0.514464 0.357268 0.047695 0.020432
0 0.981501 0.376655 0.036998 0.026163
0 0.239937 0.349841 0.043699 0.017628
3 0.688186 0.328279 0.026573 0.023889
0 0.701026 0.353563 0.032849 0.019109
1 0.579402 0.409181 0.025703 0.017741
1 0.484771 0.368288 0.018302 0.015884
