2 0.186482 0.669327 0.372963 0.192416
0 0.104624 0.943980 0.207163 0.111334
0 0.804790 0.680946 0.159860 0.058967
0 0.924615 0.677459 0.150771 0.058993
1 0.891811 0.867354 0.101386 0.068892
0 0.775931 0.608704 0.121928 0.042701
3 0.439386 0.597554 0.086909 0.054875
0 0.607382 0.601335 0.108581 0.042471
1 0.855877 0.753418 0.076514 0.054612
2 0.566188 0.489775 0.083133 0.037539
3 0.485911 0.590413 0.062938 0.046439
0 0.596023 0.573486 0.091712 0.027992
0 0.767811 0.554781 0.077363 0.032532
1 0.655789 0.676525 0.051735 0.037450
3 0.759503 0.524942 0.049490 0.030115
0 0.498336 0.550065 0.046263 0.031022
0 0.403282 0.528911 0.055911 0.024773
0 0.629931 0.522079 0.052696 0.024951
2 0.644115 0.499382 0.051035 0.022396
0 0.818749 0.524928 0.057694 0.019720
1 0.635251 0.642689 0.040800 0.025285
0 0.360109 0.513255 0.044484 0.020464
0 0.771985 0.515802 0.044191 0.020025
2 0.375895 0.494259 0.034274 0.024746
0 0.417415 0.509083 0.042631 0.019558
0 0.702154 0.507550 0.047778 0.016005
0 0.310371 0.510312 0.036459 0.019518
3 0.241637 0.483694 0.029377 0.021143
0 0.343408 0.502216 0.034225 0.016955
0 0.158753 0.496398 0.031370 0.018493
0 0.281154 0.490056 0.031047 0.017032
0 0.291529 0.479043 0.029102 0.017383
0 0.459852 0.482613 0.034589 0.013219
1 0.163608 0.533821 0.022310 0.018145
0 0.189293 0.465817 0.028445 0.012458
0 0.326700 0.476136 0.029220 0.011902
1 0.275071 0.513387 0.017499 0.018280
1 0.301337 0.521076 0.018128 0.016342
1 0.379727 0.550408 0.018264 0.014568
0 0.278311 0.464945 0.023099 0.011172
0 0.244715 0.466389 0.021737 0.010827
1 0.341036 0.539270 0.017239 0.013545
1 0.274788 0.516326 0.017261 0.013075
1 0.302025 0.524411 0.016431 0.009812
