3 0.873288 0.628097 0.253423 0.170701
0 0.657246 0.671135 0.169244 0.112949
0 0.391405 0.665701 0.111074 0.096268
2 0.827687 0.486784 0.179751 0.053827
0 0.667152 0.601001 0.119202 0.067206
0 0.479269 0.597238 0.098880 0.072085
3 0.541444 0.553553 0.082992 0.076311
2 0.951200 0.508470 0.097113 0.055670
0 0.075906 0.562221 0.111925 0.044424
0 0.209932 0.547256 0.095863 0.047135
2 0.702953 0.468578 0.090628 0.043748
2 0.103642 0.442953 0.092855 0.034593
3 0.036303 0.478023 0.071700 0.037207
0 0.719617 0.525070 0.083127 0.031217
0 0.410589 0.513129 0.057011 0.041343
0 0.495091 0.516759 0.055148 0.033896
0 0.668814 0.491262 0.069441 0.026531
0 0.502634 0.493363 0.048305 0.032370
0 0.587835 0.478028 0.046380 0.023868
0 0.420200 0.487795 0.039462 0.022075
0 0.239175 0.476513 0.034792 0.021585
0 0.465922 0.473987 0.037117 0.017755
0 0.520996 0.473216 0.035413 0.018515
0 0.307891 0.459086 0.035558 0.018019
0 0.584195 0.456697 0.028904 0.013073
1 0.596989 0.524306 0.020070 0.018565
1 0.157613 0.502684 0.021357 0.016885
0 0.264379 0.443563 0.023367 0.012472
0 0.334611 0.447398 0.025026 0.011435
