2 0.169009 0.676419 0.337110 0.186421
3 0.108020 0.944149 0.214074 0.110959
0 0.876441 0.708271 0.182165 0.065757
1 0.948478 0.799109 0.103045 0.066638
0 0.832618 0.625052 0.134910 0.047191
3 0.476196 0.612720 0.094049 0.058579
0 0.644626 0.613583 0.118474 0.046382
0 0.963145 0.705131 0.073366 0.063055
0 0.629521 0.581638 0.100948 0.028721
1 0.719748 0.706041 0.063731 0.045013
0 0.521918 0.604981 0.060272 0.044296
1 0.976129 0.921262 0.046658 0.047003
2 0.566648 0.489129 0.057617 0.034125
0 0.727730 0.544172 0.068075 0.028871
3 0.521196 0.559085 0.049422 0.033053
0 0.415782 0.533102 0.054936 0.026795
1 0.688564 0.663072 0.045775 0.031745
3 0.738250 0.521702 0.047786 0.029493
0 0.823229 0.525200 0.058205 0.019273
0 0.608753 0.516231 0.048906 0.022340
0 0.368362 0.515972 0.046792 0.021657
2 0.387389 0.497252 0.035595 0.025658
0 0.429653 0.512422 0.044128 0.020581
0 0.777441 0.515025 0.044177 0.018503
0 0.161503 0.496922 0.037719 0.018839
0 0.287073 0.491923 0.037215 0.016950
3 0.246668 0.486366 0.027893 0.021605
0 0.352012 0.504864 0.034405 0.017093
0 0.702228 0.507402 0.036940 0.015412
1 0.388635 0.552277 0.022060 0.020822
1 0.171994 0.534774 0.022895 0.019655
0 0.455947 0.480865 0.031851 0.013021
0 0.197872 0.466414 0.028131 0.014524
1 0.389192 0.555013 0.020316 0.018240
0 0.296102 0.478775 0.026085 0.011938
1 0.484847 0.549886 0.019600 0.015382
0 0.285533 0.466780 0.022532 0.011099
1 0.357269 0.545162 0.018095 0.012734
1 0.285213 0.519280 0.016537 0.013746
1 0.314526 0.527157 0.017774 0.011861
