3 0.151830 0.637820 0.303661 0.169895
2 0.467342 0.618453 0.211130 0.160787
2 0.283185 0.442698 0.258795 0.109879
2 0.491823 0.423700 0.162307 0.074697
0 0.743528 0.537912 0.127130 0.067984
0 0.598482 0.497546 0.119933 0.057226
3 0.669185 0.411423 0.071305 0.057275
0 0.602994 0.445508 0.079525 0.037622
0 0.773284 0.441515 0.071190 0.036872
0 0.977464 0.423442 0.045071 0.039391
0 0.784108 0.406753 0.058451 0.028924
2 0.680119 0.342061 0.048852 0.026365
0 0.712912 0.383659 0.045376 0.021755
0 0.296480 0.362696 0.056431 0.017412
0 0.641761 0.375493 0.047276 0.020614
0 0.550392 0.369767 0.046558 0.019875
0 0.785403 0.375432 0.043692 0.020943
0 0.986662 0.379345 0.026677 0.031912
0 0.726463 0.371613 0.037007 0.021025
0 0.250874 0.365425 0.031273 0.018823
1 0.107833 0.428389 0.024445 0.017738
0 0.752931 0.351581 0.026511 0.015609
1 0.737826 0.422186 0.020904 0.019083
