3 0.255193 0.585779 0.263045 0.137838
2 0.302837 0.443801 0.257501 0.108439
2 0.530994 0.576468 0.174560 0.136434
3 0.531236 0.576494 0.173878 0.136426
2 0.522712 0.418754 0.146511 0.070144
0 0.767465 0.515488 0.116552 0.060526
0 0.633176 0.481482 0.109416 0.052432
3 0.693142 0.407788 0.067892 0.054556
0 0.633157 0.437637 0.074615 0.034417
0 0.791137 0.434880 0.069578 0.034991
0 0.801858 0.402189 0.053691 0.027456
2 0.698824 0.342592 0.048398 0.025354
0 0.562967 0.372246 0.046939 0.019487
0 0.316023 0.364789 0.053245 0.016939
0 0.731729 0.382490 0.043363 0.020160
0 0.664839 0.373135 0.045356 0.019247
0 0.802871 0.373303 0.041342 0.020531
0 0.744243 0.371286 0.037587 0.020293
0 0.268524 0.366975 0.033736 0.018153
0 0.389598 0.356257 0.038447 0.014313
0 0.771329 0.351640 0.026967 0.015197
1 0.758541 0.417475 0.020482 0.018636
