3 0.284245 0.752790 0.337493 0.247334
2 0.253909 0.439505 0.271290 0.111294
2 0.424988 0.434962 0.193128 0.087047
0 0.696265 0.598677 0.159462 0.091610
0 0.526276 0.536016 0.148085 0.071651
0 0.036982 0.753003 0.072986 0.077490
3 0.625131 0.420550 0.078001 0.062899
0 0.535804 0.465010 0.095224 0.042835
0 0.742726 0.456450 0.080489 0.041886
0 0.751326 0.416443 0.065437 0.031983
0 0.951404 0.400942 0.049437 0.035026
2 0.647539 0.339487 0.050809 0.026642
0 0.596365 0.381442 0.050188 0.025492
0 0.675191 0.385602 0.051378 0.023986
0 0.258542 0.360576 0.056785 0.019494
0 0.753393 0.378794 0.045187 0.023269
0 0.573342 0.416434 0.031065 0.030610
0 0.524697 0.365677 0.047304 0.019584
0 0.694602 0.372777 0.042074 0.021819
0 0.672217 0.412064 0.026638 0.031405
0 0.659068 0.368430 0.033529 0.021853
1 0.696826 0.433638 0.024073 0.022863
0 0.994074 0.484551 0.011853 0.036671
0 0.723004 0.351039 0.027151 0.016008
0 0.766491 0.349084 0.023873 0.017632
