2 0.159623 0.679525 0.318717 0.181325
3 0.109629 0.944203 0.217899 0.111002
2 0.109554 0.944290 0.218300 0.110596
0 0.908891 0.722271 0.182217 0.069692
0 0.862346 0.633439 0.144098 0.049674
3 0.494453 0.619901 0.098273 0.061691
0 0.664350 0.620446 0.123629 0.048264
1 0.753764 0.722080 0.068052 0.047568
0 0.645448 0.586491 0.102878 0.031111
3 0.536944 0.610711 0.064768 0.045507
2 0.552721 0.487122 0.079339 0.036482
1 0.979056 0.814466 0.041378 0.050583
0 0.712742 0.540730 0.064445 0.028255
2 0.565333 0.488328 0.053910 0.032635
0 0.533277 0.564111 0.051938 0.033187
1 0.715249 0.674071 0.048694 0.033512
0 0.422058 0.534904 0.056921 0.026677
3 0.730019 0.520400 0.046047 0.027300
0 0.826240 0.525277 0.058580 0.019399
0 0.983107 0.706655 0.033786 0.031842
0 0.373036 0.517565 0.047113 0.021968
0 0.599817 0.514340 0.042479 0.022112
0 0.437027 0.514003 0.043985 0.020323
0 0.779135 0.515263 0.045778 0.018475
0 0.290575 0.493237 0.038681 0.017614
0 0.167425 0.497154 0.032343 0.019788
0 0.355871 0.506087 0.036863 0.017290
3 0.250173 0.487598 0.029259 0.021560
0 0.705509 0.507364 0.037055 0.015296
1 0.177386 0.535993 0.022949 0.018464
0 0.455955 0.480394 0.028299 0.012921
1 0.394473 0.558587 0.019742 0.018233
0 0.202563 0.468210 0.028196 0.012750
0 0.299844 0.479989 0.026511 0.012635
1 0.494155 0.553158 0.019280 0.015496
1 0.364879 0.546845 0.018343 0.014882
0 0.289361 0.467746 0.023538 0.011073
