3 0.878747 0.637292 0.242326 0.179216
0 0.670437 0.683222 0.177600 0.119351
0 0.394160 0.677269 0.111219 0.102020
2 0.828551 0.488082 0.180579 0.052644
0 0.675956 0.607629 0.124266 0.070045
0 0.484530 0.605143 0.102971 0.075066
3 0.546140 0.558675 0.085550 0.078615
2 0.952743 0.510585 0.093587 0.059317
0 0.093221 0.555035 0.104587 0.041256
0 0.216588 0.542571 0.084991 0.042813
2 0.705923 0.466016 0.093860 0.036765
2 0.104717 0.444620 0.092552 0.034286
0 0.729570 0.529182 0.086217 0.033328
3 0.044890 0.477706 0.071679 0.035502
0 0.411717 0.516565 0.058542 0.042806
0 0.498164 0.520050 0.055323 0.035663
0 0.676197 0.493858 0.070513 0.026618
0 0.840389 0.510871 0.061266 0.026587
0 0.505707 0.495732 0.048659 0.032625
0 0.592008 0.480001 0.048494 0.023964
0 0.251201 0.476274 0.046341 0.020434
0 0.420530 0.491013 0.041945 0.021680
0 0.524147 0.475937 0.036149 0.018769
0 0.467989 0.476382 0.035906 0.018818
0 0.244210 0.476154 0.032228 0.020018
0 0.311823 0.458933 0.035862 0.017654
1 0.638696 0.566961 0.029546 0.020094
0 0.230635 0.453255 0.037583 0.011825
1 0.602331 0.528534 0.022290 0.019259
0 0.586006 0.457497 0.028330 0.013118
0 0.461257 0.458443 0.025258 0.014268
0 0.337706 0.447926 0.026628 0.011320
0 0.267134 0.444088 0.022404 0.011692
