3 0.874645 0.774187 0.248868 0.245092
0 0.747224 0.908822 0.327726 0.181475
0 0.386449 0.799222 0.180040 0.194038
3 0.769415 0.602890 0.219921 0.128002
0 0.526921 0.641829 0.141994 0.115598
3 0.671982 0.517286 0.135228 0.082312
2 0.818432 0.480812 0.176365 0.055961
0 0.037445 0.591761 0.074067 0.061591
2 0.694742 0.456988 0.094324 0.039567
0 0.515774 0.534108 0.077217 0.046996
2 0.093386 0.423532 0.093767 0.033197
0 0.209117 0.499980 0.074195 0.036333
3 0.487140 0.489953 0.057661 0.046538
0 0.380251 0.530261 0.059632 0.041827
0 0.559101 0.514352 0.066396 0.036672
0 0.424716 0.503332 0.057243 0.036140
0 0.093166 0.480827 0.072712 0.027050
0 0.397875 0.465614 0.041330 0.025147
0 0.581004 0.471382 0.044405 0.019263
0 0.197707 0.450049 0.047014 0.017313
0 0.584290 0.460478 0.041034 0.018598
0 0.248621 0.457950 0.038130 0.019957
0 0.297620 0.460779 0.041303 0.018184
2 0.319974 0.436028 0.028935 0.025862
0 0.530865 0.451912 0.034476 0.019442
1 0.051362 0.457155 0.021411 0.016313
0 0.287136 0.431999 0.022998 0.014093
