0 0.123535 0.935536 0.245982 0.128505
2 0.373270 0.571363 0.170893 0.117367
0 0.761168 0.708658 0.170682 0.073018
2 0.718398 0.501453 0.135941 0.052439
0 0.877887 0.635837 0.136013 0.051335
0 0.959334 0.577488 0.081333 0.039719
0 0.607088 0.573748 0.087659 0.035675
0 0.516574 0.542769 0.076515 0.031335
0 0.641802 0.554081 0.076736 0.030267
1 0.769823 0.652979 0.050615 0.042085
0 0.590632 0.529568 0.070017 0.026053
0 0.349631 0.522986 0.053841 0.029641
0 0.502100 0.526063 0.065560 0.023260
1 0.568376 0.665994 0.048132 0.031589
1 0.177547 0.628103 0.041606 0.029579
0 0.854471 0.513184 0.058779 0.020089
1 0.606094 0.603143 0.041423 0.026427
0 0.397512 0.500275 0.048950 0.022075
0 0.349188 0.481419 0.041699 0.021502
0 0.807455 0.503060 0.045989 0.018715
0 0.583259 0.493468 0.043916 0.019352
0 0.370438 0.488850 0.038427 0.019378
0 0.194662 0.484206 0.035306 0.019161
0 0.468569 0.501220 0.030760 0.020761
0 0.409775 0.481549 0.033105 0.016135
0 0.291403 0.469654 0.031100 0.014882
1 0.509561 0.565589 0.024413 0.018941
0 0.500251 0.471945 0.033163 0.011739
0 0.634812 0.475159 0.028865 0.013421
3 0.261518 0.469822 0.024683 0.015018
1 0.322587 0.501003 0.015552 0.011559
1 0.297260 0.493481 0.013436 0.009633
