2 0.192861 0.666309 0.385721 0.196538
0 0.103046 0.943876 0.204162 0.111616
0 0.774942 0.669555 0.150497 0.055770
0 0.891270 0.664204 0.150038 0.055133
1 0.843950 0.841150 0.090365 0.064441
0 0.750987 0.601524 0.115424 0.040882
0 0.592798 0.596352 0.105227 0.042348
2 0.426059 0.590967 0.076614 0.051829
1 0.818205 0.735145 0.072279 0.049442
2 0.571429 0.492009 0.085364 0.039580
0 0.793832 0.560922 0.081917 0.033303
0 0.584158 0.570113 0.089663 0.026930
3 0.479043 0.587836 0.050423 0.040269
3 0.772877 0.525044 0.051990 0.038260
1 0.630390 0.663956 0.046717 0.034745
0 0.643503 0.525369 0.054892 0.024955
0 0.398517 0.527364 0.054117 0.025027
0 0.489725 0.546104 0.042882 0.030397
0 0.818978 0.525122 0.054248 0.019672
1 0.612772 0.633491 0.037637 0.023909
0 0.356525 0.512308 0.044694 0.019567
2 0.371327 0.493618 0.034530 0.023131
0 0.413286 0.507877 0.040289 0.018828
0 0.701022 0.507549 0.045800 0.015813
0 0.307703 0.508239 0.036627 0.019301
3 0.239380 0.482529 0.029037 0.020794
0 0.157849 0.496463 0.030860 0.018149
0 0.340920 0.500704 0.033292 0.016331
0 0.278713 0.489734 0.029690 0.016995
0 0.464941 0.483803 0.032901 0.013353
1 0.160548 0.533700 0.021905 0.016225
1 0.375568 0.545404 0.019537 0.017216
1 0.334669 0.534032 0.018491 0.017586
1 0.271803 0.512053 0.017472 0.017477
0 0.359034 0.476388 0.026526 0.011324
1 0.462642 0.539889 0.018477 0.015391
0 0.243172 0.466036 0.022263 0.010525
0 0.276241 0.464450 0.021222 0.010413
0 0.626672 0.504749 0.020651 0.010660
1 0.296318 0.521201 0.016216 0.013053
1 0.335040 0.537561 0.016996 0.011800
