0 0.681083 0.814346 0.226221 0.205556
3 0.868647 0.734976 0.224386 0.167260
0 0.362049 0.756735 0.170492 0.162188
2 0.840045 0.499914 0.182278 0.059112
0 0.146448 0.598742 0.135724 0.059515
0 0.532486 0.606150 0.103674 0.076114
3 0.620199 0.563749 0.097783 0.079203
0 0.403573 0.592003 0.090707 0.063048
3 0.617453 0.515897 0.099839 0.055794
0 0.112227 0.548935 0.113000 0.045043
3 0.810967 0.602257 0.087016 0.056526
2 0.713140 0.472624 0.095426 0.041311
0 0.458324 0.529212 0.073726 0.049409
2 0.604813 0.482205 0.082800 0.039129
2 0.122397 0.426618 0.093066 0.031866
0 0.911499 0.554365 0.078127 0.035772
3 0.276284 0.497173 0.058691 0.043827
0 0.177275 0.495959 0.074671 0.027221
0 0.842037 0.523544 0.072391 0.027046
0 0.022987 0.534284 0.045973 0.036867
0 0.489713 0.496910 0.051145 0.028876
0 0.181348 0.467488 0.053006 0.020209
0 0.405864 0.490440 0.039287 0.026673
0 0.434517 0.478622 0.038665 0.024698
0 0.527081 0.484518 0.038649 0.023655
0 0.247076 0.466786 0.040325 0.021740
0 0.312237 0.465858 0.034973 0.021470
0 0.420082 0.453288 0.035158 0.020105
1 0.703766 0.556517 0.025519 0.022564
0 0.332360 0.445463 0.031675 0.014434
0 0.551878 0.462421 0.029140 0.014430
