0 0.319707 0.892982 0.255732 0.212427
0 0.779930 0.945566 0.274760 0.108242
0 0.560299 0.677447 0.150281 0.124758
3 0.663574 0.600812 0.135609 0.107651
0 0.378515 0.639928 0.116739 0.090592
2 0.818611 0.485478 0.177104 0.056393
3 0.907737 0.655387 0.124294 0.076942
2 0.642554 0.531022 0.128603 0.072428
3 0.642362 0.530992 0.128525 0.072415
0 0.461285 0.550642 0.089496 0.063244
0 0.034780 0.632461 0.068868 0.069081
3 0.609351 0.484642 0.094498 0.049547
2 0.689990 0.459045 0.087532 0.038418
2 0.096004 0.415694 0.094119 0.033139
0 0.101568 0.477435 0.076962 0.029995
0 0.480538 0.500366 0.062460 0.033983
0 0.186953 0.488810 0.069072 0.030614
0 0.236109 0.503764 0.062466 0.032851
0 0.822427 0.510079 0.063323 0.027144
0 0.522066 0.486268 0.048930 0.028336
0 0.416826 0.478746 0.045263 0.029185
0 0.383093 0.493503 0.043700 0.030226
3 0.292867 0.458165 0.040483 0.031254
0 0.209668 0.460324 0.050579 0.020804
1 0.768483 0.607966 0.031578 0.032168
0 0.398215 0.449686 0.036049 0.022991
0 0.304750 0.438873 0.039320 0.017587
0 0.546685 0.457443 0.034316 0.015695
0 0.507833 0.443470 0.028524 0.017517
0 0.274608 0.425128 0.030043 0.015004
0 0.463987 0.445741 0.027644 0.016138
1 0.088528 0.510037 0.023205 0.017966
0 0.323318 0.425525 0.026287 0.012893
