0 0.317381 0.910263 0.257067 0.178349
0 0.574264 0.700913 0.165966 0.140714
3 0.682399 0.614283 0.147352 0.117695
0 0.377196 0.655205 0.122904 0.099528
0 0.936893 0.675505 0.126197 0.089507
2 0.653321 0.536394 0.137318 0.077825
3 0.653437 0.536520 0.137280 0.077613
2 0.818735 0.484125 0.176006 0.055467
0 0.056710 0.606915 0.112447 0.081180
0 0.805813 0.981662 0.223949 0.036314
0 0.466480 0.558395 0.093301 0.067095
2 0.613955 0.487695 0.098239 0.053438
3 0.613915 0.487740 0.097206 0.052993
2 0.693532 0.459391 0.095435 0.041449
2 0.093789 0.415942 0.095227 0.032775
0 0.481768 0.503220 0.066966 0.035722
0 0.119587 0.471639 0.070712 0.027229
0 0.197204 0.482261 0.063768 0.028721
0 0.822313 0.507777 0.062807 0.026638
0 0.249216 0.493942 0.059320 0.027903
0 0.526064 0.488528 0.051612 0.029357
0 0.416212 0.481250 0.047911 0.030764
0 0.381871 0.497262 0.046869 0.030847
1 0.789954 0.625798 0.038486 0.035668
3 0.296030 0.452962 0.039309 0.030415
0 0.216701 0.456564 0.049375 0.019603
0 0.396935 0.450888 0.038304 0.022479
0 0.549402 0.458293 0.036421 0.016288
0 0.509765 0.444139 0.029769 0.018194
0 0.308766 0.435160 0.035243 0.015104
1 0.111569 0.499361 0.022387 0.017416
0 0.276386 0.423811 0.027857 0.013141
0 0.256935 0.438581 0.024104 0.014705
0 0.323833 0.424123 0.026738 0.012708
