2 0.347771 0.590533 0.236526 0.136720
0 0.119545 0.938225 0.237666 0.123123
2 0.119480 0.938310 0.237775 0.122844
0 0.841985 0.764145 0.208574 0.088731
0 0.939492 0.671576 0.120874 0.059664
2 0.677244 0.498583 0.123886 0.049566
0 0.631465 0.592449 0.096426 0.039109
0 0.680527 0.574791 0.088482 0.034766
0 0.861614 0.560651 0.087037 0.034913
1 0.832118 0.688186 0.058177 0.046551
3 0.968240 0.554129 0.063472 0.041689
0 0.529692 0.555084 0.078440 0.033455
0 0.617786 0.544559 0.078274 0.029186
1 0.092201 0.659513 0.056137 0.034709
0 0.517332 0.536035 0.070080 0.022598
1 0.621606 0.701021 0.045749 0.028664
0 0.846014 0.517359 0.059086 0.019605
0 0.398713 0.507583 0.046688 0.022041
0 0.798922 0.507812 0.046537 0.018211
1 0.642166 0.625358 0.031787 0.023893
0 0.368856 0.496929 0.039887 0.018565
0 0.184798 0.488581 0.037425 0.019345
0 0.552120 0.493261 0.037982 0.016913
0 0.410227 0.489370 0.035215 0.016935
1 0.527882 0.585168 0.026511 0.020058
0 0.289849 0.476189 0.030762 0.016121
3 0.261576 0.477367 0.025011 0.016015
0 0.478889 0.472870 0.030565 0.012539
0 0.219340 0.464850 0.029863 0.011997
0 0.305304 0.461136 0.023823 0.013258
0 0.495046 0.467320 0.025301 0.011718
1 0.322029 0.507621 0.016427 0.016901
1 0.293541 0.500563 0.015198 0.012883
1 0.322743 0.510966 0.014520 0.011202
