3 0.238726 0.788840 0.373474 0.272734
2 0.250351 0.438977 0.266972 0.111203
2 0.415131 0.437604 0.198622 0.088971
0 0.690315 0.611564 0.166337 0.094568
0 0.515744 0.543910 0.154534 0.073992
3 0.620639 0.422625 0.079615 0.065104
0 0.525383 0.469978 0.097895 0.045256
0 0.740215 0.459416 0.082127 0.042544
0 0.748758 0.417907 0.065613 0.032692
0 0.948722 0.396736 0.042815 0.034056
2 0.645554 0.339253 0.050524 0.027044
0 0.672186 0.386227 0.052799 0.024549
0 0.591502 0.382109 0.048990 0.025627
0 0.256220 0.359836 0.058192 0.019512
0 0.752322 0.379306 0.045439 0.022520
0 0.567137 0.418483 0.031873 0.031946
0 0.990446 0.480718 0.019107 0.051666
0 0.523504 0.364666 0.047629 0.020267
0 0.692456 0.372222 0.040815 0.021821
0 0.669504 0.414290 0.026206 0.031221
0 0.656844 0.367872 0.032329 0.019805
1 0.692903 0.437248 0.024519 0.020961
0 0.720862 0.350780 0.027358 0.015946
