0 0.124122 0.935095 0.247193 0.129391
2 0.377384 0.567265 0.161806 0.115439
0 0.747180 0.699371 0.163054 0.070417
2 0.724871 0.501805 0.140548 0.052333
0 0.862777 0.630221 0.132876 0.049999
0 0.601733 0.570860 0.085596 0.034694
0 0.513826 0.540200 0.075191 0.031369
0 0.634337 0.550429 0.076975 0.029594
0 0.970835 0.579215 0.058329 0.036213
1 0.758909 0.647856 0.048785 0.036077
0 0.583990 0.526716 0.068533 0.025204
2 0.348769 0.521427 0.055932 0.029875
0 0.498315 0.524050 0.064830 0.023284
1 0.190403 0.621934 0.040100 0.028857
0 0.855473 0.512422 0.058085 0.019495
1 0.559855 0.662635 0.042212 0.025804
0 0.399540 0.498859 0.043304 0.021040
0 0.589084 0.494308 0.044626 0.018683
0 0.193991 0.483768 0.037731 0.019334
0 0.812122 0.502544 0.039963 0.018097
0 0.371433 0.487553 0.038565 0.018550
0 0.346445 0.481770 0.034237 0.016991
0 0.409313 0.479967 0.031979 0.016078
0 0.290790 0.468842 0.031445 0.014904
0 0.637163 0.474735 0.029999 0.013292
1 0.505423 0.563667 0.022853 0.016164
1 0.321993 0.499135 0.015463 0.012185
