2 0.208018 0.650212 0.414745 0.182690
0 0.104180 0.943695 0.206367 0.111855
0 0.727090 0.649820 0.133914 0.051709
0 0.825547 0.640660 0.131216 0.049258
1 0.769592 0.798793 0.075275 0.056929
0 0.709094 0.588256 0.104116 0.037707
2 0.583883 0.494322 0.095777 0.040584
0 0.569228 0.587748 0.097789 0.039530
0 0.855492 0.573289 0.092136 0.036091
1 0.772201 0.807301 0.070443 0.040125
1 0.755131 0.701631 0.061362 0.044669
0 0.561457 0.563535 0.085531 0.026552
3 0.805440 0.534903 0.054469 0.033829
0 0.676199 0.532688 0.058989 0.026296
1 0.592435 0.643240 0.039238 0.029289
0 0.396109 0.523462 0.046296 0.024587
3 0.478222 0.538980 0.039422 0.027266
0 0.821249 0.524785 0.053242 0.019717
0 0.772141 0.515212 0.046127 0.018692
0 0.356062 0.510547 0.042490 0.019168
0 0.407040 0.505224 0.040783 0.018964
3 0.365159 0.491467 0.033698 0.022337
0 0.703165 0.507508 0.046755 0.016042
0 0.307866 0.505884 0.039171 0.018721
2 0.365116 0.491457 0.032804 0.022345
0 0.156691 0.495771 0.036958 0.019236
0 0.478128 0.487307 0.034247 0.015034
0 0.277278 0.488455 0.030159 0.016296
0 0.259813 0.492042 0.027524 0.016905
0 0.339366 0.498212 0.031500 0.014529
0 0.641585 0.505291 0.026548 0.016495
1 0.371277 0.540644 0.019720 0.017089
1 0.326230 0.532074 0.017430 0.012058
0 0.445883 0.469386 0.021427 0.009682
1 0.269195 0.512298 0.017050 0.010980
1 0.289598 0.518972 0.015520 0.011368
