0 0.319154 0.901026 0.260868 0.196342
0 0.567386 0.688575 0.158339 0.131898
0 0.790170 0.962057 0.258951 0.075187
3 0.671787 0.607205 0.141992 0.112357
0 0.377850 0.647144 0.120234 0.094739
3 0.923486 0.665849 0.129308 0.084560
3 0.647753 0.533993 0.134633 0.074904
2 0.816780 0.484727 0.177306 0.055486
0 0.046566 0.623756 0.092252 0.086196
0 0.463664 0.554316 0.090864 0.064924
3 0.611810 0.485399 0.095185 0.049575
2 0.694508 0.460132 0.098526 0.041901
2 0.094612 0.415789 0.094320 0.032872
0 0.481304 0.501347 0.063699 0.036087
0 0.110909 0.474437 0.074212 0.028861
0 0.192197 0.485495 0.066124 0.029041
0 0.471359 0.472881 0.050130 0.037292
0 0.240520 0.498895 0.056834 0.030927
0 0.524248 0.487436 0.050863 0.028862
0 0.382111 0.495495 0.046448 0.030685
0 0.415899 0.479729 0.047096 0.029526
3 0.294080 0.454800 0.040565 0.032469
1 0.778235 0.615853 0.035527 0.034403
0 0.213940 0.458519 0.051623 0.020492
0 0.397042 0.450248 0.037249 0.021271
0 0.307600 0.437131 0.036163 0.016876
0 0.547482 0.457825 0.034751 0.015895
0 0.508517 0.443742 0.028952 0.018122
1 0.100652 0.504063 0.024468 0.017352
0 0.275035 0.424182 0.030324 0.013795
0 0.323564 0.424404 0.026100 0.011551
