3 0.181337 0.857116 0.362674 0.283204
2 0.245400 0.438675 0.263745 0.112005
2 0.393808 0.442172 0.214712 0.096305
0 0.676435 0.644572 0.186087 0.108476
0 0.493218 0.561788 0.168272 0.079888
3 0.610450 0.428215 0.084633 0.067682
0 0.502343 0.480604 0.108013 0.048252
0 0.737170 0.466466 0.086743 0.045007
0 0.744909 0.422507 0.069958 0.034094
0 0.983599 0.463531 0.032801 0.048617
0 0.584414 0.384670 0.055628 0.027534
2 0.640956 0.338762 0.052699 0.027412
0 0.666166 0.387896 0.055140 0.025276
0 0.248822 0.358885 0.059483 0.019957
0 0.748758 0.381245 0.048050 0.023867
0 0.555170 0.424490 0.033529 0.033270
0 0.663374 0.416029 0.033752 0.032017
0 0.942290 0.390998 0.033027 0.031219
0 0.521093 0.363768 0.046172 0.020009
0 0.687835 0.373145 0.039606 0.020981
1 0.684933 0.443316 0.025047 0.023127
0 0.717139 0.351184 0.028340 0.016691
0 0.739475 0.333090 0.028819 0.013246
