2 0.251145 0.629817 0.379701 0.162821
0 0.108128 0.942427 0.216189 0.114567
0 0.943037 0.871024 0.113667 0.098500
0 0.685034 0.628505 0.119081 0.046641
0 0.763420 0.616082 0.113988 0.043639
2 0.610819 0.496870 0.101588 0.042642
0 0.948884 0.590987 0.101992 0.040850
1 0.966771 0.764204 0.066458 0.058056
0 0.551963 0.576821 0.091187 0.036797
0 0.671665 0.573339 0.093611 0.033979
1 0.707859 0.762991 0.064688 0.042547
3 0.852912 0.541807 0.060266 0.035685
0 0.544183 0.554857 0.079807 0.025396
0 0.725754 0.541578 0.067081 0.029393
1 0.714066 0.766571 0.051018 0.034546
0 0.392746 0.519606 0.051188 0.023423
0 0.824720 0.523722 0.055781 0.019196
1 0.706270 0.676147 0.038129 0.026839
0 0.470673 0.530113 0.037905 0.025521
0 0.779036 0.514228 0.045743 0.018361
0 0.358448 0.507405 0.043480 0.018801
1 0.562762 0.622105 0.033582 0.023797
2 0.364445 0.487336 0.031674 0.022585
0 0.165689 0.494569 0.036887 0.018925
0 0.406744 0.501155 0.039011 0.017674
0 0.314784 0.502809 0.034290 0.018016
0 0.500486 0.489964 0.037134 0.016361
0 0.713865 0.507086 0.036490 0.014551
0 0.343831 0.496811 0.030731 0.015647
0 0.281087 0.485826 0.027663 0.016295
3 0.259480 0.488240 0.026463 0.016671
0 0.213303 0.473536 0.030538 0.013900
0 0.293204 0.469324 0.026100 0.015364
0 0.669169 0.509393 0.023223 0.014937
1 0.372468 0.532970 0.017936 0.017987
1 0.163921 0.529431 0.020171 0.015557
0 0.441344 0.476290 0.028378 0.010745
0 0.189815 0.463377 0.022754 0.009839
1 0.321229 0.525070 0.017199 0.012996
0 0.281005 0.460268 0.020212 0.010146
1 0.288181 0.513100 0.014542 0.013764
1 0.287907 0.515023 0.014484 0.010152
