2 0.140824 0.687048 0.280893 0.173112
3 0.111909 0.944646 0.222545 0.110049
0 0.936772 0.747530 0.126456 0.076568
0 0.910981 0.648299 0.156121 0.053746
3 0.527504 0.633733 0.106227 0.065613
0 0.699499 0.632263 0.134067 0.051566
1 0.814784 0.750740 0.078387 0.053270
0 0.671742 0.594780 0.107469 0.034553
3 0.565881 0.620965 0.071327 0.048010
2 0.548792 0.486719 0.076790 0.036640
0 0.553782 0.571814 0.056677 0.035998
1 0.762256 0.691684 0.054216 0.036578
0 0.432439 0.538400 0.058943 0.028052
0 0.690577 0.534375 0.060889 0.024686
2 0.977346 0.575229 0.045026 0.030586
0 0.830787 0.526020 0.057963 0.019337
0 0.380762 0.520448 0.049888 0.022369
0 0.446761 0.516452 0.045561 0.021251
0 0.591890 0.511837 0.043879 0.021741
3 0.404519 0.501311 0.036432 0.025901
0 0.783584 0.516252 0.044328 0.018435
0 0.364514 0.508410 0.038290 0.017482
0 0.300361 0.494923 0.033530 0.018327
3 0.255536 0.490389 0.029199 0.020728
0 0.172930 0.498583 0.031585 0.018452
0 0.450223 0.480307 0.036169 0.014417
1 0.184999 0.537624 0.022983 0.018572
1 0.402592 0.564076 0.021352 0.018699
1 0.509020 0.558236 0.022040 0.016838
0 0.304654 0.481763 0.027232 0.013268
1 0.377956 0.551967 0.018355 0.015381
0 0.295242 0.469290 0.022712 0.010885
1 0.331012 0.531350 0.017233 0.011987
