0 0.569851 0.882476 0.340295 0.234195
2 0.292554 0.470818 0.283872 0.119000
0 0.360168 0.665385 0.257213 0.131008
3 0.239935 0.432370 0.279985 0.110172
2 0.245982 0.432741 0.273112 0.110187
0 0.370604 0.543550 0.157403 0.067765
3 0.556523 0.454358 0.108549 0.083111
0 0.714903 0.508489 0.110948 0.058687
0 0.723554 0.446668 0.084351 0.041634
0 0.981593 0.501900 0.036815 0.081257
0 0.963359 0.415223 0.073282 0.037921
0 0.632531 0.433824 0.061763 0.039524
0 0.483524 0.456602 0.044234 0.045177
0 0.638859 0.397767 0.063829 0.029267
0 0.542822 0.395571 0.059031 0.031634
2 0.624928 0.336887 0.057372 0.029397
0 0.734002 0.390987 0.054311 0.027794
0 0.672325 0.378431 0.048306 0.024792
1 0.646675 0.477281 0.035403 0.031067
0 0.224531 0.355368 0.053513 0.019402
0 0.515291 0.358051 0.047138 0.020492
0 0.621132 0.377011 0.038908 0.024802
0 0.983315 0.379640 0.033210 0.027254
0 0.242768 0.349804 0.042567 0.015774
0 0.703157 0.353139 0.031366 0.018843
0 0.753629 0.352214 0.026715 0.019626
1 0.582729 0.405627 0.027830 0.017602
1 0.485952 0.368637 0.017793 0.016444
