3 0.116263 0.688154 0.231566 0.208928
3 0.411088 0.655010 0.243323 0.184338
2 0.273143 0.441848 0.273743 0.110386
2 0.464896 0.427288 0.171085 0.078068
0 0.723183 0.555393 0.136830 0.073452
0 0.570044 0.509380 0.129009 0.061573
3 0.649360 0.413978 0.073407 0.058818
0 0.576903 0.451522 0.083301 0.039246
3 0.098471 0.402158 0.087096 0.036140
0 0.757508 0.446267 0.074835 0.038623
0 0.970176 0.414880 0.059648 0.037868
0 0.768198 0.410136 0.060837 0.029717
3 0.664444 0.341176 0.049924 0.026166
2 0.664517 0.341138 0.050088 0.026054
0 0.620655 0.378873 0.047659 0.024471
0 0.695075 0.384498 0.050120 0.021745
0 0.769831 0.376478 0.044473 0.021784
0 0.279221 0.361697 0.054810 0.017141
0 0.536340 0.368472 0.047026 0.019288
1 0.068465 0.431322 0.039497 0.022130
0 0.711603 0.371852 0.036999 0.021150
0 0.350321 0.352565 0.031665 0.014035
1 0.718908 0.427599 0.022419 0.018757
0 0.737983 0.351388 0.026632 0.015369
0 0.916555 0.315239 0.018019 0.014179
