3 0.194257 0.611802 0.300826 0.155217
3 0.498675 0.598302 0.193666 0.150049
2 0.293517 0.442929 0.259537 0.109438
2 0.506263 0.421309 0.154936 0.072571
0 0.755177 0.527195 0.122420 0.064906
0 0.614829 0.489623 0.115712 0.054947
3 0.680895 0.409650 0.069613 0.055381
0 0.617458 0.441518 0.077097 0.036437
0 0.782211 0.438433 0.071850 0.036462
0 0.792023 0.404336 0.055080 0.028117
2 0.689027 0.342354 0.049346 0.025939
0 0.984782 0.429679 0.030436 0.040798
0 0.306679 0.362527 0.055418 0.017867
0 0.557231 0.370752 0.048104 0.020421
0 0.721140 0.383223 0.044280 0.021498
0 0.652952 0.373956 0.046971 0.019550
0 0.794255 0.374410 0.042027 0.020940
0 0.734917 0.371414 0.037504 0.020728
0 0.260098 0.365695 0.034461 0.018801
0 0.761864 0.351477 0.026172 0.015610
