0 0.161515 0.877618 0.322643 0.243193
2 0.243206 0.437842 0.263616 0.112019
0 0.668521 0.663223 0.197177 0.118155
2 0.383808 0.444943 0.220311 0.099467
0 0.480253 0.571758 0.176001 0.084314
3 0.605884 0.429813 0.087796 0.068657
0 0.489980 0.486138 0.112451 0.049584
0 0.734122 0.470543 0.088806 0.046328
0 0.742508 0.425013 0.070387 0.034609
0 0.980402 0.456112 0.038635 0.046233
0 0.580811 0.385666 0.058811 0.028585
2 0.640158 0.338834 0.054134 0.027539
0 0.663264 0.389098 0.056796 0.025944
0 0.661713 0.418329 0.038131 0.033961
0 0.746925 0.382275 0.049822 0.024136
0 0.245183 0.358782 0.058648 0.020099
0 0.520219 0.363211 0.047533 0.020142
0 0.686794 0.374405 0.042675 0.022272
0 0.645786 0.370382 0.033596 0.021531
1 0.680459 0.446637 0.026208 0.023006
0 0.715327 0.351381 0.028382 0.016717
0 0.738684 0.333090 0.028947 0.013369
0 0.992148 0.331123 0.015705 0.013894
