0 0.668536 0.853448 0.288903 0.286755
3 0.913307 0.728909 0.173387 0.206465
0 0.403698 0.941692 0.226849 0.115978
3 0.773675 0.567579 0.208397 0.121175
0 0.099370 0.621394 0.167411 0.081765
2 0.817429 0.479181 0.180663 0.051945
0 0.580363 0.597621 0.120234 0.074769
2 0.946323 0.505111 0.106290 0.063493
0 0.383309 0.593936 0.085787 0.065159
0 0.610078 0.556747 0.092742 0.051438
3 0.512477 0.521211 0.073257 0.061790
0 0.445682 0.547816 0.078927 0.051921
2 0.695620 0.458429 0.094255 0.038760
2 0.091723 0.432323 0.096088 0.034837
3 0.925876 0.528007 0.079065 0.036316
2 0.925857 0.527911 0.077883 0.036272
0 0.190757 0.492855 0.061854 0.027851
0 0.399600 0.490137 0.049781 0.032981
0 0.646722 0.497933 0.063876 0.025699
0 0.476658 0.495367 0.047611 0.029372
0 0.618613 0.474072 0.052814 0.022596
0 0.277002 0.464513 0.044807 0.023152
1 0.073301 0.524058 0.036348 0.026810
0 0.556021 0.464077 0.040778 0.022231
1 0.985564 0.594136 0.028119 0.031652
0 0.184434 0.457682 0.045279 0.017231
0 0.407230 0.470096 0.037521 0.017710
0 0.452997 0.459264 0.035033 0.017227
0 0.498873 0.456392 0.031464 0.016039
0 0.400598 0.454066 0.026267 0.017492
0 0.239521 0.439898 0.033682 0.013441
0 0.317416 0.446566 0.028537 0.013945
0 0.577024 0.449080 0.027916 0.013279
