3 0.866156 0.619363 0.267005 0.163976
0 0.759129 0.930851 0.300028 0.137167
0 0.645833 0.660215 0.160921 0.106584
0 0.390747 0.654736 0.105957 0.090907
2 0.826530 0.485140 0.179773 0.053167
0 0.658963 0.594236 0.115335 0.064804
0 0.474407 0.590108 0.095529 0.069238
3 0.536936 0.549076 0.082748 0.074479
2 0.950429 0.508172 0.098671 0.059134
0 0.058977 0.569613 0.117442 0.047149
0 0.199526 0.553710 0.100990 0.044854
2 0.702579 0.465037 0.090937 0.039301
2 0.100973 0.441092 0.092853 0.034378
0 0.709886 0.521443 0.080807 0.030670
3 0.031121 0.478694 0.062020 0.037762
0 0.408898 0.509208 0.057032 0.040079
0 0.492480 0.513839 0.053193 0.033295
0 0.661471 0.488316 0.067321 0.025948
0 0.500576 0.492574 0.047359 0.034518
0 0.836995 0.507396 0.063076 0.025544
0 0.583453 0.476238 0.045730 0.024105
0 0.417170 0.485691 0.040586 0.022071
0 0.234481 0.478224 0.037787 0.022150
0 0.464464 0.471707 0.036317 0.018664
0 0.517418 0.470827 0.035242 0.018730
0 0.304881 0.459197 0.036065 0.018270
0 0.219691 0.454681 0.040803 0.015481
1 0.144463 0.504109 0.030802 0.019042
0 0.409078 0.468181 0.028763 0.018835
0 0.582736 0.455030 0.028582 0.013026
1 0.591711 0.520808 0.020724 0.017088
0 0.332357 0.446430 0.026049 0.012479
0 0.261121 0.442628 0.024928 0.011712
