0 0.124177 0.934733 0.247317 0.130117
2 0.384557 0.554661 0.123083 0.102039
2 0.763392 0.508111 0.152646 0.056636
0 0.685554 0.662663 0.139966 0.060337
0 0.057390 0.708965 0.114236 0.060088
0 0.797649 0.606510 0.115109 0.043984
0 0.964393 0.754785 0.070668 0.068237
0 0.578397 0.559448 0.078598 0.032480
0 0.500068 0.533431 0.063020 0.030506
0 0.600097 0.537292 0.067151 0.027785
0 0.979425 0.693582 0.040659 0.044331
0 0.557499 0.517578 0.062329 0.023445
2 0.334903 0.514192 0.045860 0.031834
0 0.478845 0.518328 0.062267 0.021968
1 0.710182 0.625588 0.042003 0.027952
0 0.617909 0.500089 0.050555 0.020190
0 0.861567 0.511061 0.048831 0.018953
0 0.393817 0.494876 0.043246 0.020051
1 0.232289 0.602110 0.030540 0.026117
1 0.518713 0.639988 0.031930 0.024352
0 0.196277 0.483306 0.035703 0.018800
0 0.367373 0.484033 0.037519 0.017188
1 0.576963 0.582697 0.028257 0.019502
0 0.346907 0.479484 0.033165 0.016028
0 0.402911 0.476335 0.031477 0.014918
0 0.285707 0.465941 0.032887 0.014068
0 0.519676 0.474271 0.033809 0.012686
1 0.482620 0.549933 0.022882 0.018531
0 0.638090 0.474034 0.030546 0.013563
3 0.255243 0.465600 0.023617 0.014899
0 0.482247 0.466016 0.026605 0.013161
0 0.215517 0.455729 0.024112 0.010555
1 0.316861 0.492639 0.014514 0.015702
