0 0.120651 0.937424 0.239986 0.124730
2 0.120590 0.937522 0.239919 0.124521
3 0.359117 0.583618 0.214078 0.129096
2 0.359807 0.583755 0.213813 0.128692
0 0.813182 0.744489 0.194600 0.082958
0 0.927330 0.658620 0.145339 0.056903
2 0.690665 0.499720 0.126974 0.048837
0 0.622546 0.585884 0.092645 0.037422
0 0.895611 0.565583 0.092034 0.036234
0 0.666807 0.567206 0.084547 0.032947
1 0.809722 0.676531 0.055825 0.042603
0 0.528574 0.550683 0.070972 0.032889
0 0.608029 0.539396 0.074000 0.027432
1 0.124536 0.648280 0.048883 0.033883
0 0.512656 0.532506 0.068502 0.022425
3 0.981274 0.554025 0.037379 0.038843
1 0.601928 0.689147 0.049542 0.028467
0 0.354883 0.527869 0.053370 0.024479
0 0.850418 0.515839 0.060353 0.019483
0 0.395776 0.504921 0.052261 0.022011
1 0.629066 0.616599 0.037853 0.024693
0 0.802157 0.506075 0.046227 0.017842
0 0.370252 0.494463 0.040344 0.018215
0 0.469648 0.508362 0.031374 0.021082
0 0.568534 0.494045 0.029737 0.019247
0 0.410958 0.486512 0.033322 0.016884
0 0.191543 0.487442 0.029807 0.018105
1 0.522529 0.577892 0.026095 0.020072
0 0.290350 0.474036 0.032099 0.015470
0 0.629088 0.478504 0.028161 0.014248
0 0.486529 0.472181 0.031996 0.012199
0 0.261603 0.474745 0.024611 0.015676
0 0.220547 0.462344 0.029019 0.013114
1 0.494106 0.566678 0.021469 0.017376
0 0.500919 0.466834 0.027212 0.011353
0 0.307208 0.459279 0.024575 0.012032
1 0.322220 0.506427 0.015598 0.012630
1 0.295198 0.499105 0.013854 0.010302
