2 0.267465 0.623787 0.357823 0.161004
0 0.109105 0.941929 0.218210 0.115529
0 0.930589 0.868434 0.138791 0.124003
0 0.677316 0.623823 0.117045 0.044855
0 0.750286 0.609866 0.110395 0.041973
2 0.618298 0.497415 0.104584 0.044242
1 0.952088 0.753306 0.077702 0.056203
0 0.548119 0.574656 0.088523 0.036325
0 0.962162 0.595385 0.075648 0.041001
0 0.662905 0.569513 0.090945 0.033849
3 0.866952 0.543404 0.062479 0.036289
1 0.695971 0.756447 0.061772 0.035536
0 0.741369 0.543761 0.067538 0.029864
0 0.539693 0.553195 0.078026 0.025846
0 0.392810 0.518254 0.051994 0.023341
1 0.693685 0.668621 0.042839 0.026879
0 0.827939 0.523243 0.055696 0.019241
0 0.781188 0.513710 0.046949 0.018567
0 0.470332 0.528642 0.034870 0.024270
0 0.360241 0.506492 0.042676 0.018968
1 0.557571 0.615986 0.031763 0.025044
0 0.406988 0.499621 0.037814 0.018179
0 0.168900 0.494491 0.034044 0.019024
0 0.316524 0.501522 0.030869 0.016504
0 0.282183 0.484515 0.028981 0.017044
0 0.504183 0.489220 0.033194 0.014425
0 0.214349 0.472417 0.031897 0.014478
0 0.718545 0.507133 0.033772 0.013471
0 0.259832 0.487179 0.025625 0.016433
0 0.294314 0.469592 0.026740 0.014536
1 0.165344 0.527206 0.020283 0.017560
0 0.322282 0.482291 0.022276 0.015874
0 0.446412 0.475093 0.027266 0.012877
1 0.372964 0.531435 0.017585 0.017747
0 0.342413 0.481200 0.020872 0.011864
0 0.677223 0.511653 0.020768 0.011242
0 0.283007 0.460028 0.019582 0.009781
1 0.321422 0.524189 0.016600 0.011466
1 0.288349 0.513085 0.014186 0.011721
0 0.227496 0.449686 0.017033 0.007948
