0 0.655043 0.750030 0.181745 0.154572
3 0.801482 0.681806 0.173806 0.129768
0 0.390777 0.709623 0.142050 0.124711
2 0.880731 0.514222 0.236976 0.072049
0 0.074959 0.698678 0.149721 0.106114
2 0.857745 0.508441 0.189494 0.060176
0 0.061197 0.603263 0.122214 0.059359
3 0.618108 0.557539 0.087787 0.071850
0 0.535602 0.589182 0.091756 0.064383
3 0.618661 0.517696 0.091492 0.053414
0 0.424356 0.581466 0.080582 0.054929
2 0.728876 0.479700 0.096982 0.038599
3 0.263712 0.530324 0.070009 0.050359
3 0.794689 0.587315 0.076504 0.045549
0 0.464323 0.526615 0.066302 0.044311
2 0.140609 0.438097 0.090136 0.032258
0 0.158878 0.523569 0.083572 0.032966
0 0.885317 0.553932 0.073318 0.034219
3 0.608809 0.484301 0.073657 0.032919
2 0.608605 0.483912 0.073274 0.032507
0 0.167408 0.488875 0.064337 0.023276
3 0.977286 0.562783 0.044974 0.031995
1 0.862699 0.646029 0.035794 0.037209
0 0.311723 0.486843 0.045792 0.027124
0 0.500135 0.499622 0.047927 0.025193
0 0.245907 0.486350 0.047584 0.023852
1 0.868183 0.646673 0.025838 0.036374
0 0.448213 0.482842 0.037891 0.022868
0 0.422512 0.494092 0.035569 0.022294
0 0.537072 0.487816 0.035468 0.021850
0 0.340184 0.461240 0.034776 0.016876
1 0.687745 0.546865 0.023362 0.019791
0 0.047439 0.476523 0.023328 0.018011
