2 0.315754 0.606312 0.291686 0.148356
0 0.114132 0.940277 0.226729 0.118981
2 0.113476 0.940266 0.226803 0.118929
0 0.893989 0.808908 0.211703 0.102338
2 0.648480 0.498631 0.111320 0.045642
0 0.650456 0.605767 0.105059 0.043651
0 0.966666 0.693849 0.066248 0.055384
0 0.710355 0.590512 0.097951 0.037289
1 0.883662 0.716222 0.068087 0.051399
0 0.537943 0.564546 0.085236 0.034730
3 0.920356 0.548509 0.067464 0.039554
0 0.637398 0.556421 0.083556 0.031008
0 0.800047 0.552255 0.077311 0.032627
1 0.024609 0.680549 0.048262 0.041229
0 0.527925 0.544335 0.075052 0.023390
1 0.656867 0.726078 0.049469 0.030813
0 0.837943 0.520575 0.059086 0.019698
1 0.661259 0.644033 0.042334 0.027025
0 0.396413 0.512693 0.047838 0.022168
0 0.790660 0.510821 0.045392 0.018056
0 0.469337 0.520828 0.033662 0.022278
0 0.364564 0.502141 0.040932 0.017805
0 0.724442 0.503096 0.042728 0.015780
2 0.366695 0.480731 0.029122 0.022283
0 0.177063 0.491821 0.034655 0.018475
1 0.540442 0.599721 0.030001 0.021239
0 0.408906 0.494809 0.036479 0.017099
0 0.327614 0.498028 0.033272 0.015454
0 0.286456 0.481072 0.028907 0.015280
0 0.217798 0.469598 0.031151 0.012229
0 0.464284 0.476077 0.027774 0.012797
0 0.708926 0.510929 0.020301 0.016635
1 0.321481 0.514138 0.017639 0.017043
0 0.403777 0.455422 0.023306 0.011011
1 0.321469 0.517166 0.016334 0.011850
1 0.290968 0.507621 0.015490 0.011751
0 0.237094 0.446913 0.017298 0.007862
