0 0.547110 0.922428 0.358266 0.154300
0 0.311367 0.705452 0.293635 0.152034
2 0.263030 0.479620 0.307586 0.128818
2 0.241019 0.428410 0.285423 0.108711
3 0.236824 0.430230 0.278931 0.107737
0 0.325192 0.565937 0.176240 0.075165
3 0.539830 0.463706 0.117752 0.087660
0 0.707702 0.522648 0.117601 0.062905
0 0.973050 0.478549 0.053801 0.072191
0 0.716685 0.454246 0.086861 0.043301
0 0.622526 0.439801 0.068829 0.042873
0 0.955417 0.406428 0.071593 0.035964
0 0.461007 0.466557 0.049314 0.050112
0 0.534277 0.399234 0.065145 0.033039
0 0.631127 0.401140 0.065929 0.030832
2 0.620894 0.337450 0.060224 0.030567
0 0.731259 0.394678 0.058159 0.028559
0 0.667597 0.380482 0.049672 0.026142
0 0.978892 0.374206 0.042216 0.026623
0 0.614788 0.379629 0.039760 0.026227
0 0.514009 0.356951 0.048258 0.020820
1 0.633351 0.490075 0.032502 0.030380
0 0.219652 0.355728 0.045354 0.019741
0 0.238349 0.349338 0.043335 0.017684
0 0.698981 0.354226 0.033807 0.019363
0 0.751622 0.352533 0.027350 0.019727
1 0.573405 0.413238 0.024638 0.018297
1 0.483581 0.367786 0.017557 0.016502
