0 0.696971 0.847386 0.251469 0.234635
3 0.889316 0.761368 0.221164 0.187467
0 0.352860 0.779010 0.181497 0.179830
2 0.871287 0.513353 0.256567 0.092016
2 0.833034 0.496762 0.183050 0.058479
0 0.533110 0.613886 0.109570 0.081628
3 0.623371 0.567211 0.102711 0.083013
0 0.398201 0.596634 0.093917 0.065425
0 0.169753 0.575197 0.118068 0.050880
3 0.618134 0.516880 0.102087 0.057241
3 0.820403 0.608523 0.091214 0.060185
0 0.127698 0.534680 0.100501 0.041091
2 0.708398 0.470617 0.096387 0.041951
0 0.457027 0.530364 0.076065 0.050720
3 0.603784 0.482010 0.084390 0.040528
2 0.603600 0.481875 0.084530 0.040122
2 0.115829 0.423047 0.092957 0.032824
0 0.923579 0.554568 0.080093 0.036744
0 0.033120 0.523979 0.065848 0.042307
3 0.278696 0.488892 0.056751 0.039971
0 0.184686 0.487693 0.065119 0.025543
0 0.487695 0.496309 0.049736 0.029540
0 0.400284 0.489668 0.040379 0.026414
0 0.429738 0.477295 0.040957 0.025343
0 0.186541 0.460914 0.051881 0.019457
0 0.524387 0.483577 0.040185 0.023945
2 0.020458 0.442578 0.038244 0.019726
0 0.310191 0.459500 0.035775 0.020905
1 0.710074 0.560770 0.027746 0.026691
0 0.244728 0.461174 0.033950 0.020826
0 0.414326 0.452144 0.034347 0.019732
0 0.549089 0.460696 0.030766 0.015386
0 0.329014 0.440929 0.031455 0.014727
