3 0.232263 0.594904 0.277376 0.143284
2 0.299994 0.443616 0.261154 0.108499
3 0.519471 0.584848 0.181415 0.141619
2 0.516406 0.420178 0.150034 0.071584
0 0.762648 0.519766 0.119570 0.062776
0 0.626343 0.484566 0.112533 0.053406
3 0.689299 0.408370 0.070218 0.054921
0 0.627475 0.439376 0.076472 0.035544
0 0.787952 0.436167 0.069975 0.035682
0 0.797749 0.403364 0.053110 0.027697
2 0.695163 0.342333 0.048154 0.025711
0 0.988467 0.434876 0.023067 0.043767
0 0.561470 0.371796 0.047458 0.020017
0 0.727527 0.382992 0.045114 0.020673
0 0.313092 0.364389 0.054091 0.016855
0 0.799544 0.373796 0.041324 0.020765
0 0.659277 0.373047 0.044231 0.018574
0 0.741354 0.371052 0.036489 0.020503
0 0.265284 0.366234 0.034111 0.017316
0 0.768276 0.351292 0.025429 0.014927
1 0.754492 0.418925 0.019537 0.017418
