0 0.509014 0.874364 0.324500 0.228082
3 0.297343 0.569633 0.241049 0.130588
2 0.312571 0.443789 0.261592 0.108161
2 0.555028 0.560490 0.162770 0.128159
2 0.535569 0.417303 0.142035 0.069164
0 0.777455 0.506472 0.113439 0.057315
0 0.647530 0.474843 0.105992 0.050166
3 0.218334 0.402513 0.142955 0.036689
3 0.703641 0.405554 0.068298 0.052369
0 0.644999 0.434529 0.073027 0.033759
0 0.797643 0.432090 0.067208 0.033300
0 0.809460 0.400285 0.053675 0.026556
2 0.706808 0.342754 0.048023 0.024946
0 0.666748 0.394292 0.039154 0.028020
0 0.570253 0.372679 0.048276 0.020159
0 0.324198 0.365226 0.052571 0.016567
0 0.740305 0.382626 0.042164 0.020314
0 0.674064 0.372548 0.044074 0.019184
0 0.810622 0.372371 0.040481 0.019873
0 0.276174 0.367698 0.036577 0.017383
0 0.316811 0.365596 0.037765 0.016068
0 0.394018 0.356676 0.035230 0.014256
