2 0.291315 0.614007 0.327356 0.157253
0 0.111356 0.941480 0.221496 0.116548
0 0.912514 0.840266 0.174693 0.113805
0 0.664434 0.615820 0.112061 0.043560
2 0.632178 0.498266 0.105822 0.045289
0 0.731484 0.601060 0.104802 0.040069
1 0.918436 0.735588 0.073136 0.054111
0 0.543133 0.569983 0.086854 0.035306
0 0.651102 0.563526 0.087975 0.033019
3 0.890180 0.545893 0.063774 0.038157
0 0.766532 0.547846 0.072906 0.031062
0 0.533927 0.549186 0.076776 0.025263
1 0.676669 0.742399 0.057004 0.033216
0 0.394350 0.515800 0.052334 0.022766
0 0.832279 0.522169 0.058161 0.019311
0 0.713223 0.504666 0.055573 0.016702
0 0.985112 0.598118 0.028965 0.031887
0 0.986013 0.706732 0.026797 0.034027
0 0.469721 0.524391 0.034477 0.024350
1 0.682037 0.657666 0.033192 0.025233
0 0.785773 0.512691 0.045416 0.017377
0 0.361552 0.504872 0.042553 0.018115
0 0.172183 0.493241 0.036966 0.019068
0 0.407996 0.497690 0.037346 0.017629
1 0.549452 0.609885 0.029358 0.020504
0 0.322391 0.500667 0.035145 0.016113
0 0.284322 0.483301 0.029812 0.016328
0 0.452538 0.474507 0.030751 0.013248
0 0.215728 0.471993 0.031361 0.012589
0 0.297655 0.468659 0.026444 0.014321
1 0.167491 0.526679 0.020941 0.015525
1 0.373745 0.526979 0.018789 0.017172
0 0.690778 0.511341 0.020947 0.013745
1 0.321135 0.519365 0.017093 0.014542
1 0.289731 0.511438 0.014258 0.010275
