3 0.883057 0.703872 0.233766 0.219123
0 0.613407 0.770440 0.226813 0.212002
0 0.408173 0.909610 0.247774 0.180056
3 0.738461 0.549891 0.182425 0.108239
0 0.065889 0.686906 0.130058 0.122124
2 0.817146 0.478657 0.179317 0.053742
0 0.557374 0.576570 0.103309 0.064629
0 0.381677 0.572364 0.077244 0.056550
0 0.503917 0.510598 0.067791 0.057904
0 0.593974 0.542716 0.082924 0.046653
2 0.696418 0.457349 0.097342 0.039348
0 0.437586 0.532476 0.072682 0.048221
2 0.091023 0.429078 0.095124 0.033409
2 0.871267 0.519193 0.075661 0.034154
3 0.871225 0.519282 0.074659 0.034358
0 0.159686 0.508002 0.070790 0.033595
0 0.262165 0.471087 0.053889 0.027471
0 0.398068 0.482104 0.046811 0.031583
0 0.472966 0.488358 0.049048 0.027612
0 0.623414 0.488605 0.056898 0.023773
0 0.165524 0.460631 0.049504 0.021224
0 0.605329 0.468663 0.046176 0.020383
0 0.547741 0.460058 0.038429 0.021209
0 0.404795 0.465072 0.037914 0.019782
0 0.448397 0.454333 0.034682 0.016995
2 0.329017 0.430613 0.023554 0.020432
0 0.311740 0.448823 0.031894 0.014699
0 0.493239 0.451334 0.029353 0.015663
0 0.399393 0.448528 0.026389 0.016951
0 0.227706 0.441028 0.030346 0.014288
0 0.575779 0.446562 0.027589 0.013193
