0 0.841879 0.881060 0.316242 0.237486
0 0.362648 0.885130 0.193313 0.229087
0 0.537058 0.739485 0.172219 0.150508
2 0.861811 0.517194 0.275868 0.083829
0 0.773399 0.704880 0.195717 0.115181
3 0.951470 0.709049 0.096532 0.161669
3 0.578667 0.621200 0.117611 0.109446
2 0.817042 0.502426 0.179725 0.053794
0 0.104787 0.627840 0.141826 0.065049
2 0.945752 0.526847 0.107721 0.064258
0 0.790077 0.516827 0.137469 0.037724
0 0.815125 0.574980 0.114977 0.044566
0 0.906361 0.555056 0.129349 0.039424
0 0.404935 0.565352 0.076530 0.058597
0 0.086594 0.563156 0.092181 0.037519
0 0.762697 0.524812 0.100297 0.034235
0 0.508736 0.560544 0.071105 0.045415
2 0.093166 0.458751 0.094149 0.033667
2 0.690365 0.479519 0.086386 0.035297
1 0.848965 0.699727 0.046597 0.046451
0 0.512083 0.524320 0.056630 0.037929
0 0.263223 0.506997 0.059671 0.034078
0 0.630733 0.504769 0.062016 0.027269
0 0.186084 0.512123 0.059703 0.025382
3 0.106460 0.472979 0.052254 0.028853
0 0.413838 0.520701 0.048159 0.029261
0 0.537821 0.504587 0.044938 0.022573
3 0.014566 0.487942 0.028932 0.034224
0 0.464213 0.499795 0.042878 0.022630
1 0.459791 0.564309 0.031921 0.024240
0 0.400998 0.495592 0.032159 0.023404
1 0.646606 0.580431 0.027603 0.025632
1 0.687988 0.570964 0.029741 0.022622
0 0.274520 0.471346 0.031712 0.015194
0 0.455569 0.479124 0.028598 0.015737
0 0.574496 0.471373 0.027823 0.013135
0 0.316962 0.461046 0.023958 0.014295
