0 0.692101 0.871220 0.289708 0.257030
3 0.812296 0.707557 0.232336 0.186805
0 0.382152 0.750247 0.161771 0.160246
2 0.863387 0.497208 0.273227 0.091575
3 0.726842 0.579005 0.186740 0.110096
0 0.503792 0.611274 0.123219 0.096708
2 0.652604 0.509601 0.124567 0.076778
3 0.652821 0.509565 0.124782 0.076632
0 0.178507 0.518344 0.091308 0.042909
2 0.693141 0.457647 0.092621 0.040248
2 0.092360 0.420916 0.095467 0.033311
0 0.504599 0.522857 0.071125 0.043804
0 0.051258 0.492471 0.087925 0.031323
0 0.481752 0.482881 0.054863 0.042462
0 0.979790 0.768096 0.039607 0.057390
0 0.548510 0.506813 0.062566 0.035100
0 0.380071 0.518838 0.053548 0.037695
0 0.422299 0.495398 0.054902 0.034042
1 0.979385 0.598020 0.040739 0.030270
0 0.179397 0.454514 0.049585 0.021371
2 0.316089 0.438692 0.034843 0.029000
0 0.396609 0.461821 0.040253 0.023544
0 0.292065 0.467757 0.038198 0.019852
0 0.569311 0.466545 0.040911 0.018112
0 0.230617 0.463559 0.032295 0.021406
0 0.580348 0.458079 0.035487 0.017785
0 0.524278 0.449254 0.033054 0.018818
0 0.243484 0.430986 0.033349 0.012587
0 0.442323 0.440698 0.028698 0.014185
0 0.577201 0.445039 0.028007 0.011926
0 0.287670 0.420896 0.024285 0.012107
