0 0.650084 0.706150 0.221773 0.140762
2 0.245744 0.436368 0.274375 0.111877
2 0.362497 0.451924 0.234503 0.102476
0 0.453866 0.592901 0.191655 0.093583
3 0.594477 0.434246 0.090871 0.071076
0 0.463565 0.498620 0.121736 0.053019
0 0.730567 0.478672 0.095503 0.049243
0 0.738510 0.429464 0.075276 0.035928
0 0.975497 0.442636 0.049007 0.043228
0 0.571002 0.387923 0.057758 0.029545
2 0.635875 0.337638 0.056275 0.028368
0 0.657184 0.390522 0.058461 0.026862
0 0.656390 0.421800 0.041663 0.034507
0 0.744193 0.384257 0.052077 0.024776
0 0.240566 0.357390 0.060410 0.018292
0 0.685103 0.375436 0.043144 0.024291
0 0.639359 0.373782 0.033661 0.027200
0 0.515419 0.361852 0.039487 0.019969
1 0.672332 0.454476 0.026757 0.024325
0 0.712786 0.351164 0.029268 0.017008
