0 0.121719 0.937243 0.242183 0.125076
2 0.121765 0.937328 0.242244 0.124904
2 0.362090 0.582341 0.210910 0.126887
0 0.807525 0.740613 0.192145 0.081729
0 0.924292 0.656140 0.149691 0.056237
2 0.693465 0.499863 0.128732 0.049715
0 0.902448 0.566728 0.094614 0.036892
0 0.621026 0.584634 0.092238 0.037202
0 0.665084 0.565762 0.084205 0.033081
0 0.524727 0.550453 0.074872 0.033430
1 0.805608 0.672974 0.055044 0.044486
0 0.606467 0.538413 0.073849 0.027113
0 0.510461 0.531772 0.068019 0.022814
1 0.130598 0.647402 0.048065 0.030214
0 0.354244 0.527516 0.053201 0.025146
1 0.599657 0.687177 0.045640 0.027878
3 0.983729 0.554277 0.031592 0.037070
0 0.850529 0.515586 0.058753 0.019902
0 0.395797 0.504436 0.052613 0.022200
0 0.802556 0.505921 0.046382 0.017745
1 0.627095 0.615822 0.036339 0.022374
0 0.370349 0.493776 0.040403 0.018502
0 0.468812 0.507350 0.032277 0.021890
0 0.410449 0.485967 0.033946 0.016610
0 0.191562 0.487276 0.031301 0.017705
0 0.570261 0.493736 0.029020 0.018731
1 0.521096 0.576730 0.026227 0.019534
0 0.290610 0.473583 0.031707 0.015302
0 0.338158 0.488907 0.030251 0.014585
0 0.631421 0.478023 0.031264 0.013901
0 0.221112 0.461865 0.029849 0.012999
0 0.261572 0.474356 0.024769 0.015377
0 0.487187 0.472030 0.032015 0.011266
0 0.502119 0.466787 0.028826 0.011793
1 0.322416 0.506022 0.015517 0.012143
1 0.294919 0.498487 0.014127 0.010452
0 0.249295 0.441163 0.016015 0.008156
