2 0.190698 0.667490 0.381395 0.196299
0 0.103339 0.944000 0.204734 0.111395
0 0.906199 0.669492 0.154189 0.057462
0 0.786511 0.674159 0.153303 0.057297
1 0.862498 0.852674 0.094508 0.063674
0 0.759929 0.604000 0.117626 0.041982
0 0.597824 0.598526 0.107502 0.042711
2 0.430751 0.593439 0.080757 0.053632
1 0.833190 0.742782 0.074579 0.049804
2 0.569165 0.490736 0.088288 0.038171
0 0.783099 0.558070 0.078070 0.033106
0 0.588192 0.571370 0.092871 0.027050
1 0.640138 0.668692 0.048998 0.035924
0 0.400080 0.528036 0.055926 0.025018
0 0.493261 0.547795 0.043520 0.030535
0 0.639481 0.523868 0.051547 0.025093
0 0.817969 0.525050 0.055850 0.019797
0 0.358099 0.512783 0.044420 0.020228
0 0.414431 0.508360 0.042706 0.019159
2 0.373270 0.493587 0.033853 0.023454
0 0.701884 0.507633 0.047356 0.016104
0 0.308765 0.509622 0.034952 0.019526
3 0.240571 0.482785 0.029287 0.021870
0 0.157709 0.496380 0.031742 0.018355
0 0.341901 0.500863 0.034828 0.016431
0 0.279326 0.489812 0.030456 0.016790
0 0.463384 0.483581 0.033087 0.013912
1 0.161580 0.533416 0.022169 0.017399
1 0.376812 0.545558 0.019303 0.018103
0 0.187054 0.465648 0.027751 0.012061
1 0.272949 0.512559 0.018024 0.017046
1 0.377136 0.548210 0.018412 0.014973
1 0.465670 0.541439 0.018156 0.014350
0 0.243262 0.465651 0.022697 0.010733
0 0.277063 0.464595 0.022535 0.010307
1 0.298461 0.521547 0.016931 0.013244
1 0.337396 0.538427 0.017811 0.011901
0 0.625102 0.504880 0.019726 0.009424
