2 0.329203 0.600386 0.267781 0.142384
0 0.116853 0.939638 0.233707 0.120240
0 0.882397 0.789364 0.231187 0.096591
0 0.955445 0.687787 0.088768 0.063059
2 0.659999 0.498900 0.112506 0.048357
0 0.641854 0.600448 0.100051 0.040696
0 0.698229 0.583906 0.093962 0.036386
1 0.861885 0.704481 0.065177 0.049517
0 0.534122 0.560622 0.082444 0.033501
3 0.941148 0.551131 0.069308 0.039843
3 0.823875 0.555872 0.081061 0.033649
1 0.047780 0.672025 0.062569 0.040540
0 0.629440 0.551648 0.081648 0.030251
1 0.637279 0.711693 0.060005 0.038149
0 0.523815 0.540756 0.072453 0.023061
1 0.644752 0.715488 0.044296 0.030536
1 0.654408 0.633559 0.039524 0.030961
0 0.841378 0.519525 0.059031 0.019976
0 0.396913 0.510703 0.049327 0.022799
1 0.655174 0.636884 0.034417 0.024807
0 0.794465 0.509384 0.045173 0.018054
0 0.366587 0.500136 0.042182 0.018557
0 0.469937 0.517572 0.033004 0.021229
0 0.180675 0.490793 0.036065 0.018497
2 0.367578 0.478774 0.028817 0.021868
0 0.409681 0.492609 0.036041 0.016980
1 0.534799 0.594460 0.030068 0.019950
0 0.352328 0.489868 0.030565 0.019134
0 0.330058 0.495056 0.031821 0.015867
0 0.287657 0.478782 0.030515 0.016231
0 0.470255 0.474698 0.028767 0.014451
0 0.302874 0.462863 0.025782 0.014610
0 0.218545 0.467734 0.030271 0.011999
1 0.321937 0.513130 0.015555 0.013702
1 0.291633 0.505552 0.015117 0.010877
