0 0.122493 0.936585 0.243826 0.126367
2 0.366423 0.578785 0.196431 0.123077
0 0.791584 0.729296 0.183385 0.078698
0 0.908682 0.648998 0.145181 0.054527
2 0.704064 0.500221 0.130358 0.050245
0 0.924687 0.570995 0.097492 0.039768
0 0.616016 0.580881 0.090687 0.037223
0 0.656781 0.561611 0.081187 0.031780
0 0.523728 0.547368 0.070602 0.031958
1 0.793832 0.666865 0.053135 0.042075
0 0.601310 0.535376 0.073433 0.026788
1 0.587842 0.678245 0.049697 0.032601
0 0.508153 0.529679 0.067100 0.023529
0 0.353107 0.526343 0.054125 0.027989
1 0.147704 0.640468 0.045254 0.031019
0 0.851551 0.514666 0.058596 0.019545
0 0.397054 0.502767 0.051825 0.021890
0 0.804331 0.504689 0.046027 0.018169
0 0.370824 0.492210 0.040321 0.018935
1 0.621349 0.610955 0.034072 0.021413
0 0.469008 0.504956 0.030956 0.021874
0 0.410460 0.484370 0.033338 0.016592
0 0.575918 0.493330 0.031085 0.017732
0 0.193382 0.486446 0.030225 0.018048
0 0.291175 0.472018 0.031391 0.015290
1 0.516598 0.573014 0.025085 0.018857
0 0.632200 0.476886 0.029344 0.012838
0 0.492538 0.472171 0.031086 0.011827
0 0.221569 0.460265 0.028304 0.012876
0 0.507060 0.466423 0.027340 0.011460
1 0.322744 0.501563 0.016242 0.016613
1 0.322815 0.504252 0.015163 0.012366
1 0.296572 0.495962 0.013763 0.011306
