0 0.649241 0.728495 0.168526 0.136628
3 0.781230 0.664027 0.157570 0.116096
2 0.885226 0.516565 0.228016 0.070766
0 0.402280 0.694157 0.132495 0.112689
0 0.051524 0.756741 0.102485 0.125691
2 0.865064 0.510020 0.185701 0.056963
0 0.047047 0.634453 0.093552 0.069437
3 0.617806 0.555684 0.083294 0.069311
0 0.537579 0.583308 0.088173 0.060894
3 0.619520 0.518654 0.087665 0.052673
2 0.619285 0.518743 0.087300 0.052830
3 0.252863 0.546954 0.074730 0.055078
0 0.430990 0.577992 0.078134 0.051533
2 0.734775 0.482516 0.096737 0.037507
3 0.790357 0.585457 0.072144 0.047041
0 0.146582 0.537284 0.093406 0.035087
2 0.148171 0.442683 0.089011 0.032433
0 0.468064 0.526211 0.064856 0.041957
0 0.876715 0.554017 0.071961 0.034693
2 0.611386 0.485790 0.070546 0.031651
0 0.158361 0.499507 0.067964 0.025537
0 0.308932 0.495668 0.055359 0.027406
0 0.244739 0.495510 0.050975 0.024392
0 0.507699 0.500878 0.041529 0.024753
1 0.846218 0.634129 0.025429 0.031545
0 0.453853 0.484947 0.036736 0.021757
0 0.429907 0.495657 0.035789 0.021791
0 0.541301 0.489832 0.034525 0.020529
0 0.343421 0.468568 0.035498 0.017356
0 0.275534 0.469996 0.034506 0.016539
1 0.682693 0.544032 0.023824 0.018696
0 0.359583 0.450804 0.024966 0.012033
