0 0.559816 0.824379 0.221062 0.213055
0 0.867811 0.919879 0.264379 0.159554
0 0.810214 0.748529 0.233733 0.141954
0 0.335611 0.924428 0.212220 0.150655
3 0.578604 0.647000 0.130528 0.126588
2 0.791443 0.502787 0.177511 0.048856
0 0.127557 0.597814 0.112693 0.053845
0 0.825111 0.587396 0.122830 0.047981
0 0.388400 0.584607 0.086778 0.065722
3 0.855278 0.555284 0.120898 0.041517
0 0.767553 0.515963 0.135662 0.032268
0 0.498527 0.574522 0.076445 0.049935
2 0.672183 0.482977 0.092799 0.036962
0 0.774832 0.533882 0.091913 0.034841
2 0.066301 0.461688 0.093520 0.032879
1 0.891960 0.739392 0.053169 0.053467
0 0.499221 0.533904 0.059933 0.041443
0 0.105871 0.544767 0.076130 0.031518
0 0.632019 0.511334 0.068157 0.028605
0 0.394396 0.530840 0.052238 0.031906
1 0.976302 0.623893 0.047174 0.030574
0 0.252956 0.505450 0.051606 0.027231
3 0.101049 0.472446 0.048026 0.026993
0 0.184014 0.504738 0.052726 0.023235
0 0.529636 0.514163 0.047935 0.023507
0 0.447212 0.506196 0.044898 0.023765
1 0.650496 0.599755 0.033323 0.028024
1 0.718047 0.595568 0.035711 0.025982
0 0.380622 0.502631 0.035114 0.025754
2 0.476576 0.461646 0.037391 0.023395
0 0.383554 0.485929 0.028196 0.017415
0 0.437308 0.484757 0.028803 0.016400
0 0.425327 0.472840 0.028058 0.015051
0 0.554852 0.474828 0.027269 0.012675
0 0.300684 0.461630 0.024671 0.013628
