3 0.270135 0.763917 0.348372 0.255232
2 0.253249 0.439294 0.270364 0.111277
2 0.421503 0.435707 0.194087 0.087721
0 0.694418 0.601881 0.161420 0.089956
0 0.523264 0.538300 0.150764 0.072247
3 0.623863 0.420683 0.079556 0.063540
0 0.028500 0.763172 0.055724 0.077176
0 0.532612 0.466758 0.096260 0.043377
0 0.741367 0.457227 0.080789 0.042109
0 0.750575 0.416913 0.064998 0.032274
0 0.949663 0.399802 0.045822 0.034429
2 0.647167 0.339451 0.050610 0.026689
0 0.596026 0.381472 0.051232 0.025612
0 0.674350 0.385914 0.051698 0.024970
0 0.955525 0.364467 0.045290 0.028338
0 0.258120 0.360288 0.057053 0.019244
0 0.753164 0.378980 0.045146 0.023030
0 0.571965 0.416780 0.031192 0.031313
0 0.524726 0.365330 0.047486 0.019772
0 0.694174 0.372647 0.041110 0.021340
0 0.671455 0.412945 0.025218 0.030500
0 0.658478 0.368635 0.033949 0.022046
0 0.992817 0.484255 0.014367 0.044992
1 0.695870 0.434673 0.023283 0.022789
0 0.722418 0.351048 0.026845 0.015906
