2 0.176917 0.676565 0.353407 0.194443
0 0.105777 0.944023 0.209572 0.111212
0 0.845457 0.696518 0.172676 0.063199
1 0.951733 0.902003 0.096534 0.079707
0 0.946741 0.694390 0.106187 0.063837
0 0.808711 0.617929 0.130162 0.044890
1 0.913931 0.781268 0.091745 0.057504
0 0.628199 0.608470 0.114072 0.045457
3 0.460004 0.606642 0.090918 0.056976
0 0.615494 0.578364 0.097153 0.028941
1 0.691718 0.693363 0.058722 0.042071
2 0.566545 0.489452 0.067819 0.035563
3 0.511245 0.599959 0.053633 0.042875
0 0.743505 0.548488 0.070219 0.030651
0 0.510393 0.555261 0.048806 0.032097
1 0.695101 0.699309 0.051312 0.029702
0 0.409738 0.531187 0.056103 0.026478
1 0.665138 0.654105 0.044630 0.030761
0 0.617309 0.518604 0.048871 0.023849
0 0.820454 0.524979 0.057429 0.019447
0 0.364803 0.515086 0.045095 0.020731
0 0.424140 0.510985 0.042014 0.019922
0 0.775209 0.515095 0.042285 0.018427
0 0.312153 0.511991 0.037758 0.020089
3 0.229785 0.478250 0.041349 0.017334
0 0.702960 0.507297 0.045629 0.015666
0 0.159190 0.496554 0.037403 0.019009
3 0.244628 0.485239 0.029673 0.022270
0 0.284376 0.491292 0.033855 0.017626
0 0.348071 0.503879 0.034448 0.017308
0 0.274656 0.497301 0.027438 0.018559
0 0.456654 0.481526 0.032988 0.013309
1 0.168416 0.534265 0.022849 0.018691
0 0.294600 0.477913 0.028254 0.012639
1 0.478118 0.545726 0.021323 0.016469
1 0.384587 0.552679 0.019807 0.017337
1 0.308634 0.524136 0.016936 0.014654
0 0.282232 0.466016 0.022703 0.010580
1 0.280745 0.518982 0.017806 0.011434
1 0.350506 0.543501 0.017686 0.011249
