2 0.280571 0.618308 0.337236 0.157739
0 0.110655 0.941787 0.220006 0.115921
0 0.919537 0.851386 0.160926 0.118286
0 0.669084 0.618770 0.114139 0.044464
2 0.627590 0.497640 0.103307 0.044081
0 0.738513 0.604606 0.107102 0.041009
1 0.932157 0.742675 0.074350 0.054716
0 0.544796 0.571968 0.087799 0.035720
0 0.655523 0.566077 0.088633 0.033235
3 0.880512 0.544515 0.063336 0.037815
1 0.683295 0.747228 0.060631 0.035655
0 0.756464 0.546291 0.070530 0.030263
0 0.536720 0.550155 0.076880 0.023909
0 0.975567 0.596654 0.048865 0.035529
0 0.393614 0.516522 0.051904 0.023273
0 0.830269 0.522636 0.056926 0.019201
1 0.689205 0.658287 0.032994 0.032902
0 0.361192 0.505517 0.043027 0.018672
0 0.469295 0.526444 0.034441 0.023135
0 0.783517 0.513078 0.044806 0.017501
2 0.365745 0.484564 0.030696 0.023055
0 0.170741 0.493890 0.036280 0.018816
0 0.407268 0.498322 0.037374 0.018051
1 0.552457 0.612439 0.030979 0.021405
0 0.321075 0.501212 0.035511 0.016429
0 0.283657 0.484092 0.028810 0.015697
0 0.215457 0.472156 0.031775 0.013928
0 0.993412 0.712983 0.013176 0.032157
0 0.260030 0.485731 0.024618 0.016965
0 0.296643 0.468696 0.026404 0.013622
1 0.166668 0.526997 0.020379 0.016442
0 0.685625 0.510947 0.021621 0.014136
0 0.451662 0.476718 0.026151 0.011188
1 0.373657 0.530104 0.017268 0.014984
1 0.321213 0.521670 0.016623 0.012665
0 0.284974 0.459551 0.019090 0.010110
1 0.289261 0.512048 0.014381 0.010695
