2 0.319181 0.605167 0.284445 0.147008
0 0.115204 0.940131 0.228945 0.119278
0 0.891184 0.803572 0.217633 0.101030
2 0.650032 0.498721 0.113604 0.046129
0 0.648091 0.604374 0.103313 0.044136
0 0.963814 0.691828 0.071988 0.055252
0 0.707148 0.588955 0.097699 0.037103
1 0.877411 0.713273 0.067923 0.050724
0 0.536206 0.563909 0.085640 0.034447
3 0.925226 0.549371 0.069744 0.039782
0 0.805556 0.553147 0.077996 0.033139
0 0.635346 0.554991 0.082227 0.030920
1 0.028184 0.678865 0.055792 0.042337
0 0.526364 0.543616 0.074411 0.023463
1 0.655063 0.722963 0.045703 0.031796
0 0.838298 0.520319 0.057844 0.019710
0 0.395869 0.512215 0.049148 0.022113
1 0.660299 0.642025 0.038357 0.026164
0 0.791681 0.510317 0.046365 0.018149
0 0.365451 0.501772 0.041647 0.018070
1 0.538919 0.597436 0.030012 0.022853
2 0.367540 0.481013 0.028563 0.022224
0 0.409276 0.494288 0.036255 0.017028
0 0.180302 0.491667 0.031768 0.018218
0 0.328485 0.497076 0.033969 0.016408
0 0.286866 0.480694 0.029281 0.015639
0 0.465669 0.475051 0.027129 0.013415
0 0.217816 0.469299 0.030506 0.011748
0 0.351123 0.487765 0.027743 0.012044
1 0.321957 0.513768 0.016745 0.016825
1 0.291101 0.507053 0.016191 0.011384
1 0.321941 0.516901 0.015857 0.011421
