0 0.623165 0.772925 0.263078 0.181870
2 0.245155 0.434513 0.279271 0.112205
2 0.333716 0.459484 0.254839 0.109888
0 0.417886 0.620062 0.216872 0.105612
0 0.427537 0.515390 0.135981 0.058641
3 0.579891 0.441735 0.098690 0.075459
0 0.724579 0.489975 0.100257 0.052762
0 0.733204 0.436579 0.077990 0.039246
0 0.970138 0.428675 0.059725 0.039093
0 0.561522 0.390530 0.060265 0.030547
0 0.647738 0.425922 0.049320 0.036101
0 0.650290 0.393302 0.060925 0.028483
2 0.631086 0.337054 0.057080 0.029078
0 0.740207 0.386916 0.052947 0.026266
0 0.232023 0.355945 0.059208 0.019556
0 0.681593 0.376300 0.041547 0.024226
0 0.518500 0.359755 0.046957 0.019846
0 0.632111 0.373847 0.035123 0.024341
1 0.661655 0.463302 0.030813 0.026850
0 0.708921 0.352192 0.031027 0.018411
0 0.757934 0.350649 0.026550 0.020071
0 0.992121 0.390136 0.015757 0.029723
0 0.984087 0.325619 0.018124 0.013014
