0 0.508994 0.874360 0.324481 0.228081
3 0.297354 0.569642 0.241084 0.130597
2 0.312562 0.443772 0.261516 0.108182
2 0.555022 0.560476 0.162806 0.128155
2 0.535438 0.417320 0.142017 0.069225
0 0.777462 0.506476 0.113444 0.057320
0 0.647522 0.474826 0.106014 0.050086
3 0.218337 0.402510 0.142955 0.036616
3 0.703646 0.405532 0.068467 0.052391
0 0.645079 0.434516 0.072965 0.033753
0 0.797759 0.432096 0.066452 0.033238
0 0.809479 0.400269 0.053746 0.026546
2 0.706915 0.342717 0.047273 0.024838
0 0.666783 0.394294 0.039228 0.028036
0 0.570440 0.372599 0.048166 0.020170
0 0.324172 0.365207 0.052550 0.016624
0 0.740350 0.382585 0.042127 0.020198
0 0.674083 0.372544 0.044012 0.019141
0 0.810617 0.372387 0.040457 0.019902
0 0.276252 0.367745 0.036720 0.017381
