0 0.763560 0.784622 0.250952 0.187461
3 0.919535 0.682277 0.160756 0.186397
0 0.386200 0.773952 0.149321 0.154292
0 0.731084 0.657743 0.160387 0.090797
0 0.515238 0.669570 0.133421 0.108006
0 0.066252 0.686838 0.131816 0.093075
3 0.570164 0.592238 0.102886 0.093060
2 0.830757 0.496332 0.179668 0.052703
0 0.806063 0.511861 0.135724 0.039981
0 0.577325 0.612663 0.088986 0.052769
2 0.953061 0.516025 0.093068 0.050301
0 0.948983 0.556947 0.101853 0.043090
0 0.043970 0.598967 0.087284 0.048234
0 0.787049 0.556181 0.102584 0.039546
0 0.415170 0.542363 0.070764 0.050612
2 0.704795 0.476513 0.087144 0.039409
2 0.108385 0.452159 0.092383 0.032766
0 0.727784 0.511953 0.088295 0.029980
0 0.512415 0.541997 0.064454 0.038325
0 0.165860 0.525129 0.074640 0.030634
0 0.253175 0.520056 0.060686 0.035343
0 0.516335 0.512329 0.053606 0.035428
3 0.094021 0.474609 0.059091 0.031291
0 0.842228 0.519104 0.062560 0.025814
0 0.619279 0.494857 0.055623 0.025844
0 0.424538 0.507912 0.045463 0.025279
0 0.537917 0.491818 0.040954 0.020030
0 0.473091 0.490040 0.040178 0.020178
0 0.016938 0.476261 0.033406 0.021109
1 0.633066 0.556482 0.026045 0.024280
0 0.413444 0.486807 0.030296 0.020812
1 0.462076 0.543162 0.023026 0.022698
0 0.324499 0.460525 0.029369 0.015382
0 0.249490 0.457984 0.030117 0.014236
0 0.465402 0.471072 0.026748 0.014754
1 0.204538 0.490657 0.019672 0.019668
0 0.454891 0.460748 0.026058 0.013840
0 0.310134 0.452828 0.024347 0.013742
0 0.344675 0.452360 0.023457 0.011443
