2 0.206473 0.652169 0.411910 0.185277
2 0.103840 0.943588 0.205941 0.111987
0 0.103978 0.943709 0.205926 0.111793
0 0.731429 0.651491 0.135566 0.052026
0 0.831102 0.643310 0.132736 0.050556
1 0.776723 0.803079 0.077523 0.056833
0 0.571648 0.588663 0.099521 0.040240
0 0.712999 0.589503 0.104587 0.038145
2 0.581520 0.494159 0.096675 0.040543
0 0.848042 0.572414 0.089703 0.036462
1 0.777759 0.810828 0.075207 0.040650
1 0.758696 0.704948 0.060836 0.044685
0 0.563481 0.563965 0.087211 0.026533
3 0.801880 0.534195 0.055593 0.033098
0 0.672634 0.531770 0.056757 0.025789
1 0.595163 0.644179 0.040781 0.030340
0 0.396228 0.523987 0.047177 0.024279
3 0.479173 0.539751 0.039807 0.027741
0 0.821501 0.525261 0.053360 0.020170
0 0.771626 0.515218 0.045400 0.018439
0 0.355506 0.510691 0.043146 0.019390
0 0.407919 0.505434 0.040539 0.018745
0 0.702903 0.507533 0.047031 0.016071
2 0.365769 0.491520 0.033370 0.022504
0 0.307545 0.506160 0.039519 0.018411
0 0.156058 0.496103 0.038279 0.018817
3 0.241489 0.480526 0.028973 0.020368
0 0.213407 0.475280 0.031888 0.016099
0 0.477230 0.487009 0.033945 0.015071
0 0.277010 0.488466 0.030854 0.016479
0 0.259906 0.492054 0.027111 0.016516
0 0.639816 0.505001 0.027231 0.016075
0 0.339159 0.497954 0.030874 0.014032
1 0.371617 0.541508 0.019876 0.016344
1 0.269390 0.511744 0.017064 0.012394
1 0.326306 0.532356 0.016693 0.012420
0 0.445120 0.469571 0.021273 0.008928
1 0.290007 0.519248 0.015965 0.011294
