0 0.736357 0.752620 0.226537 0.163928
3 0.907772 0.677399 0.182788 0.200454
0 0.391319 0.743911 0.136361 0.137148
0 0.716404 0.643641 0.149867 0.085645
0 0.507075 0.649982 0.122720 0.097495
0 0.053849 0.716819 0.107090 0.109875
2 0.832614 0.493679 0.181883 0.051781
3 0.563578 0.582819 0.095453 0.088929
2 0.953634 0.512929 0.091308 0.050837
0 0.571664 0.602107 0.082226 0.050994
0 0.773547 0.548880 0.098008 0.037700
2 0.708041 0.472750 0.093651 0.036707
0 0.030472 0.616775 0.060494 0.054583
0 0.416094 0.535414 0.065169 0.048700
0 0.959455 0.554311 0.081091 0.038433
2 0.109265 0.451042 0.092565 0.033666
0 0.248767 0.526109 0.071907 0.037184
0 0.152484 0.531181 0.080599 0.033018
0 0.714173 0.507045 0.082972 0.029942
0 0.510231 0.536074 0.062278 0.036908
3 0.084045 0.475339 0.062233 0.032338
0 0.838303 0.517300 0.071934 0.026188
0 0.515124 0.507633 0.052572 0.034239
0 0.613735 0.491062 0.052964 0.025676
1 0.777564 0.639441 0.032815 0.037023
0 0.424405 0.503020 0.045732 0.023440
1 0.626977 0.544323 0.028619 0.030658
0 0.535639 0.487779 0.039857 0.020599
0 0.473358 0.486401 0.038158 0.020377
0 0.670569 0.487139 0.036250 0.020488
0 0.017413 0.474658 0.034339 0.020295
0 0.414792 0.483239 0.030145 0.019992
2 0.500123 0.446419 0.029860 0.019949
1 0.625806 0.548552 0.025507 0.023001
0 0.323696 0.460231 0.030328 0.016236
0 0.540048 0.458655 0.026023 0.015557
0 0.465983 0.467955 0.026834 0.014697
0 0.588755 0.464092 0.028558 0.013403
0 0.308584 0.451783 0.023091 0.014512
0 0.344001 0.450995 0.023939 0.010855
