2 0.194549 0.666046 0.389098 0.197613
0 0.103350 0.943894 0.204751 0.111517
0 0.769911 0.667511 0.148787 0.055393
0 0.883787 0.661784 0.147597 0.054781
1 0.835095 0.835408 0.087943 0.066291
0 0.745965 0.599896 0.114236 0.040747
0 0.589548 0.595540 0.104787 0.041768
2 0.423476 0.589765 0.076869 0.051425
2 0.572081 0.492227 0.085883 0.039008
1 0.809540 0.732639 0.069103 0.046917
0 0.799019 0.562068 0.081335 0.033333
0 0.581904 0.569455 0.091117 0.026546
3 0.476160 0.587088 0.050588 0.039880
1 0.625886 0.661261 0.047671 0.034739
0 0.398270 0.527127 0.054478 0.025000
0 0.645730 0.526259 0.055008 0.024734
0 0.819335 0.525208 0.052772 0.019443
0 0.356096 0.512314 0.044497 0.019910
1 0.607775 0.628755 0.038222 0.021420
2 0.370637 0.493368 0.034022 0.023258
0 0.412404 0.507504 0.040615 0.018885
0 0.701032 0.507572 0.045333 0.015913
0 0.307834 0.508407 0.036393 0.019097
3 0.239641 0.482435 0.029547 0.020748
0 0.157334 0.496276 0.031746 0.018467
0 0.340635 0.500909 0.033496 0.017209
0 0.278709 0.489557 0.029537 0.017038
0 0.263993 0.493727 0.026669 0.017344
0 0.465509 0.484077 0.033769 0.012982
1 0.160354 0.533409 0.021949 0.016665
1 0.374794 0.544858 0.019326 0.018232
1 0.271092 0.511472 0.017495 0.018033
0 0.358910 0.476365 0.027045 0.011433
1 0.461628 0.539366 0.019488 0.015338
1 0.333766 0.534120 0.017704 0.016275
0 0.242985 0.466005 0.021749 0.010966
1 0.295722 0.520336 0.016528 0.014314
0 0.627377 0.505377 0.022961 0.010187
0 0.276079 0.464133 0.021197 0.010957
1 0.334063 0.537197 0.016625 0.011314
