2 0.344169 0.591547 0.240155 0.137611
0 0.118503 0.938438 0.235390 0.122704
0 0.848930 0.768410 0.212927 0.089668
0 0.942080 0.673691 0.115714 0.059854
2 0.672908 0.498936 0.119883 0.049069
0 0.633276 0.594055 0.097184 0.039556
0 0.683122 0.576100 0.090417 0.034874
0 0.855798 0.559890 0.085661 0.035071
0 0.528937 0.556140 0.083156 0.034596
3 0.965622 0.553403 0.068130 0.041910
1 0.837433 0.690697 0.059899 0.047429
0 0.619346 0.546109 0.077439 0.029204
1 0.085096 0.662436 0.056001 0.034132
1 0.622293 0.702174 0.052858 0.031771
0 0.518068 0.536965 0.068762 0.022896
0 0.845550 0.517794 0.059586 0.019890
0 0.397869 0.508118 0.048305 0.022432
0 0.797969 0.508001 0.046245 0.018296
1 0.643935 0.626899 0.033651 0.025123
0 0.368183 0.497421 0.038919 0.018549
2 0.368522 0.475216 0.027354 0.023452
0 0.185448 0.489334 0.034081 0.018745
0 0.410527 0.489861 0.035534 0.017422
1 0.529736 0.587134 0.028332 0.019554
0 0.333767 0.492926 0.032666 0.015323
0 0.290370 0.476716 0.030475 0.016223
1 0.168244 0.519677 0.025281 0.017993
0 0.476721 0.472483 0.031115 0.012114
0 0.219424 0.465097 0.029532 0.012236
0 0.492875 0.467547 0.027448 0.011794
0 0.304691 0.462052 0.025230 0.012495
1 0.321924 0.508373 0.016785 0.016669
1 0.293228 0.501214 0.015407 0.013225
1 0.321962 0.510972 0.015784 0.012218
0 0.295012 0.453117 0.018628 0.009492
