2 0.164309 0.678263 0.327975 0.185624
2 0.108389 0.944350 0.215688 0.110843
0 0.108818 0.944311 0.215507 0.110608
0 0.897082 0.716031 0.188189 0.067512
0 0.848551 0.629710 0.140063 0.047720
3 0.485264 0.616880 0.095913 0.060338
0 0.655565 0.617285 0.121023 0.047398
1 0.968167 0.813619 0.063666 0.062405
0 0.637844 0.584235 0.101303 0.030671
1 0.737990 0.714868 0.066148 0.046140
2 0.553410 0.487203 0.080160 0.036800
3 0.530580 0.607885 0.061050 0.044914
0 0.974124 0.707112 0.051446 0.046604
0 0.719224 0.542438 0.065089 0.028848
2 0.565362 0.488754 0.055815 0.032739
0 0.527663 0.561583 0.049665 0.033503
1 0.703284 0.668696 0.047838 0.034032
0 0.418540 0.534162 0.056842 0.026533
1 0.746520 0.723219 0.048148 0.029294
3 0.733677 0.521039 0.045349 0.028863
0 0.825104 0.525426 0.057486 0.019395
0 0.604870 0.515029 0.047196 0.022176
0 0.371053 0.516768 0.047531 0.021329
2 0.390586 0.498037 0.036855 0.025302
0 0.433734 0.513289 0.043152 0.020063
0 0.777681 0.515116 0.046353 0.018487
0 0.162701 0.496850 0.038073 0.019566
0 0.288861 0.492777 0.038238 0.017651
3 0.248737 0.486661 0.028914 0.021517
0 0.355307 0.505829 0.035832 0.016677
0 0.703059 0.507439 0.035743 0.015698
1 0.174854 0.535470 0.022865 0.019074
0 0.200165 0.467640 0.028882 0.013397
1 0.490956 0.551717 0.021368 0.016232
1 0.392473 0.557169 0.019466 0.017209
1 0.318051 0.525427 0.017712 0.016759
1 0.287926 0.519338 0.017315 0.014939
1 0.361612 0.546345 0.018382 0.013218
