0 0.576238 0.877053 0.328950 0.245160
2 0.297373 0.469691 0.281953 0.118204
0 0.367673 0.660327 0.250968 0.128432
3 0.240992 0.432636 0.280438 0.110911
2 0.245237 0.432946 0.276363 0.111395
0 0.376949 0.539672 0.154449 0.065892
3 0.559368 0.452775 0.108335 0.081431
0 0.716087 0.506120 0.109799 0.058335
0 0.724912 0.445431 0.083878 0.041547
0 0.983003 0.506119 0.033993 0.082818
0 0.963967 0.416522 0.072066 0.038141
0 0.634139 0.432620 0.061946 0.039259
0 0.487377 0.454867 0.044150 0.044271
0 0.640417 0.397256 0.063559 0.028782
0 0.543640 0.395480 0.056575 0.030598
2 0.625424 0.336869 0.057386 0.029217
0 0.734641 0.390524 0.054051 0.027778
0 0.672786 0.378261 0.047628 0.024588
0 0.225332 0.355321 0.054233 0.020617
0 0.622842 0.376418 0.038775 0.025290
0 0.515706 0.358148 0.047665 0.020238
1 0.647761 0.477254 0.032452 0.028609
0 0.984462 0.380772 0.031075 0.027360
0 0.243346 0.349788 0.041564 0.015687
0 0.703894 0.353113 0.031392 0.019364
0 0.753984 0.352176 0.026646 0.019534
1 0.485543 0.368474 0.015917 0.017410
