2 0.106652 0.696950 0.212120 0.164153
3 0.574744 0.653269 0.121958 0.071343
0 0.751466 0.650524 0.148821 0.056796
1 0.906757 0.790269 0.096591 0.072137
0 0.947072 0.670147 0.105322 0.058293
0 0.708583 0.607646 0.114671 0.041268
3 0.600176 0.635696 0.079125 0.052046
3 0.682325 0.509981 0.090385 0.036683
2 0.543133 0.487432 0.075543 0.038616
1 0.828128 0.717216 0.061979 0.045872
0 0.582903 0.582962 0.060207 0.038922
0 0.979382 0.768212 0.041191 0.045750
3 0.938421 0.567334 0.058578 0.031857
0 0.445514 0.543338 0.061179 0.028265
0 0.666442 0.528925 0.055911 0.023813
0 0.390589 0.523708 0.051170 0.023101
0 0.837354 0.527125 0.057821 0.019522
0 0.459527 0.520838 0.047290 0.021661
3 0.415809 0.505432 0.037216 0.026174
0 0.578681 0.508413 0.043093 0.020107
0 0.789099 0.517223 0.045862 0.018236
0 0.373211 0.511511 0.038337 0.017610
0 0.177045 0.499475 0.032676 0.018914
3 0.262756 0.493440 0.029609 0.020526
3 0.300786 0.505519 0.028148 0.020233
0 0.594579 0.495635 0.033414 0.015060
1 0.411235 0.571897 0.021965 0.020881
1 0.530370 0.566245 0.023577 0.019131
1 0.195692 0.539850 0.022350 0.018962
0 0.311088 0.483824 0.028511 0.012311
1 0.394999 0.559543 0.022638 0.014657
1 0.195244 0.542606 0.022794 0.014129
0 0.328839 0.515521 0.029118 0.010788
0 0.453641 0.479335 0.023375 0.012887
0 0.302312 0.471637 0.023685 0.011860
0 0.365282 0.474388 0.022342 0.010516
1 0.343491 0.535571 0.016878 0.012326
0 0.233855 0.458728 0.020289 0.009468
1 0.313506 0.529754 0.017215 0.010990
