0 0.262384 0.745440 0.333049 0.176561
2 0.236733 0.488003 0.328676 0.136251
2 0.235997 0.420621 0.280724 0.090219
0 0.282088 0.588665 0.194910 0.082658
3 0.525414 0.473803 0.123895 0.093859
0 0.701825 0.537440 0.123059 0.067933
0 0.712890 0.462081 0.092598 0.046502
0 0.967510 0.462588 0.064966 0.062885
0 0.614557 0.445606 0.075048 0.043666
0 0.526846 0.402301 0.069953 0.035553
0 0.624162 0.405108 0.067764 0.031896
0 0.949450 0.400269 0.062439 0.032634
2 0.619089 0.337762 0.063315 0.031476
0 0.728124 0.398478 0.059095 0.029503
1 0.623005 0.501269 0.040265 0.036044
0 0.664918 0.382285 0.050044 0.026126
0 0.975909 0.369972 0.048182 0.024485
0 0.610386 0.382172 0.039278 0.027145
0 0.513377 0.356517 0.047430 0.020453
1 0.563904 0.411553 0.028615 0.032163
0 0.236009 0.348949 0.044825 0.017831
0 0.216026 0.356067 0.040248 0.019728
0 0.304177 0.343556 0.044648 0.016221
0 0.696231 0.355409 0.035576 0.019369
2 0.684170 0.328730 0.027258 0.024362
0 0.749238 0.354915 0.029539 0.021691
1 0.563832 0.418669 0.025747 0.019190
0 0.994393 0.386633 0.011213 0.026707
1 0.483230 0.367785 0.017321 0.015246
