0 0.122319 0.936671 0.243422 0.126197
2 0.365153 0.579718 0.200886 0.124654
0 0.796809 0.733334 0.185765 0.080021
0 0.913667 0.651335 0.147846 0.055333
2 0.701814 0.500279 0.128773 0.049544
0 0.916911 0.569627 0.096101 0.038238
0 0.617798 0.582407 0.091113 0.036879
0 0.659669 0.563004 0.081688 0.032591
0 0.522560 0.548288 0.075106 0.032693
1 0.797807 0.670846 0.054119 0.038922
0 0.602837 0.536505 0.073587 0.026733
1 0.591099 0.677991 0.051649 0.037959
0 0.508604 0.530048 0.067623 0.022023
1 0.142301 0.642082 0.045826 0.032148
0 0.353071 0.526850 0.053844 0.026236
0 0.395843 0.503589 0.053705 0.022808
0 0.851534 0.514951 0.058871 0.019717
0 0.804431 0.504935 0.047292 0.018263
1 0.623356 0.612426 0.034788 0.022321
0 0.462590 0.501136 0.041958 0.018388
0 0.370291 0.492682 0.039893 0.019224
3 0.989920 0.555249 0.020159 0.037482
0 0.573457 0.493065 0.031900 0.018215
0 0.410214 0.484830 0.033370 0.016808
0 0.469346 0.507618 0.030369 0.018308
0 0.192607 0.486899 0.031076 0.017342
0 0.290207 0.472411 0.032869 0.015690
1 0.518560 0.575017 0.025445 0.017577
0 0.631687 0.477282 0.030581 0.012862
0 0.490278 0.471693 0.032686 0.011250
0 0.261747 0.473386 0.023919 0.015219
0 0.221509 0.461318 0.028537 0.012284
0 0.505898 0.466332 0.027518 0.011921
1 0.322436 0.501906 0.016545 0.016825
1 0.295905 0.496388 0.014798 0.012109
