0 0.321636 0.874201 0.239539 0.250861
0 0.754258 0.910641 0.295096 0.178367
2 0.864980 0.502117 0.269802 0.084611
0 0.547951 0.651685 0.134938 0.107629
3 0.645756 0.587268 0.123260 0.099125
2 0.820466 0.489574 0.180442 0.058851
0 0.381660 0.622694 0.110138 0.080946
3 0.871575 0.637752 0.110795 0.073298
3 0.630564 0.524206 0.118446 0.066490
0 0.457644 0.541944 0.084570 0.058704
2 0.609342 0.482089 0.099900 0.046668
2 0.695466 0.463466 0.093737 0.043013
2 0.099604 0.415968 0.096457 0.033428
0 0.076065 0.488080 0.086376 0.033048
0 0.220859 0.520331 0.076261 0.036267
0 0.169600 0.499710 0.076849 0.033349
0 0.481037 0.497911 0.057187 0.032685
0 0.471274 0.469368 0.047578 0.032987
0 0.385778 0.490889 0.043482 0.029275
0 0.521048 0.483744 0.047309 0.026439
0 0.418382 0.476179 0.043993 0.027120
0 0.201965 0.466365 0.054464 0.021271
1 0.744143 0.587974 0.028631 0.028694
0 0.201300 0.444876 0.045092 0.016511
0 0.305979 0.443169 0.036942 0.018313
0 0.401724 0.449495 0.034163 0.019768
1 0.055986 0.526192 0.028708 0.022889
0 0.545004 0.457256 0.033304 0.015226
0 0.507329 0.443441 0.028127 0.016990
0 0.322883 0.428357 0.028422 0.012802
