0 0.315129 0.885822 0.257180 0.226903
0 0.771237 0.930414 0.287261 0.137613
0 0.554164 0.667049 0.144674 0.117917
3 0.656734 0.595586 0.131348 0.105600
0 0.379351 0.633100 0.113983 0.087581
3 0.892726 0.649998 0.118760 0.078709
3 0.637440 0.527567 0.125999 0.070469
0 0.459934 0.546971 0.087475 0.061410
3 0.605545 0.483414 0.093108 0.049153
2 0.693274 0.461191 0.090774 0.041788
2 0.096953 0.415783 0.096874 0.033733
0 0.093399 0.481071 0.081736 0.030935
0 0.022123 0.642675 0.043486 0.054395
0 0.232465 0.509738 0.069265 0.033737
0 0.181743 0.492270 0.074144 0.031040
0 0.480618 0.499859 0.060062 0.034083
0 0.469080 0.470100 0.043857 0.031959
0 0.383600 0.492438 0.044805 0.030376
0 0.417478 0.477802 0.044840 0.028967
0 0.521182 0.485009 0.048495 0.026749
0 0.206952 0.462679 0.052041 0.021022
1 0.757781 0.599813 0.032160 0.029991
0 0.399626 0.449827 0.034728 0.021416
0 0.305732 0.440125 0.039368 0.018328
1 0.077251 0.514246 0.029489 0.021408
0 0.205485 0.442250 0.042479 0.014480
0 0.545405 0.457334 0.034227 0.015519
0 0.507489 0.443272 0.028219 0.017156
0 0.323171 0.426107 0.027463 0.012720
