2 0.097461 0.699737 0.194042 0.163771
3 0.584102 0.658666 0.123078 0.072779
0 0.765074 0.655556 0.152894 0.058574
1 0.929753 0.801205 0.102219 0.075306
0 0.954442 0.675135 0.091050 0.059794
0 0.716868 0.610643 0.117397 0.043470
3 0.680821 0.509773 0.085036 0.035773
2 0.541591 0.487985 0.074919 0.039282
1 0.843600 0.726490 0.061980 0.042074
0 0.590449 0.585873 0.059812 0.038966
0 0.449112 0.544563 0.062679 0.028824
3 0.928491 0.565774 0.057600 0.030670
0 0.392897 0.524247 0.052148 0.023185
0 0.661808 0.527432 0.053311 0.022356
0 0.837724 0.527178 0.058018 0.019705
0 0.462434 0.521586 0.048303 0.021816
3 0.417949 0.505598 0.037642 0.026698
0 0.575660 0.507784 0.042224 0.020622
0 0.790380 0.517385 0.046084 0.018056
0 0.990182 0.776448 0.019635 0.040699
3 0.263913 0.492856 0.030392 0.023759
0 0.329538 0.518453 0.042931 0.015935
0 0.374712 0.512177 0.038314 0.017451
0 0.178699 0.499773 0.030748 0.018838
3 0.302134 0.506364 0.027633 0.020077
1 0.534928 0.566848 0.025323 0.021542
1 0.412463 0.573712 0.021370 0.020805
1 0.197627 0.540591 0.021723 0.018920
0 0.311789 0.484867 0.029315 0.011946
1 0.398079 0.560274 0.020725 0.016055
0 0.452717 0.479430 0.024330 0.012569
1 0.197864 0.543658 0.020921 0.013334
0 0.367677 0.475304 0.024762 0.010781
1 0.346341 0.535374 0.017921 0.014277
0 0.303618 0.472862 0.022639 0.010430
1 0.315273 0.529964 0.016739 0.011410
