0 0.598241 0.739718 0.190596 0.167127
0 0.319979 0.936308 0.242703 0.127053
2 0.863390 0.499845 0.272587 0.091673
3 0.710667 0.635578 0.163494 0.131858
0 0.378014 0.679516 0.134310 0.113642
2 0.670544 0.546260 0.148214 0.082231
3 0.670853 0.546337 0.147837 0.081774
2 0.816199 0.482322 0.176377 0.054286
0 0.084414 0.570222 0.145202 0.063502
0 0.475125 0.571647 0.100174 0.074657
0 0.958222 0.694335 0.082845 0.082741
3 0.623356 0.490949 0.101809 0.055506
2 0.693608 0.458220 0.096774 0.040621
2 0.092530 0.417152 0.094506 0.033190
1 0.829106 0.655483 0.050683 0.045934
0 0.489313 0.507259 0.062251 0.036798
0 0.471936 0.477318 0.048985 0.036367
0 0.264155 0.484095 0.059027 0.029203
1 0.978083 0.606047 0.043833 0.038022
0 0.531113 0.493303 0.053416 0.030570
0 0.381223 0.502461 0.048978 0.033042
0 0.140199 0.465447 0.063042 0.025625
0 0.416680 0.484124 0.049167 0.030483
0 0.210353 0.475254 0.056839 0.026105
3 0.301862 0.449000 0.038226 0.027750
0 0.396089 0.452795 0.038659 0.022637
0 0.222798 0.452991 0.040607 0.018740
1 0.131384 0.486448 0.033563 0.021464
0 0.553718 0.460307 0.037191 0.016851
0 0.513367 0.445420 0.030135 0.018513
0 0.311556 0.433003 0.033009 0.014800
0 0.439164 0.435639 0.026376 0.012879
0 0.325802 0.421132 0.026947 0.010973
0 0.284030 0.422654 0.019000 0.012894
0 0.260448 0.436435 0.016187 0.014449
