3 0.284253 0.752813 0.337544 0.247334
2 0.253837 0.439509 0.271248 0.111278
2 0.425016 0.434943 0.193106 0.087059
0 0.696214 0.598500 0.159426 0.091277
0 0.526317 0.535991 0.148118 0.071636
0 0.036981 0.753031 0.072977 0.077545
3 0.625079 0.420595 0.077966 0.062933
0 0.535816 0.465051 0.095229 0.042891
0 0.742750 0.456426 0.080632 0.041891
0 0.751314 0.416445 0.065433 0.032004
0 0.951337 0.400949 0.049399 0.035032
2 0.647544 0.339483 0.050834 0.026670
0 0.596544 0.381450 0.050500 0.025456
0 0.675168 0.385533 0.051384 0.023944
0 0.258583 0.360547 0.056701 0.019376
0 0.753266 0.378781 0.045170 0.023102
0 0.573368 0.416405 0.031167 0.030658
0 0.524733 0.365682 0.047394 0.019546
0 0.694707 0.372784 0.041891 0.021843
0 0.672420 0.412056 0.027004 0.031475
0 0.659018 0.368371 0.033398 0.021663
1 0.696891 0.433569 0.024026 0.023082
0 0.722994 0.351033 0.027202 0.016012
0 0.994084 0.484538 0.011832 0.036665
0 0.766517 0.349014 0.023982 0.017463
