2 0.119264 0.692971 0.237820 0.168746
2 0.113940 0.945133 0.226629 0.108905
3 0.559351 0.646980 0.119805 0.069664
0 0.733452 0.644295 0.143520 0.054382
0 0.936689 0.662362 0.126491 0.056785
1 0.874619 0.774900 0.088942 0.068460
0 0.696416 0.603440 0.112382 0.039886
0 0.963924 0.761387 0.071334 0.057299
3 0.588745 0.630567 0.076449 0.050525
1 0.804811 0.708803 0.060299 0.045945
2 0.544839 0.486283 0.075263 0.036047
0 0.574153 0.579130 0.058277 0.037978
3 0.954155 0.570830 0.061228 0.031547
0 0.441931 0.541743 0.060203 0.027468
0 0.674793 0.531029 0.058185 0.023883
3 0.709880 0.515406 0.044508 0.028070
0 0.387176 0.522459 0.050324 0.023251
0 0.835372 0.526695 0.057580 0.019579
0 0.455119 0.519521 0.046116 0.021421
3 0.411530 0.503858 0.037478 0.025697
0 0.583179 0.509319 0.042441 0.020819
0 0.787335 0.516780 0.045402 0.018512
3 0.260310 0.491725 0.029824 0.022706
0 0.370515 0.510497 0.037221 0.017852
0 0.175398 0.499187 0.033068 0.018720
3 0.298419 0.504825 0.029126 0.019640
0 0.596594 0.495733 0.032874 0.014882
1 0.407733 0.568691 0.022087 0.020477
0 0.214172 0.469336 0.028502 0.015249
1 0.524300 0.563981 0.023526 0.017753
1 0.192508 0.539672 0.022735 0.018248
0 0.309542 0.484010 0.027526 0.014035
0 0.453114 0.479707 0.026462 0.013329
1 0.388918 0.556987 0.021591 0.013643
1 0.192465 0.542406 0.021395 0.013349
0 0.300151 0.471174 0.023438 0.011327
1 0.339523 0.533184 0.017686 0.014286
1 0.309215 0.527441 0.017475 0.013475
