3 0.737912 0.896695 0.333751 0.205560
3 0.835538 0.597284 0.254403 0.145403
0 0.618136 0.633903 0.142653 0.092379
3 0.966292 0.760176 0.067416 0.152026
2 0.822267 0.482176 0.179943 0.053174
0 0.387431 0.629485 0.095776 0.080336
0 0.169991 0.571912 0.118363 0.055453
0 0.639287 0.578609 0.105689 0.059263
0 0.462648 0.572311 0.088348 0.063100
3 0.526890 0.538222 0.076414 0.068349
2 0.948604 0.501262 0.102603 0.049393
0 0.035782 0.595384 0.070634 0.055394
2 0.698975 0.461053 0.091211 0.037691
2 0.096888 0.437514 0.093721 0.035056
0 0.684165 0.511632 0.075884 0.028904
0 0.404384 0.500402 0.053054 0.035614
0 0.484938 0.506954 0.052419 0.033217
0 0.642958 0.482330 0.060787 0.023923
0 0.492726 0.485530 0.046574 0.031113
0 0.222287 0.481776 0.050393 0.022982
0 0.571084 0.470720 0.044794 0.022809
1 0.609089 0.537678 0.030631 0.028869
0 0.412910 0.479824 0.040469 0.020399
0 0.207702 0.455483 0.040685 0.017182
0 0.296614 0.459837 0.035881 0.019263
0 0.458480 0.466643 0.036214 0.018006
0 0.510111 0.465281 0.032465 0.017671
1 0.578611 0.508405 0.019977 0.022427
1 0.122521 0.511741 0.023208 0.017370
0 0.580470 0.452488 0.029950 0.013217
0 0.253649 0.441654 0.029161 0.013387
0 0.326413 0.446179 0.026423 0.012903
