2 0.110833 0.695959 0.220941 0.165508
2 0.114848 0.945270 0.228468 0.108677
3 0.567497 0.651430 0.117685 0.070556
0 0.745794 0.648394 0.146222 0.055981
0 0.943460 0.667640 0.112684 0.058352
1 0.896229 0.785556 0.092861 0.069700
0 0.704507 0.606227 0.114069 0.041296
3 0.597097 0.633882 0.079186 0.051571
3 0.682752 0.510296 0.089914 0.037320
2 0.543719 0.486368 0.075246 0.036533
0 0.974135 0.765393 0.050948 0.049004
1 0.820300 0.716035 0.059619 0.041439
3 0.579815 0.581569 0.058030 0.038312
3 0.943646 0.568535 0.059307 0.032023
0 0.445004 0.542701 0.060906 0.028115
0 0.669409 0.528939 0.056886 0.022335
0 0.389521 0.523360 0.050876 0.022939
0 0.837008 0.526940 0.057524 0.019455
0 0.458392 0.520512 0.046257 0.021653
3 0.414722 0.504952 0.037797 0.026368
0 0.580269 0.508623 0.042054 0.020773
0 0.788921 0.517146 0.046272 0.018247
0 0.307163 0.497337 0.036168 0.019424
0 0.372389 0.511338 0.038202 0.017695
3 0.262126 0.493319 0.029532 0.020563
0 0.176629 0.499442 0.032473 0.018577
3 0.299740 0.505068 0.027703 0.020469
0 0.594895 0.495639 0.034411 0.015154
0 0.328382 0.519042 0.030707 0.015386
0 0.216176 0.469533 0.028997 0.015715
1 0.528372 0.564868 0.023004 0.019430
1 0.410452 0.570723 0.021204 0.020472
1 0.194884 0.539631 0.021913 0.018682
0 0.328510 0.516727 0.029424 0.013000
0 0.310159 0.484118 0.027831 0.012592
1 0.392029 0.557937 0.021353 0.015495
0 0.454082 0.479424 0.023370 0.013096
0 0.301069 0.471521 0.023797 0.011872
1 0.341910 0.533252 0.016946 0.015789
0 0.233796 0.458793 0.020686 0.009122
1 0.341886 0.535774 0.016100 0.011601
