2 0.276536 0.620019 0.343607 0.159015
0 0.109962 0.941705 0.219924 0.116034
0 0.923314 0.857383 0.153372 0.120522
0 0.671497 0.620191 0.113913 0.044236
2 0.624798 0.497524 0.102872 0.044054
0 0.742657 0.606461 0.108036 0.041062
1 0.937788 0.745287 0.076865 0.056180
0 0.545739 0.573102 0.087890 0.036250
0 0.658327 0.567146 0.090192 0.033381
1 0.686345 0.744633 0.062271 0.046854
3 0.875802 0.544525 0.062474 0.036689
0 0.970868 0.596209 0.058265 0.037104
0 0.750825 0.545456 0.071235 0.029971
0 0.537947 0.550791 0.077046 0.024064
1 0.690508 0.751060 0.053042 0.034023
0 0.393409 0.517242 0.051942 0.023323
0 0.829378 0.522915 0.057736 0.019257
0 0.469811 0.527099 0.034996 0.024210
0 0.782981 0.513298 0.045734 0.018071
0 0.361164 0.505853 0.044035 0.018589
1 0.553496 0.612818 0.032290 0.024327
0 0.407035 0.498907 0.037704 0.018139
0 0.171117 0.493862 0.033345 0.019063
0 0.318956 0.501116 0.033481 0.016631
0 0.282553 0.484136 0.029053 0.016672
0 0.214944 0.471877 0.031620 0.014807
0 0.323319 0.481486 0.022645 0.016150
0 0.295892 0.468684 0.025644 0.013766
1 0.166231 0.527075 0.020252 0.016766
0 0.449644 0.475508 0.026829 0.012608
0 0.682631 0.510832 0.022584 0.014120
1 0.373418 0.530444 0.017426 0.016642
1 0.321489 0.521090 0.016832 0.014709
0 0.284066 0.459739 0.019437 0.009761
1 0.288518 0.511896 0.014690 0.012139
1 0.321490 0.523686 0.016331 0.010451
