0 0.640763 0.811567 0.256468 0.247673
3 0.898473 0.724648 0.203054 0.228765
2 0.898309 0.725230 0.201987 0.229388
0 0.402916 0.925949 0.230445 0.147784
3 0.756804 0.559163 0.196522 0.114838
0 0.080642 0.646885 0.161278 0.095837
2 0.817623 0.477861 0.179159 0.050676
0 0.568831 0.587207 0.110164 0.069999
2 0.946818 0.504581 0.105646 0.063134
0 0.382734 0.583529 0.083255 0.060681
0 0.602333 0.549958 0.088554 0.049541
0 0.508394 0.515996 0.070794 0.060308
0 0.441300 0.540785 0.074666 0.049912
2 0.694518 0.457729 0.092151 0.039018
2 0.090509 0.431242 0.093549 0.034822
3 0.901364 0.523274 0.075393 0.035168
0 0.177086 0.499350 0.063849 0.030002
0 0.398771 0.485291 0.048665 0.032992
0 0.635648 0.493368 0.062293 0.024931
0 0.473767 0.491513 0.045364 0.029278
0 0.272772 0.466701 0.044931 0.024153
0 0.481483 0.472839 0.040674 0.026286
0 0.611945 0.471172 0.048574 0.021192
0 0.176096 0.459062 0.047430 0.019611
1 0.050383 0.532751 0.034728 0.026601
0 0.551919 0.461874 0.039152 0.021783
0 0.406713 0.468234 0.037226 0.020431
0 0.450684 0.456718 0.033568 0.017428
2 0.331266 0.431052 0.025130 0.021268
0 0.496197 0.454153 0.029791 0.016294
0 0.314859 0.447572 0.029876 0.013949
0 0.575281 0.447341 0.027960 0.012790
0 0.232353 0.439246 0.029211 0.012121
