2 0.166308 0.677327 0.331924 0.185778
3 0.108841 0.944112 0.215761 0.110997
0 0.888460 0.712733 0.185621 0.067250
0 0.842496 0.627722 0.138669 0.048295
3 0.481698 0.614954 0.094696 0.060024
0 0.651495 0.615746 0.121661 0.046679
1 0.962811 0.807001 0.074377 0.068240
0 0.970007 0.704399 0.059943 0.052222
0 0.634602 0.583730 0.100095 0.030316
1 0.730656 0.711267 0.065252 0.045825
3 0.527787 0.606738 0.060329 0.045027
0 0.722736 0.543165 0.067163 0.029274
2 0.565665 0.489108 0.056144 0.033220
0 0.525244 0.560451 0.048919 0.033759
1 0.697488 0.667655 0.047199 0.033088
0 0.417486 0.533701 0.056147 0.026537
0 0.986981 0.919739 0.025162 0.048341
1 0.987134 0.919999 0.025136 0.047616
0 0.824460 0.525309 0.058136 0.019467
0 0.606623 0.515567 0.048652 0.022389
0 0.370014 0.516355 0.047097 0.021553
2 0.389036 0.497575 0.037338 0.025355
3 0.389072 0.497849 0.037202 0.025430
0 0.431831 0.513043 0.044426 0.020003
0 0.777235 0.515019 0.045287 0.018633
0 0.162231 0.496538 0.038203 0.019837
2 0.606640 0.492312 0.030026 0.022815
3 0.247607 0.486012 0.028354 0.023166
0 0.287854 0.491873 0.037833 0.016685
0 0.353100 0.505390 0.035336 0.017315
0 0.702332 0.507466 0.034668 0.015616
0 0.281019 0.498962 0.027396 0.018823
1 0.173742 0.534996 0.023123 0.019419
0 0.199268 0.467218 0.029332 0.013588
1 0.390896 0.557006 0.018633 0.016625
1 0.487931 0.550959 0.019350 0.015702
1 0.316325 0.526305 0.017538 0.014132
1 0.359983 0.545853 0.017380 0.013286
1 0.286986 0.520055 0.017300 0.013082
