0 0.845610 0.887246 0.308149 0.224870
0 0.358874 0.891258 0.198059 0.216570
0 0.539859 0.752636 0.177668 0.159337
0 0.778301 0.711734 0.201656 0.119589
3 0.956996 0.703125 0.085726 0.137622
2 0.814102 0.502635 0.181072 0.052351
3 0.574975 0.608560 0.110890 0.077088
0 0.111820 0.621214 0.132969 0.060971
2 0.943400 0.526820 0.112101 0.062996
0 0.588155 0.650375 0.103094 0.062680
0 0.817169 0.577621 0.115705 0.045337
0 0.896623 0.555342 0.128365 0.039991
0 0.788294 0.516943 0.134757 0.037990
0 0.401824 0.568450 0.078078 0.060090
0 0.766870 0.526019 0.101379 0.034814
2 0.691923 0.480870 0.094221 0.036271
0 0.092150 0.558253 0.088885 0.038383
0 0.507814 0.562681 0.071487 0.045420
2 0.089092 0.459388 0.093283 0.034221
0 0.510285 0.525758 0.057738 0.037747
1 0.857290 0.707005 0.045188 0.047610
0 0.261079 0.507830 0.058794 0.032727
0 0.631442 0.505958 0.063405 0.027724
0 0.185821 0.510888 0.060251 0.025549
3 0.106898 0.472966 0.051521 0.028412
0 0.410656 0.522829 0.049000 0.029581
0 0.536518 0.506543 0.046209 0.022888
0 0.461284 0.500993 0.043469 0.022306
3 0.014730 0.489032 0.029174 0.032051
1 0.456064 0.567456 0.030299 0.025216
1 0.693538 0.574792 0.029180 0.024427
1 0.648247 0.583964 0.027062 0.026077
0 0.397790 0.497217 0.031914 0.020974
0 0.273866 0.470908 0.034927 0.015184
0 0.452882 0.480193 0.029516 0.016132
0 0.400438 0.481078 0.027493 0.016656
0 0.441256 0.468910 0.028009 0.014262
0 0.571288 0.472443 0.027887 0.013218
0 0.315763 0.461204 0.024974 0.013994
0 0.243496 0.459592 0.027301 0.012742
1 0.210004 0.487019 0.016352 0.015936
