0 0.663901 0.774143 0.197745 0.172767
3 0.825617 0.701911 0.191501 0.144809
0 0.378235 0.727522 0.152039 0.138585
0 0.095283 0.648256 0.175662 0.080512
2 0.850331 0.504766 0.183939 0.058171
3 0.618311 0.559990 0.092303 0.075016
0 0.079042 0.577447 0.130935 0.052271
0 0.533621 0.595662 0.097194 0.069258
3 0.617457 0.516425 0.093655 0.053905
0 0.414494 0.585286 0.084818 0.057710
3 0.800610 0.594138 0.080506 0.051997
2 0.721907 0.477019 0.093872 0.040091
0 0.461144 0.527163 0.069502 0.045675
3 0.268306 0.514338 0.062214 0.048147
2 0.132522 0.433289 0.092165 0.031767
2 0.607071 0.482839 0.077886 0.034745
0 0.895406 0.554196 0.075000 0.035457
0 0.168588 0.510197 0.076695 0.030681
0 0.852832 0.527267 0.068485 0.026089
0 0.495442 0.498733 0.047996 0.026968
0 0.174352 0.479284 0.059927 0.021377
0 0.248556 0.477765 0.051697 0.022029
0 0.309121 0.477016 0.047124 0.023947
0 0.442092 0.481114 0.037865 0.024231
0 0.414402 0.492911 0.037141 0.023692
0 0.531479 0.486272 0.038465 0.022410
0 0.986939 0.563258 0.025600 0.029055
0 0.429512 0.457377 0.033225 0.018750
0 0.335728 0.454942 0.034670 0.015633
1 0.692766 0.551049 0.023985 0.020573
0 0.556560 0.465568 0.028227 0.014182
0 0.054153 0.467519 0.021546 0.018522
0 0.494670 0.442206 0.017862 0.009694
