2 0.230721 0.635873 0.409745 0.167069
0 0.105014 0.942963 0.207588 0.113303
0 0.961104 0.883616 0.077348 0.080033
0 0.696890 0.634600 0.124783 0.048164
0 0.782137 0.623857 0.119427 0.045207
0 0.412741 0.567749 0.112920 0.040597
2 0.602079 0.496227 0.098867 0.042128
0 0.914433 0.585384 0.103592 0.039977
0 0.682658 0.577876 0.097969 0.035874
0 0.556267 0.580011 0.093211 0.036951
1 0.727841 0.778928 0.064441 0.036272
0 0.547469 0.558065 0.084224 0.025328
1 0.719246 0.679273 0.051796 0.040912
3 0.836345 0.540564 0.058293 0.032782
0 0.708046 0.538446 0.063396 0.028060
1 0.981933 0.770490 0.035485 0.039687
0 0.393524 0.521079 0.050501 0.023252
0 0.472574 0.533341 0.038330 0.026444
0 0.822871 0.523140 0.057727 0.016603
0 0.356719 0.508358 0.046178 0.019981
1 0.572099 0.629390 0.036719 0.023883
0 0.776118 0.514859 0.046428 0.018277
0 0.406375 0.502675 0.039900 0.017902
2 0.365436 0.489003 0.030352 0.022679
3 0.365567 0.488834 0.030152 0.022788
0 0.710091 0.507365 0.041416 0.015448
0 0.163876 0.495556 0.033857 0.018222
3 0.248769 0.478514 0.031179 0.019344
0 0.312708 0.504273 0.034731 0.016982
0 0.491061 0.488784 0.036354 0.016081
0 0.340708 0.496473 0.033548 0.016138
0 0.212839 0.474272 0.030717 0.014047
1 0.161703 0.527394 0.020281 0.021093
0 0.280316 0.486891 0.026996 0.015841
1 0.371554 0.537391 0.019449 0.015115
1 0.162438 0.531224 0.018841 0.014189
1 0.322472 0.526671 0.017441 0.014754
1 0.287850 0.517339 0.015846 0.009413
