0 0.721580 0.877963 0.285831 0.243734
3 0.904962 0.804675 0.189016 0.221106
0 0.341942 0.810776 0.198197 0.206551
2 0.869975 0.511880 0.259791 0.095899
0 0.535634 0.625322 0.116824 0.089665
3 0.628816 0.572788 0.109269 0.087939
0 0.391336 0.604238 0.099536 0.070423
3 0.620688 0.518059 0.107718 0.059891
3 0.834878 0.616442 0.097085 0.062872
0 0.192538 0.552107 0.101849 0.044750
0 0.455695 0.534195 0.079013 0.053821
2 0.703588 0.466343 0.095014 0.039881
3 0.603222 0.481268 0.086163 0.043243
0 0.144714 0.520377 0.090559 0.038162
0 0.043690 0.508636 0.087260 0.037996
0 0.939994 0.555074 0.082488 0.037867
2 0.109262 0.420252 0.094468 0.032384
0 0.484366 0.496162 0.052261 0.030620
0 0.191181 0.479214 0.061772 0.024102
0 0.424583 0.476553 0.043307 0.026189
0 0.394532 0.490085 0.042269 0.026803
0 0.523529 0.482875 0.039829 0.023992
0 0.191136 0.454227 0.048519 0.018212
0 0.306702 0.453226 0.038006 0.020684
1 0.720325 0.568184 0.028054 0.026201
0 0.410218 0.450864 0.034465 0.019597
2 0.016425 0.439391 0.032614 0.019690
0 0.243877 0.454929 0.028555 0.019988
0 0.010007 0.551503 0.019610 0.027307
0 0.546421 0.458518 0.031084 0.014938
0 0.324832 0.436003 0.032462 0.013497
