2 0.235492 0.634498 0.400187 0.166230
2 0.106671 0.942796 0.212702 0.113672
0 0.106794 0.942815 0.212365 0.113773
0 0.956350 0.880219 0.087169 0.084834
0 0.694847 0.633661 0.124226 0.047698
0 0.777111 0.621755 0.118916 0.044628
0 0.411485 0.566818 0.110974 0.039921
2 0.604881 0.496572 0.098888 0.042348
0 0.924948 0.586899 0.101854 0.040649
1 0.721242 0.767707 0.068131 0.052528
0 0.555320 0.579263 0.092549 0.037395
0 0.679313 0.576783 0.096100 0.035620
1 0.722390 0.775225 0.065774 0.037156
0 0.546772 0.557101 0.084195 0.025387
3 0.840746 0.540618 0.060188 0.034252
1 0.715513 0.677276 0.051372 0.039953
0 0.712465 0.539221 0.064157 0.027845
1 0.977890 0.768923 0.043789 0.037977
1 0.718034 0.681908 0.038900 0.031016
0 0.393347 0.520599 0.051110 0.023280
0 0.472258 0.532703 0.038375 0.026110
0 0.823346 0.522995 0.057953 0.017122
0 0.357337 0.508331 0.045038 0.019168
0 0.776816 0.514610 0.046311 0.018182
1 0.570307 0.628654 0.033439 0.022416
2 0.365010 0.488363 0.031168 0.022818
0 0.406725 0.502376 0.038421 0.017982
0 0.164070 0.494950 0.035573 0.019339
3 0.365123 0.488540 0.030035 0.022709
3 0.250237 0.478325 0.032238 0.019487
0 0.711114 0.507437 0.040838 0.014873
0 0.313629 0.503490 0.034401 0.017415
0 0.492980 0.488883 0.037378 0.015393
0 0.212611 0.473537 0.031802 0.015281
0 0.280377 0.486568 0.027549 0.015909
0 0.661621 0.508811 0.024135 0.015253
1 0.371670 0.535460 0.019288 0.018931
1 0.162744 0.530700 0.019464 0.015043
0 0.213740 0.476063 0.028083 0.010259
0 0.437054 0.474413 0.027516 0.010120
1 0.270519 0.505908 0.017181 0.016176
1 0.322268 0.526480 0.018119 0.014274
0 0.456222 0.469876 0.022867 0.010012
1 0.287371 0.516394 0.015455 0.010778
