0 0.124464 0.934745 0.247783 0.130099
2 0.124363 0.934793 0.247582 0.130072
2 0.380195 0.564551 0.151433 0.112561
0 0.733208 0.690746 0.157762 0.067986
2 0.733669 0.502757 0.143407 0.053933
0 0.848881 0.623559 0.127672 0.048674
0 0.597031 0.568199 0.084709 0.034550
0 0.510464 0.538419 0.070413 0.031229
0 0.627112 0.547309 0.073897 0.029319
2 0.347718 0.519916 0.055973 0.031692
1 0.747627 0.641224 0.048509 0.035896
0 0.578984 0.524578 0.067714 0.024930
1 0.549132 0.653485 0.046668 0.033661
0 0.495117 0.522071 0.063223 0.021800
0 0.982687 0.582157 0.034501 0.034105
0 0.856064 0.511939 0.059320 0.019562
1 0.201193 0.616878 0.037049 0.029199
0 0.595004 0.495022 0.048522 0.018966
0 0.399041 0.497832 0.043019 0.020807
1 0.597444 0.594433 0.032729 0.022250
0 0.371905 0.486624 0.039643 0.017857
0 0.196010 0.483515 0.035474 0.018906
0 0.817246 0.501886 0.032493 0.017906
0 0.346729 0.481934 0.033140 0.015437
0 0.407952 0.478800 0.032044 0.015865
0 0.291289 0.467959 0.029712 0.014753
1 0.501220 0.559202 0.023696 0.018362
0 0.507631 0.471809 0.033908 0.012292
0 0.637363 0.474192 0.030274 0.013243
1 0.321291 0.494484 0.015711 0.017413
1 0.298061 0.489345 0.013191 0.011304
