3 0.884521 0.796107 0.230237 0.264907
0 0.746922 0.922051 0.294746 0.155626
0 0.387550 0.813694 0.185512 0.204876
3 0.782983 0.609358 0.229863 0.132051
0 0.532601 0.651181 0.148024 0.122595
3 0.677206 0.519811 0.137663 0.084436
2 0.818413 0.480995 0.176034 0.056866
0 0.046105 0.578841 0.092207 0.057131
0 0.519173 0.537623 0.080073 0.048545
2 0.694881 0.457263 0.095037 0.040030
2 0.092650 0.423763 0.095111 0.033186
0 0.562667 0.517119 0.067765 0.038913
0 0.381335 0.533875 0.059875 0.043088
0 0.488118 0.494659 0.055660 0.045042
0 0.426226 0.505776 0.059694 0.037425
0 0.214259 0.495640 0.063244 0.035233
0 0.102527 0.478303 0.070189 0.026990
0 0.397665 0.466902 0.042105 0.026969
0 0.584223 0.472700 0.045309 0.018919
0 0.300043 0.458897 0.040938 0.017728
2 0.321636 0.434982 0.028203 0.025666
0 0.585921 0.460329 0.041769 0.017250
0 0.200021 0.449288 0.043318 0.015903
0 0.532431 0.452413 0.034786 0.018982
0 0.577294 0.446083 0.028954 0.013498
0 0.288249 0.431401 0.024015 0.014332
