2 0.339345 0.594680 0.252191 0.141071
0 0.118048 0.938924 0.234479 0.121733
0 0.860877 0.776673 0.218886 0.092558
0 0.947278 0.679442 0.105117 0.061421
2 0.667522 0.498801 0.116686 0.048901
0 0.636655 0.596417 0.098337 0.039466
0 0.689188 0.579074 0.092991 0.035546
1 0.846621 0.696291 0.061251 0.047771
0 0.842424 0.558453 0.082860 0.034920
3 0.956746 0.552594 0.070349 0.040752
3 0.531118 0.558081 0.083470 0.034176
0 0.623589 0.548007 0.078835 0.029447
1 0.070477 0.664927 0.059514 0.038804
1 0.629175 0.703268 0.055309 0.039388
0 0.521668 0.538235 0.070715 0.022409
0 0.843921 0.518261 0.058725 0.019740
0 0.397554 0.509183 0.048671 0.022469
1 0.646448 0.630788 0.039975 0.024824
0 0.797261 0.508721 0.046956 0.018150
0 0.367830 0.498327 0.040485 0.018475
0 0.469911 0.515399 0.032004 0.022043
0 0.182872 0.489880 0.036783 0.018907
0 0.409832 0.491112 0.035276 0.017112
1 0.533563 0.589524 0.029397 0.020434
0 0.289081 0.477688 0.030195 0.015885
1 0.168702 0.520719 0.024665 0.017286
3 0.261438 0.478839 0.025641 0.016572
0 0.474068 0.473426 0.030764 0.013486
0 0.218912 0.466205 0.030141 0.012728
0 0.738902 0.501920 0.024125 0.013453
1 0.321895 0.509355 0.016521 0.017256
0 0.729595 0.514207 0.017682 0.011248
1 0.321881 0.512285 0.015395 0.011824
1 0.291683 0.503703 0.015571 0.011079
