2 0.219074 0.638756 0.423136 0.169886
0 0.104909 0.943083 0.207699 0.113052
0 0.704005 0.637146 0.126085 0.050797
0 0.792015 0.627971 0.122684 0.045859
2 0.597043 0.495432 0.098551 0.041244
0 0.972127 0.890516 0.055745 0.070535
0 0.899888 0.582128 0.098806 0.038332
0 0.559380 0.581872 0.095485 0.038751
1 0.736138 0.778045 0.069315 0.052201
0 0.688496 0.580593 0.098425 0.035850
3 0.824971 0.535527 0.064562 0.040443
1 0.737612 0.784995 0.066412 0.038059
1 0.726341 0.685330 0.053962 0.041062
0 0.549857 0.559174 0.085304 0.025747
0 0.699796 0.536787 0.062116 0.027870
0 0.393544 0.521955 0.049563 0.023352
0 0.472903 0.534810 0.039576 0.026299
1 0.576012 0.632181 0.036155 0.026093
0 0.356485 0.509333 0.044174 0.019421
0 0.774678 0.514882 0.046166 0.018202
1 0.990221 0.776264 0.019355 0.042022
2 0.364125 0.489461 0.032622 0.022987
0 0.406144 0.503063 0.040260 0.018616
0 0.707625 0.507401 0.043523 0.015784
0 0.161644 0.495674 0.035685 0.018690
0 0.311793 0.504465 0.034925 0.017431
0 0.488709 0.488386 0.034623 0.015410
0 0.212298 0.474605 0.031767 0.014303
0 0.279523 0.487470 0.027192 0.015659
1 0.371395 0.535314 0.019632 0.019138
0 0.290958 0.472048 0.026329 0.013137
1 0.322732 0.526810 0.017364 0.016662
1 0.371114 0.538129 0.018757 0.014595
0 0.187605 0.464114 0.024992 0.010791
1 0.161406 0.531778 0.019018 0.013851
1 0.323251 0.530015 0.016046 0.010821
1 0.288005 0.517651 0.015461 0.010241
