2 0.203995 0.656229 0.407224 0.189716
0 0.103580 0.943747 0.205094 0.111824
0 0.739887 0.655376 0.137581 0.053013
0 0.843454 0.647602 0.136978 0.051099
1 0.789456 0.812768 0.079456 0.054202
0 0.720416 0.591878 0.106984 0.039018
0 0.575068 0.590411 0.099622 0.041057
2 0.577588 0.493686 0.094171 0.040368
2 0.407829 0.582853 0.073423 0.049104
0 0.835697 0.569706 0.086758 0.036142
1 0.792924 0.819242 0.072387 0.041339
1 0.773266 0.710781 0.063479 0.046026
0 0.567498 0.565299 0.085812 0.026047
3 0.795436 0.532994 0.055862 0.031679
0 0.664712 0.530832 0.058760 0.026721
1 0.601751 0.648231 0.041280 0.031911
0 0.393916 0.525069 0.052647 0.024457
3 0.481068 0.541402 0.040911 0.027385
0 0.820061 0.524750 0.053835 0.019171
0 0.355308 0.510967 0.043785 0.019184
0 0.770202 0.515047 0.044215 0.018020
0 0.702314 0.507583 0.049050 0.016031
0 0.408495 0.505929 0.040440 0.018289
2 0.367192 0.492019 0.032013 0.022395
0 0.155779 0.495996 0.037690 0.018712
0 0.307431 0.506925 0.038061 0.017649
3 0.240538 0.480640 0.027198 0.020533
0 0.338400 0.499123 0.031688 0.016143
0 0.277262 0.488827 0.030579 0.016624
0 0.213965 0.475428 0.031560 0.016001
0 0.260695 0.492569 0.027230 0.017282
1 0.454235 0.533310 0.023469 0.019574
0 0.474207 0.485879 0.032983 0.013916
0 0.635601 0.505289 0.027165 0.014517
0 0.288217 0.474032 0.026547 0.012343
1 0.159381 0.533171 0.020493 0.014733
1 0.372633 0.543560 0.020495 0.014681
1 0.328303 0.533316 0.017154 0.013092
1 0.269694 0.512579 0.017550 0.011954
1 0.291461 0.519731 0.016173 0.011976
