3 0.192538 0.845425 0.382911 0.307469
2 0.248242 0.438773 0.269210 0.111950
2 0.401417 0.440819 0.208114 0.093657
0 0.681225 0.632891 0.179112 0.103397
0 0.501255 0.555739 0.163043 0.078227
3 0.614703 0.425997 0.083488 0.067338
0 0.510486 0.477028 0.104214 0.047099
0 0.739003 0.464201 0.085527 0.044421
0 0.746530 0.421045 0.067623 0.033661
0 0.587294 0.383873 0.052881 0.027603
0 0.985830 0.468642 0.028341 0.049521
2 0.643144 0.339103 0.051662 0.026956
0 0.668805 0.387446 0.055024 0.024546
0 0.944727 0.392982 0.035153 0.033140
0 0.252068 0.359144 0.060252 0.018533
0 0.750322 0.380729 0.047704 0.023284
0 0.666108 0.415715 0.031165 0.032187
0 0.522473 0.364276 0.046250 0.020048
0 0.690181 0.372945 0.041363 0.021393
1 0.686924 0.441743 0.025104 0.022029
0 0.718753 0.351323 0.027357 0.016585
0 0.740383 0.333643 0.027753 0.012779
