0 0.587544 0.897939 0.592923 0.203479
3 0.266065 0.582730 0.258471 0.138224
2 0.305926 0.443876 0.257869 0.108542
2 0.536682 0.572685 0.170701 0.134510
2 0.525749 0.418332 0.146320 0.069928
0 0.769583 0.513161 0.114929 0.059571
0 0.636634 0.479673 0.108751 0.051546
3 0.695617 0.407289 0.068173 0.053897
0 0.635935 0.437693 0.075006 0.035875
0 0.792414 0.434034 0.068203 0.034430
0 0.803586 0.401794 0.054082 0.027350
2 0.700735 0.342913 0.047420 0.025437
0 0.564568 0.372189 0.047133 0.019736
0 0.318069 0.364891 0.053975 0.016583
0 0.733683 0.382927 0.044006 0.019823
0 0.667508 0.372663 0.045315 0.018719
0 0.804883 0.372956 0.040635 0.020186
0 0.746643 0.370923 0.035703 0.020049
0 0.392267 0.356120 0.042131 0.014743
0 0.270321 0.367081 0.034164 0.017713
0 0.773610 0.351564 0.025228 0.015369
1 0.761120 0.416505 0.020208 0.018328
