0 0.396900 0.884255 0.219061 0.230737
3 0.859435 0.657724 0.280274 0.176413
0 0.574257 0.711602 0.187354 0.165084
3 0.948072 0.859093 0.102453 0.201178
3 0.710056 0.535573 0.162160 0.096187
2 0.817670 0.480951 0.177893 0.057593
0 0.539479 0.558545 0.092096 0.056488
0 0.025289 0.742739 0.049951 0.088694
0 0.381711 0.554536 0.071847 0.050189
0 0.119232 0.529080 0.089413 0.040228
2 0.692904 0.456721 0.090637 0.039473
3 0.497546 0.503593 0.064884 0.050996
0 0.579556 0.531245 0.076382 0.042579
2 0.090594 0.427181 0.096101 0.033287
0 0.430655 0.520091 0.065193 0.042713
3 0.824858 0.508327 0.066245 0.040666
0 0.245538 0.478408 0.051631 0.029184
0 0.470556 0.483494 0.047890 0.027878
0 0.397846 0.475704 0.045349 0.028563
0 0.143426 0.466758 0.056193 0.022835
0 0.604889 0.481240 0.051663 0.021912
0 0.596404 0.463758 0.042960 0.018859
0 0.541462 0.456415 0.035866 0.019840
0 0.402907 0.459629 0.036946 0.017660
0 0.220208 0.443775 0.038330 0.016729
2 0.326150 0.431906 0.026389 0.022970
0 0.307619 0.452272 0.034567 0.016438
0 0.446686 0.450417 0.031041 0.015182
0 0.488880 0.446954 0.027967 0.014222
0 0.399385 0.444161 0.024008 0.015300
0 0.575809 0.446158 0.027608 0.013076
0 0.294105 0.429926 0.023565 0.012490
