0 0.124546 0.934521 0.248045 0.130563
2 0.383750 0.559290 0.138659 0.107674
0 0.711268 0.677110 0.148794 0.064615
2 0.747909 0.504714 0.145693 0.055274
0 0.825319 0.615272 0.121131 0.046481
0 0.589201 0.563721 0.081315 0.033051
0 0.503590 0.535190 0.073350 0.031242
0 0.022952 0.721456 0.045406 0.046521
0 0.614868 0.542283 0.070177 0.028403
2 0.341338 0.516991 0.050568 0.032931
1 0.729827 0.632388 0.045559 0.035482
0 0.569466 0.520905 0.065403 0.023841
1 0.533561 0.645779 0.042311 0.031283
0 0.487635 0.519700 0.062123 0.021017
0 0.857423 0.510803 0.057430 0.019188
1 0.217661 0.608744 0.034611 0.028404
0 0.605196 0.496525 0.050772 0.018876
1 0.536795 0.649062 0.035354 0.024390
0 0.397159 0.496589 0.042219 0.020371
0 0.348717 0.477546 0.036136 0.020709
0 0.195845 0.482978 0.036464 0.019042
0 0.369712 0.485166 0.037627 0.018032
1 0.588707 0.588702 0.028699 0.021202
0 0.993295 0.768120 0.013266 0.040281
0 0.346981 0.480432 0.033018 0.015376
0 0.406373 0.477083 0.031443 0.016083
0 0.288541 0.466599 0.031914 0.014393
0 0.637850 0.473782 0.031720 0.013597
0 0.524696 0.465352 0.030485 0.013946
0 0.513688 0.472494 0.033723 0.012202
3 0.257972 0.466379 0.024211 0.015145
1 0.493908 0.556168 0.022393 0.015604
1 0.319844 0.494872 0.013949 0.013325
1 0.297807 0.487768 0.012496 0.010548
