0 0.879361 0.613634 0.089911 0.120156
0 0.084073 0.686588 0.121791 0.197206
0 0.394168 0.425463 0.043552 0.064055
0 0.362694 0.326658 0.027846 0.038348
0 0.255671 0.461711 0.058967 0.113075
0 0.561574 0.375622 0.039330 0.061323
0 0.585678 0.330142 0.027064 0.039453
0 0.543235 0.326203 0.028821 0.035815
0 0.625576 0.401023 0.038355 0.053807
3 0.563365 0.239200 0.020786 0.049953
0 0.428804 0.317260 0.023287 0.036625
0 0.654982 0.355703 0.028802 0.043155
0 0.438261 0.291968 0.019970 0.029004
0 0.521964 0.277268 0.016754 0.024735
0 0.577136 0.272587 0.016412 0.025422
0 0.428135 0.240538 0.012867 0.016355
3 0.410501 0.224617 0.017434 0.036589
