0 0.286548 0.683406 0.095413 0.162579
0 0.141697 0.642884 0.098508 0.141103
0 0.750882 0.585450 0.078967 0.111097
0 0.609856 0.372944 0.033198 0.044698
0 0.345743 0.362611 0.037089 0.054571
0 0.391567 0.299350 0.023227 0.031415
0 0.433591 0.305184 0.022627 0.032066
3 0.546985 0.221181 0.017939 0.038980
0 0.556840 0.282630 0.017746 0.023527
3 0.399215 0.232141 0.023192 0.052814
0 0.532651 0.240431 0.011392 0.016404
0 0.440262 0.274673 0.018618 0.029252
0 0.446858 0.260556 0.018094 0.022564
3 0.558708 0.240838 0.019378 0.033851
0 0.510146 0.235269 0.011013 0.017004
0 0.523820 0.228142 0.009163 0.014064
0 0.504527 0.212686 0.008035 0.011255
0 0.464774 0.216080 0.009501 0.011283
