0 0.798945 0.861244 0.198689 0.126441
0 0.520204 0.676991 0.097847 0.061259
3 0.073932 0.717339 0.146811 0.089426
0 0.358265 0.630693 0.065260 0.031244
1 0.154752 0.819546 0.067205 0.056488
0 0.534139 0.612657 0.063650 0.034564
1 0.335623 0.748366 0.039942 0.041433
0 0.540602 0.581213 0.040008 0.022609
0 0.595762 0.568383 0.035453 0.018623
1 0.408581 0.705997 0.033239 0.032743
1 0.210655 0.721105 0.041386 0.038581
0 0.151027 0.614863 0.109045 0.027735
0 0.499060 0.576188 0.038445 0.019165
0 0.863801 0.579341 0.048595 0.018783
0 0.045774 0.631410 0.089185 0.034805
0 0.878422 0.563515 0.039699 0.015482
1 0.481533 0.649959 0.027227 0.026036
0 0.554139 0.554784 0.025403 0.013406
