0 0.849126 0.735968 0.115594 0.156804
0 0.228529 0.524344 0.067955 0.098705
0 0.356133 0.510519 0.058825 0.099523
0 0.399733 0.288587 0.020440 0.028559
3 0.548663 0.222755 0.017291 0.039628
0 0.360923 0.338547 0.030595 0.047103
0 0.534399 0.243554 0.012060 0.017773
0 0.628845 0.404356 0.039863 0.053700
0 0.439668 0.292070 0.019842 0.028631
0 0.562172 0.291781 0.018748 0.026591
3 0.402051 0.230070 0.021429 0.052196
0 0.511213 0.239578 0.011423 0.016348
3 0.560798 0.242923 0.020076 0.035209
0 0.443792 0.268674 0.017028 0.023037
