0 0.671932 0.648289 0.072142 0.037226
3 0.593493 0.754878 0.132267 0.124792
0 0.075897 0.631743 0.092784 0.034312
0 0.434875 0.663972 0.101491 0.060868
0 0.587490 0.597665 0.048193 0.027522
0 0.477482 0.583010 0.037431 0.018300
0 0.192923 0.613982 0.089236 0.023294
1 0.494568 0.619527 0.021435 0.020814
3 0.390744 0.618953 0.071887 0.044101
3 0.305239 0.627568 0.077734 0.045692
0 0.584623 0.557329 0.029667 0.015767
0 0.622300 0.550288 0.028275 0.014576
0 0.584309 0.575882 0.044861 0.021850
0 0.326111 0.576325 0.041456 0.013785
