0 0.461525 0.827533 0.179517 0.135727
0 0.229231 0.706016 0.107479 0.057191
0 0.506808 0.662360 0.090313 0.054358
0 0.527138 0.604046 0.053755 0.029871
0 0.043844 0.630450 0.086120 0.035142
0 0.598145 0.582276 0.043257 0.023095
0 0.465115 0.598137 0.051389 0.026230
0 0.900639 0.590198 0.055299 0.021812
1 0.373146 0.770221 0.048264 0.047131
0 0.148465 0.614182 0.107497 0.025943
0 0.815531 0.562693 0.039399 0.016285
1 0.629013 0.677979 0.026751 0.025494
1 0.316425 0.712218 0.030826 0.028410
0 0.456382 0.536893 0.030271 0.011727
0 0.547291 0.564225 0.031276 0.016070
1 0.674204 0.641668 0.024916 0.022395
