0 0.058948 0.661859 0.091448 0.052449
0 0.769273 0.671149 0.139043 0.052721
0 0.220484 0.630524 0.072412 0.037636
0 0.024052 0.629798 0.048104 0.032706
1 0.332622 0.773103 0.038222 0.037998
0 0.031452 0.600288 0.051824 0.025759
0 0.099487 0.585714 0.042446 0.022090
1 0.116888 0.729694 0.033670 0.031035
0 0.917770 0.720465 0.163757 0.088246
0 0.638010 0.624456 0.112872 0.034589
0 0.781475 0.600904 0.036481 0.022493
0 0.668784 0.624064 0.051359 0.032958
3 0.917279 0.720501 0.164227 0.088665
0 0.929796 0.655089 0.138578 0.049143
0 0.038847 0.581577 0.042556 0.022601
3 0.929738 0.654932 0.139260 0.049552
