3 0.209233 0.387814 0.095715 0.162806
0 0.720731 0.837736 0.121199 0.174514
3 0.587519 0.264197 0.031502 0.068813
0 0.739383 0.571865 0.072123 0.104598
0 0.942772 0.680860 0.100036 0.131124
0 0.566930 0.403827 0.040198 0.054798
0 0.584912 0.332907 0.026899 0.036042
0 0.615239 0.321230 0.024844 0.035390
0 0.532676 0.312860 0.023572 0.030998
0 0.449435 0.262930 0.015697 0.024333
0 0.414317 0.258161 0.015247 0.022711
0 0.365332 0.319552 0.028640 0.048463
0 0.390690 0.296393 0.023057 0.028727
0 0.559535 0.288968 0.020014 0.036584
0 0.515525 0.261641 0.016416 0.023054
0 0.542591 0.266632 0.015710 0.022347
3 0.532547 0.233751 0.013372 0.035337
3 0.424519 0.212534 0.013423 0.031314
