0 0.801535 0.527391 0.068330 0.092184
0 0.366343 0.501948 0.055747 0.086550
0 0.552543 0.349682 0.034593 0.053097
0 0.199909 0.535462 0.077115 0.143568
0 0.348836 0.345341 0.030719 0.041942
0 0.608410 0.372627 0.035355 0.046412
0 0.537633 0.310656 0.026022 0.032068
0 0.431817 0.308603 0.022676 0.033696
3 0.560901 0.236515 0.020593 0.048882
0 0.419458 0.343121 0.027675 0.041781
0 0.641333 0.340664 0.026692 0.038251
0 0.578380 0.317581 0.023946 0.036036
0 0.437735 0.286977 0.020384 0.029048
0 0.573019 0.268351 0.015446 0.023347
0 0.519513 0.269776 0.016770 0.022389
0 0.423612 0.244911 0.014135 0.017976
0 0.445184 0.261804 0.016355 0.024205
