3 0.903776 0.582329 0.191666 0.355670
0 0.346414 0.515111 0.064685 0.094016
0 0.264901 0.372552 0.038281 0.050821
0 0.597358 0.352312 0.030098 0.045014
0 0.944689 0.931762 0.109940 0.133100
3 0.674649 0.454658 0.064761 0.123959
0 0.394213 0.381048 0.039280 0.060319
0 0.320175 0.384236 0.039687 0.058398
0 0.531236 0.290483 0.021271 0.033764
0 0.568788 0.295572 0.023101 0.032856
0 0.541785 0.255442 0.016024 0.020068
0 0.519753 0.263407 0.015614 0.022939
3 0.393068 0.233588 0.023460 0.051962
3 0.580215 0.273471 0.016400 0.024007
0 0.421619 0.252046 0.015169 0.019679
3 0.390383 0.290722 0.025140 0.042038
