0 0.698777 0.723749 0.111873 0.062880
3 0.208675 0.700119 0.152142 0.089425
0 0.051481 0.631666 0.097217 0.034716
0 0.546652 0.632086 0.070644 0.041739
0 0.413597 0.604470 0.049484 0.023109
0 0.922993 0.595941 0.059958 0.022920
0 0.159170 0.614956 0.109533 0.025522
1 0.425315 0.672930 0.026723 0.024690
1 0.342820 0.647679 0.024474 0.024705
0 0.550878 0.592990 0.047454 0.025896
0 0.556585 0.569992 0.035786 0.018371
0 0.909379 0.570950 0.042815 0.016655
3 0.245918 0.816347 0.216543 0.148101
1 0.320039 0.702753 0.040464 0.032526
0 0.602170 0.560085 0.032042 0.017331
0 0.522176 0.565480 0.032355 0.016483
3 0.186586 0.669165 0.109216 0.065306
0 0.245777 0.816014 0.216941 0.147699
2 0.587925 0.925004 0.244149 0.149739
1 0.461457 0.636876 0.026365 0.027550
