0 0.623635 0.700128 0.109487 0.071936
0 0.353329 0.958961 0.244870 0.081582
0 0.513238 0.625864 0.059012 0.031186
1 0.654002 0.940033 0.078609 0.079084
0 0.537156 0.596051 0.052646 0.027673
3 0.620709 0.627694 0.066242 0.051656
1 0.135234 0.801484 0.049073 0.045946
0 0.044231 0.630821 0.086544 0.034222
0 0.899120 0.571218 0.043458 0.018236
1 0.746450 0.691310 0.038481 0.032189
1 0.438921 0.633634 0.023128 0.021722
1 0.032870 0.906901 0.065617 0.067376
1 0.404404 0.657167 0.022992 0.020788
0 0.546739 0.569768 0.032035 0.016770
0 0.457689 0.569314 0.043373 0.020770
0 0.166152 0.612588 0.075930 0.022916
0 0.519516 0.550087 0.031113 0.017623
0 0.830693 0.556264 0.037080 0.013800
0 0.592458 0.571307 0.039597 0.020856
1 0.317417 0.628713 0.017187 0.014443
