3 0.934479 0.659883 0.130156 0.414873
3 0.717995 0.519722 0.084760 0.154684
0 0.286948 0.350333 0.033871 0.045027
0 0.615412 0.380718 0.035299 0.051850
0 0.377823 0.436068 0.049089 0.067874
0 0.340482 0.355222 0.034824 0.049181
0 0.575628 0.307398 0.025189 0.035845
0 0.408008 0.345048 0.033237 0.051618
0 0.545336 0.260966 0.016533 0.021121
0 0.535040 0.301244 0.024414 0.036650
0 0.521806 0.271300 0.016442 0.023743
0 0.425621 0.244032 0.014776 0.023409
0 0.585784 0.279745 0.017934 0.026310
3 0.395859 0.230279 0.022886 0.050012
3 0.396257 0.280939 0.023104 0.037348
0 0.424187 0.221952 0.009060 0.010970
