3 0.963212 0.676684 0.073058 0.356978
0 0.298947 0.337318 0.031511 0.041903
0 0.629389 0.404610 0.039998 0.058383
0 0.388971 0.399254 0.045043 0.058797
0 0.350560 0.338284 0.030932 0.044554
3 0.760813 0.583963 0.104770 0.188420
0 0.415176 0.327283 0.029934 0.044872
0 0.547308 0.264456 0.016704 0.021582
0 0.581088 0.316727 0.027114 0.037232
0 0.589972 0.284636 0.018774 0.028397
0 0.537675 0.309580 0.025552 0.039636
0 0.523476 0.274942 0.018011 0.024812
0 0.427159 0.241702 0.013790 0.020860
3 0.398112 0.228636 0.021316 0.048747
0 0.524390 0.220619 0.009547 0.021471
3 0.399039 0.247605 0.022335 0.087803
