3 0.732649 0.397689 0.103189 0.180489
3 0.235719 0.365079 0.093979 0.166837
3 0.303744 0.313591 0.058790 0.120895
0 0.058008 0.771786 0.116016 0.168269
0 0.357813 0.407614 0.040666 0.058493
3 0.548071 0.261798 0.018181 0.031031
0 0.515124 0.247445 0.013492 0.020440
0 0.510730 0.233700 0.010509 0.015123
0 0.503533 0.218086 0.010344 0.017823
0 0.381968 0.306868 0.025378 0.044776
0 0.443762 0.227573 0.011082 0.018931
0 0.451465 0.208086 0.007528 0.012760
0 0.461971 0.226465 0.009191 0.010350
3 0.530244 0.204444 0.011673 0.031542
