0 0.076190 0.632938 0.093576 0.033607
0 0.186391 0.614490 0.101032 0.023938
0 0.647518 0.609670 0.049508 0.026032
0 0.598972 0.576018 0.037869 0.021655
0 0.492165 0.612119 0.065177 0.038757
0 0.935497 0.577857 0.043394 0.019062
1 0.838685 0.738563 0.034027 0.033436
0 0.578423 0.662052 0.084705 0.066588
1 0.384778 0.700329 0.037322 0.032102
0 0.674515 0.830003 0.175686 0.147676
3 0.359694 0.603474 0.057562 0.033655
0 0.500483 0.567649 0.036352 0.015314
0 0.451964 0.584683 0.050771 0.030082
3 0.674830 0.829839 0.175655 0.147568
0 0.406913 0.573650 0.033632 0.018770
