3 0.151992 0.432841 0.138337 0.235722
3 0.643652 0.313639 0.055063 0.108599
3 0.775674 0.469759 0.133860 0.192649
0 0.748564 0.919691 0.145993 0.159644
0 0.940802 0.923755 0.117644 0.149305
3 0.301544 0.437152 0.050922 0.086608
0 0.455976 0.245780 0.012993 0.017318
0 0.413141 0.251611 0.013861 0.019287
3 0.032923 0.559564 0.065228 0.290714
0 0.433529 0.241413 0.011994 0.013768
0 0.446249 0.221196 0.009093 0.012454
0 0.506595 0.223413 0.010985 0.019113
3 0.531580 0.239063 0.013381 0.021437
3 0.436202 0.198317 0.010211 0.023493
0 0.524900 0.223735 0.009899 0.014423
0 0.501076 0.204521 0.007911 0.018283
