0 0.458824 0.738789 0.115020 0.069634
0 0.510890 0.642349 0.077397 0.045829
3 0.655874 0.715008 0.108824 0.100130
0 0.407299 0.594688 0.058310 0.027770
0 0.043781 0.631096 0.086527 0.034900
0 0.592230 0.592415 0.049100 0.026524
1 0.316992 0.786623 0.050429 0.050610
3 0.652004 0.962265 0.237056 0.074720
0 0.537626 0.586702 0.039546 0.020922
1 0.037751 0.784265 0.044878 0.039560
0 0.632018 0.578731 0.045749 0.022269
1 0.673409 0.618014 0.018288 0.018299
1 0.715316 0.654303 0.025651 0.025178
0 0.141407 0.614377 0.111825 0.026613
1 0.383507 0.654805 0.026511 0.019923
