3 0.741965 0.409048 0.102421 0.187478
0 0.730073 0.900106 0.142723 0.198034
0 0.185083 0.885141 0.153090 0.225137
0 0.117690 0.669094 0.106982 0.146950
0 0.110347 0.530496 0.072750 0.093200
0 0.717866 0.573335 0.069806 0.088728
0 0.584700 0.462092 0.048835 0.067328
0 0.661144 0.465116 0.047462 0.065037
3 0.598186 0.339364 0.035808 0.072330
3 0.377362 0.247809 0.028360 0.062088
0 0.403212 0.277998 0.019305 0.027647
0 0.561306 0.293720 0.020252 0.030132
0 0.520851 0.262734 0.016300 0.023307
0 0.548607 0.266595 0.017339 0.024082
3 0.350017 0.355905 0.037821 0.063807
0 0.532363 0.242523 0.012122 0.016996
0 0.414454 0.236473 0.011543 0.013065
0 0.561537 0.256042 0.014089 0.019786
0 0.350123 0.355873 0.037964 0.063112
0 0.513244 0.246368 0.013175 0.018900
