3 0.248298 0.354473 0.079027 0.138724
0 0.840713 0.730369 0.109485 0.150699
0 0.588912 0.468402 0.048750 0.072919
3 0.593644 0.270976 0.034236 0.075261
0 0.598121 0.356354 0.030783 0.040469
0 0.540667 0.335325 0.027462 0.036436
0 0.627037 0.337046 0.028239 0.038346
0 0.566934 0.302164 0.022885 0.038747
0 0.548618 0.276889 0.016665 0.023124
0 0.419695 0.251814 0.014156 0.021529
0 0.518497 0.271732 0.017724 0.024861
0 0.399890 0.281590 0.020544 0.028336
0 0.378028 0.301467 0.025079 0.041858
0 0.453342 0.253296 0.015596 0.021038
