0 0.623279 0.686322 0.105045 0.064961
0 0.365347 0.925275 0.252077 0.149002
0 0.515962 0.619412 0.054936 0.029803
3 0.617209 0.621435 0.064319 0.048643
1 0.620037 0.853170 0.064159 0.061695
0 0.541513 0.592045 0.047908 0.025184
1 0.118799 0.841463 0.065289 0.056747
0 0.043940 0.630960 0.086387 0.034421
1 0.724510 0.674722 0.035941 0.026389
1 0.192332 0.763102 0.042447 0.038038
1 0.445857 0.624734 0.023914 0.021464
0 0.593220 0.569284 0.036388 0.020050
0 0.547235 0.567623 0.033050 0.017578
0 0.165761 0.612811 0.076849 0.022840
1 0.414535 0.645922 0.023764 0.020373
0 0.520763 0.549098 0.030713 0.017063
0 0.295934 0.573817 0.051270 0.015685
0 0.147880 0.612956 0.112625 0.023615
0 0.460844 0.567888 0.041237 0.020178
1 0.331783 0.619806 0.017941 0.016044
