0 0.144078 0.886995 0.151624 0.220194
0 0.560035 0.383115 0.036854 0.054597
0 0.371220 0.466729 0.052623 0.082689
0 0.244270 0.401967 0.044715 0.056455
0 0.391096 0.297132 0.021963 0.029752
3 0.353538 0.270125 0.037080 0.071235
3 0.620125 0.380455 0.040059 0.065663
0 0.532205 0.287868 0.018841 0.028601
3 0.377197 0.250068 0.028280 0.065674
0 0.545209 0.269184 0.016345 0.023797
0 0.428165 0.250899 0.014678 0.021443
0 0.421207 0.318779 0.027994 0.049887
0 0.404204 0.244056 0.014357 0.025122
0 0.577921 0.275494 0.017796 0.025611
0 0.565601 0.255442 0.013528 0.020739
0 0.534870 0.242655 0.011790 0.019448
