0 0.285740 0.717540 0.097074 0.156601
0 0.776139 0.653216 0.086463 0.110667
0 0.735082 0.453370 0.050876 0.073012
0 0.062174 0.718664 0.124349 0.222047
0 0.325780 0.378365 0.036259 0.049509
0 0.400327 0.394049 0.035990 0.055829
0 0.587328 0.343118 0.027571 0.038196
0 0.420445 0.339775 0.029002 0.040091
0 0.429696 0.306491 0.023665 0.034762
0 0.626680 0.323882 0.024209 0.035507
3 0.557974 0.233698 0.020067 0.047304
0 0.542033 0.323443 0.027738 0.044770
0 0.570421 0.302973 0.022797 0.031392
0 0.416141 0.251042 0.015297 0.020169
0 0.440318 0.274120 0.018033 0.027442
0 0.531735 0.294388 0.022098 0.027831
0 0.568398 0.262246 0.014865 0.022277
0 0.516840 0.261244 0.014757 0.019616
2 0.403405 0.226806 0.018573 0.047062
0 0.451546 0.258234 0.013441 0.021905
3 0.403314 0.227608 0.018382 0.045788
