3 0.908555 0.588687 0.181928 0.371974
3 0.348965 0.274219 0.037652 0.087107
3 0.313525 0.303886 0.054879 0.102760
0 0.324664 0.387578 0.036957 0.051687
0 0.327167 0.519571 0.072181 0.135134
3 0.569636 0.297483 0.023753 0.038485
0 0.404054 0.294684 0.021119 0.029788
0 0.527936 0.282906 0.018654 0.027166
0 0.396420 0.267050 0.018187 0.031629
0 0.518480 0.252472 0.013766 0.021069
3 0.535246 0.210930 0.013993 0.035540
3 0.552568 0.248675 0.014997 0.028786
3 0.598973 0.224182 0.021493 0.030234
0 0.506930 0.228230 0.011160 0.018082
