0 0.755242 0.808376 0.163527 0.099875
1 0.215666 0.774917 0.058534 0.048177
0 0.536702 0.605560 0.056355 0.031062
0 0.373383 0.621978 0.059691 0.030525
0 0.522915 0.661686 0.098533 0.054373
0 0.874957 0.583342 0.054494 0.019203
1 0.422777 0.681376 0.028822 0.029104
3 0.103381 0.700576 0.152241 0.084577
0 0.543093 0.577380 0.040168 0.021966
0 0.883237 0.566281 0.042585 0.015568
0 0.046095 0.631237 0.090492 0.035998
0 0.151739 0.614882 0.107965 0.027092
1 0.367748 0.721723 0.037359 0.033113
0 0.594045 0.566234 0.037017 0.018518
1 0.255890 0.694896 0.033115 0.032850
1 0.434811 0.615705 0.021976 0.017241
0 0.503247 0.572450 0.034890 0.019348
