3 0.134458 0.449524 0.134455 0.211946
0 0.620355 0.552578 0.062493 0.092821
3 0.580789 0.257403 0.028774 0.064032
0 0.548183 0.353253 0.030437 0.041876
0 0.809238 0.531302 0.062324 0.087098
0 0.572144 0.311825 0.023183 0.030655
0 0.799514 0.922037 0.177125 0.147678
0 0.671983 0.467521 0.051383 0.073714
0 0.406050 0.269171 0.017194 0.023708
0 0.602953 0.306732 0.021666 0.032309
0 0.342561 0.351753 0.034038 0.058787
0 0.444211 0.280524 0.018900 0.027337
0 0.526484 0.292494 0.020450 0.027648
0 0.375949 0.318388 0.026949 0.034091
0 0.551518 0.276057 0.018893 0.032367
0 0.535472 0.259024 0.013540 0.016398
