0 0.484228 0.684344 0.097668 0.064263
0 0.384284 0.893257 0.185088 0.135034
0 0.363391 0.614400 0.071907 0.035139
0 0.041284 0.632554 0.082326 0.034614
0 0.580599 0.609132 0.054160 0.031997
1 0.288168 0.715828 0.039026 0.033475
0 0.650555 0.591014 0.051827 0.025657
1 0.821349 0.740398 0.046733 0.037128
0 0.489110 0.574846 0.042322 0.024699
3 0.677486 0.798687 0.152473 0.152155
1 0.701230 0.652264 0.023720 0.021350
0 0.525293 0.595995 0.044867 0.026886
1 0.625678 0.633396 0.021066 0.019219
0 0.539699 0.576389 0.037513 0.020983
0 0.150518 0.614129 0.067048 0.023055
0 0.888848 0.573534 0.049090 0.019585
1 0.383013 0.668363 0.029731 0.023515
0 0.677104 0.798762 0.152013 0.152509
3 0.162194 0.601521 0.060922 0.033213
0 0.589853 0.565468 0.033467 0.018467
