0 0.473258 0.705527 0.107536 0.069987
0 0.346881 0.623613 0.077616 0.038664
0 0.660357 0.596033 0.055104 0.026825
0 0.040244 0.632682 0.079962 0.034401
0 0.577832 0.616938 0.059344 0.036323
0 0.691239 0.842862 0.177153 0.185818
0 0.523673 0.601267 0.046483 0.025899
0 0.343566 0.947505 0.229619 0.104511
1 0.890765 0.790844 0.059886 0.053343
0 0.153984 0.614208 0.090828 0.023748
1 0.623608 0.646443 0.022018 0.020131
0 0.589301 0.567955 0.032310 0.019709
0 0.535909 0.579527 0.039382 0.022505
1 0.718045 0.667651 0.024057 0.023797
1 0.372898 0.684307 0.024997 0.026011
0 0.485345 0.578487 0.041910 0.025678
0 0.371049 0.579405 0.039207 0.023967
1 0.249308 0.751083 0.051103 0.040005
3 0.160639 0.597130 0.060254 0.023817
