3 0.236158 0.337235 0.092543 0.160579
0 0.617117 0.368138 0.036752 0.047800
0 0.721477 0.427790 0.045377 0.063439
0 0.594038 0.471483 0.049527 0.074933
0 0.373330 0.293589 0.025552 0.038100
3 0.418216 0.195665 0.015580 0.036364
0 0.445970 0.232375 0.014704 0.020759
0 0.420556 0.234139 0.014014 0.014062
0 0.518187 0.252259 0.016162 0.021410
0 0.010962 0.634077 0.021660 0.099832
0 0.385329 0.241964 0.015983 0.020111
3 0.541880 0.238780 0.016176 0.026558
0 0.528571 0.223929 0.011429 0.015217
0 0.500584 0.205260 0.009373 0.012935
