0 0.475796 0.787992 0.152026 0.114582
0 0.512579 0.651656 0.087428 0.051148
0 0.261518 0.688139 0.095826 0.052165
0 0.531172 0.599367 0.050262 0.028129
0 0.919660 0.593782 0.065069 0.023721
0 0.044839 0.630954 0.088263 0.034253
0 0.472580 0.593735 0.048619 0.025322
0 0.822719 0.565383 0.038921 0.016725
0 0.598623 0.579887 0.042568 0.022891
0 0.153470 0.613557 0.103789 0.024566
1 0.401380 0.740018 0.037016 0.039105
1 0.627704 0.663296 0.024966 0.024480
1 0.342409 0.691507 0.032144 0.025919
0 0.549343 0.562805 0.030798 0.015481
0 0.975900 0.582524 0.039089 0.017862
