0 0.262889 0.773427 0.158356 0.099353
0 0.465293 0.744066 0.128494 0.086217
0 0.614352 0.640567 0.077193 0.045913
0 0.527740 0.597135 0.045389 0.022899
1 0.053996 0.767523 0.047711 0.037985
0 0.554031 0.579105 0.039693 0.020808
1 0.542634 0.684665 0.034397 0.029228
0 0.044269 0.630256 0.088124 0.035627
0 0.162960 0.612624 0.072142 0.022746
0 0.596520 0.561440 0.036075 0.017496
0 0.476488 0.558615 0.038018 0.017965
1 0.337568 0.665462 0.023007 0.020490
0 0.527597 0.542930 0.028979 0.016146
1 0.326166 0.699986 0.033245 0.030602
1 0.474150 0.598766 0.018156 0.015225
1 0.446314 0.611667 0.026907 0.014100
