0 0.658382 0.627113 0.062759 0.032378
0 0.077067 0.631897 0.096254 0.034703
0 0.185724 0.614130 0.103018 0.023678
0 0.592869 0.586792 0.042699 0.023905
1 0.245585 0.817945 0.057125 0.050396
3 0.587065 0.703479 0.105600 0.089739
0 0.975989 0.588588 0.021040 0.020340
0 0.926878 0.572285 0.039159 0.016089
0 0.466199 0.634406 0.079203 0.048228
0 0.488909 0.575182 0.034878 0.016850
1 0.946001 0.831395 0.061687 0.058732
3 0.466244 0.634436 0.079400 0.048351
3 0.336412 0.612233 0.069570 0.043357
0 0.694845 0.966879 0.223674 0.065453
0 0.585077 0.568682 0.033052 0.019757
