0 0.426986 0.803157 0.141127 0.095303
0 0.497386 0.661757 0.085801 0.053251
0 0.385797 0.604555 0.065298 0.031646
3 0.664924 0.753527 0.129412 0.128083
0 0.585874 0.600911 0.052546 0.030676
0 0.041518 0.632290 0.082700 0.034492
1 0.225414 0.898672 0.071968 0.073906
0 0.530685 0.591866 0.043292 0.023474
0 0.641182 0.585061 0.050258 0.024288
1 0.758878 0.691019 0.034264 0.029000
0 0.163460 0.613787 0.068143 0.023118
1 0.685913 0.634701 0.022518 0.019807
1 0.338630 0.682495 0.031838 0.024100
1 0.400025 0.649850 0.022526 0.020981
0 0.544062 0.573135 0.037031 0.019351
0 0.593084 0.562574 0.033925 0.017304
