0 0.400951 0.372130 0.036809 0.051193
0 0.309807 0.327400 0.028921 0.039142
0 0.588024 0.327718 0.029375 0.041099
0 0.646733 0.434002 0.044434 0.067302
0 0.359367 0.325331 0.027932 0.041608
0 0.541011 0.320687 0.026836 0.041581
0 0.420836 0.312708 0.026966 0.041785
0 0.594342 0.290195 0.019436 0.028838
0 0.550007 0.268895 0.017207 0.022660
0 0.525498 0.281649 0.018995 0.027356
2 0.821458 0.674519 0.136191 0.232747
2 0.399675 0.227698 0.020496 0.047267
0 0.403465 0.268999 0.020557 0.033102
0 0.429170 0.239392 0.013564 0.019677
3 0.399687 0.227466 0.020295 0.047257
3 0.821752 0.673996 0.136431 0.231262
0 0.426209 0.219311 0.008788 0.008857
