0 0.310242 0.630371 0.082535 0.136293
0 0.172338 0.468731 0.061322 0.073311
3 0.344326 0.278575 0.040428 0.078794
0 0.544298 0.337068 0.028970 0.041732
3 0.369619 0.256203 0.030555 0.070871
0 0.377516 0.315944 0.024171 0.032774
3 0.598242 0.345923 0.033148 0.054651
0 0.421851 0.260615 0.015791 0.024441
0 0.569555 0.267166 0.016402 0.023902
0 0.527058 0.274649 0.016238 0.025497
0 0.540040 0.260334 0.014227 0.020754
0 0.406548 0.350681 0.034998 0.062044
0 0.510482 0.237374 0.012963 0.021960
0 0.401621 0.250301 0.014543 0.025265
0 0.562212 0.250380 0.012318 0.018209
3 0.406456 0.350555 0.034906 0.062117
3 0.401515 0.250250 0.014443 0.026029
