0 0.401517 0.880238 0.207408 0.155299
0 0.623091 0.674075 0.100977 0.060625
0 0.072042 0.953876 0.143161 0.091734
0 0.518937 0.613935 0.052327 0.026613
1 0.187416 0.793930 0.058014 0.050338
3 0.614469 0.615754 0.063793 0.045589
0 0.044145 0.631120 0.087305 0.034073
1 0.236507 0.733632 0.035844 0.033769
1 0.595880 0.795237 0.051180 0.047851
0 0.543570 0.589574 0.045467 0.023209
0 0.375785 0.572764 0.033193 0.018582
1 0.704752 0.661473 0.033228 0.026192
0 0.165532 0.612843 0.076962 0.022437
1 0.421792 0.637070 0.024822 0.018101
0 0.296098 0.574004 0.049776 0.016324
0 0.464773 0.565653 0.040447 0.019981
1 0.452718 0.618699 0.021384 0.018217
0 0.547327 0.566056 0.032693 0.017322
