0 0.438677 0.731310 0.125143 0.085297
0 0.302174 0.635232 0.088135 0.042601
0 0.551856 0.623972 0.066332 0.038157
0 0.498486 0.605543 0.050359 0.027759
0 0.649440 0.601322 0.059554 0.028840
0 0.027341 0.634392 0.054682 0.032781
0 0.685468 0.891824 0.210697 0.215811
1 0.158923 0.794479 0.057119 0.049976
1 0.715867 0.685895 0.031180 0.026685
1 0.599005 0.661066 0.024396 0.022163
0 0.512598 0.582124 0.044766 0.023430
1 0.963829 0.876013 0.072342 0.063278
1 0.332277 0.704442 0.029588 0.028872
0 0.457657 0.581880 0.048217 0.026548
0 0.568018 0.570731 0.039263 0.018675
0 0.120574 0.616130 0.098984 0.023573
