0 0.626339 0.721387 0.120027 0.082046
0 0.509246 0.635502 0.065259 0.033202
0 0.044154 0.630692 0.086529 0.034210
1 0.041258 0.868584 0.064322 0.058404
3 0.626751 0.636109 0.072880 0.056125
0 0.896027 0.570430 0.049243 0.019194
0 0.535677 0.600288 0.052364 0.028952
1 0.777011 0.715936 0.044191 0.036386
0 0.593943 0.573489 0.038852 0.020702
1 0.429305 0.644886 0.024140 0.023565
0 0.824466 0.554187 0.037036 0.014196
0 0.166793 0.612042 0.074552 0.023179
1 0.391209 0.673871 0.024877 0.022078
0 0.452392 0.572012 0.044411 0.021533
1 0.294333 0.638036 0.021860 0.019318
0 0.546448 0.570923 0.032872 0.019264
