0 0.072920 0.799831 0.145630 0.096551
0 0.480779 0.717806 0.122909 0.079709
0 0.517324 0.623726 0.064931 0.037178
0 0.438173 0.619052 0.064572 0.033551
0 0.598871 0.592729 0.047627 0.027430
0 0.147741 0.614113 0.108531 0.026759
1 0.208985 0.971871 0.084888 0.055879
0 0.043276 0.629596 0.085386 0.036690
1 0.636818 0.747662 0.035999 0.038729
0 0.393725 0.976249 0.215401 0.046886
3 0.393829 0.976150 0.216971 0.047327
1 0.640015 0.690299 0.029022 0.029395
1 0.343689 0.619997 0.020871 0.017403
1 0.715256 0.695191 0.029471 0.031324
0 0.540989 0.571313 0.033202 0.017112
0 0.287630 0.573483 0.046902 0.015477
0 0.793336 0.555879 0.034181 0.014649
