0 0.112149 0.916163 0.224298 0.167582
0 0.425996 0.828568 0.175041 0.127428
0 0.618746 0.662621 0.088208 0.054582
0 0.521838 0.608228 0.049575 0.026211
0 0.044460 0.630656 0.087909 0.034599
3 0.610070 0.610532 0.058195 0.043288
1 0.575305 0.750416 0.045649 0.042698
1 0.239231 0.758501 0.048392 0.042960
0 0.547009 0.585878 0.041762 0.023633
1 0.272479 0.709147 0.029950 0.030018
0 0.468130 0.563440 0.040131 0.019432
0 0.165307 0.612742 0.076585 0.022381
0 0.293652 0.573856 0.052000 0.016630
1 0.459355 0.611943 0.020977 0.019665
1 0.684476 0.648798 0.032158 0.027299
0 0.911438 0.579110 0.027537 0.018513
1 0.431511 0.628899 0.027973 0.016091
