0 0.328036 0.585207 0.072285 0.109792
0 0.179903 0.576855 0.078621 0.107242
0 0.615547 0.513598 0.058124 0.089849
0 0.380173 0.434164 0.045020 0.064193
0 0.642740 0.348850 0.030268 0.044881
0 0.612501 0.382124 0.034275 0.046249
0 0.414931 0.336489 0.029192 0.044105
0 0.427289 0.298472 0.022651 0.031634
0 0.386282 0.274955 0.018789 0.025687
0 0.444717 0.269477 0.017588 0.026126
0 0.548951 0.291715 0.019559 0.026784
0 0.525170 0.278986 0.019469 0.031540
3 0.550336 0.225035 0.017527 0.043386
3 0.405489 0.228152 0.018838 0.048145
3 0.391301 0.241592 0.024395 0.043425
0 0.596902 0.289872 0.018241 0.027805
0 0.432057 0.243700 0.013208 0.018054
