0 0.448452 0.759701 0.122282 0.075791
0 0.506621 0.649396 0.079146 0.048163
3 0.659304 0.729313 0.117552 0.109617
0 0.534906 0.588059 0.040986 0.023514
0 0.043127 0.630991 0.085461 0.036227
0 0.590362 0.595052 0.049615 0.028362
0 0.634751 0.580789 0.047751 0.023005
0 0.399931 0.597983 0.060952 0.028671
0 0.145606 0.614823 0.107526 0.027464
1 0.287677 0.819815 0.060064 0.058345
1 0.729541 0.667029 0.027709 0.026324
1 0.677552 0.623376 0.020101 0.018236
1 0.120559 0.966324 0.078972 0.067154
0 0.549574 0.570493 0.034914 0.018886
0 0.595100 0.559915 0.030905 0.016548
1 0.372824 0.662796 0.031946 0.022324
