0 0.609218 0.522196 0.059815 0.080974
3 0.624883 0.311044 0.045953 0.072242
0 0.292199 0.362680 0.033447 0.045119
3 0.587378 0.258805 0.031320 0.065350
0 0.371138 0.337200 0.028837 0.038391
0 0.627913 0.400042 0.037916 0.054133
0 0.435658 0.299251 0.021348 0.031570
0 0.578006 0.320267 0.023868 0.034486
0 0.392856 0.291771 0.021279 0.030267
0 0.446158 0.267839 0.016169 0.025543
0 0.529464 0.290602 0.020742 0.032514
0 0.428091 0.247187 0.013250 0.020807
3 0.599855 0.224085 0.020545 0.030448
3 0.426632 0.206883 0.013762 0.034497
