0 0.498313 0.664081 0.087890 0.052162
0 0.403880 0.876315 0.210870 0.166147
0 0.383108 0.666098 0.089399 0.050603
0 0.604792 0.611651 0.058587 0.034684
0 0.982080 0.596320 0.035505 0.024961
0 0.535675 0.582647 0.037593 0.018762
0 0.043523 0.629354 0.086033 0.036753
0 0.818964 0.567323 0.035372 0.016684
0 0.486280 0.550731 0.033724 0.016448
0 0.146890 0.613604 0.103663 0.025087
0 0.558639 0.569851 0.031678 0.019253
1 0.666620 0.974877 0.080137 0.049748
0 0.897322 0.569546 0.035692 0.015872
1 0.247608 0.665827 0.024666 0.022061
1 0.666328 0.804311 0.058187 0.053910
1 0.524214 0.624062 0.021258 0.024981
0 0.290428 0.573719 0.060094 0.016735
1 0.418054 0.640145 0.022621 0.018156
