0 0.233007 0.869516 0.132267 0.211472
0 0.099524 0.702574 0.106648 0.139446
0 0.550182 0.272102 0.016226 0.020838
0 0.372113 0.325163 0.027000 0.039305
3 0.559354 0.232583 0.020614 0.045268
0 0.438523 0.295628 0.021529 0.034442
0 0.614128 0.382131 0.033694 0.047379
0 0.522140 0.271221 0.016741 0.024300
0 0.407114 0.272743 0.018503 0.028782
3 0.576348 0.260269 0.026596 0.043539
0 0.427306 0.253773 0.015268 0.020828
0 0.536417 0.250617 0.012780 0.017153
3 0.413610 0.220439 0.016174 0.043804
0 0.457827 0.244912 0.013820 0.028760
0 0.508913 0.232608 0.010047 0.015335
