0 0.339865 0.523292 0.061262 0.101215
0 0.781423 0.938232 0.154991 0.123536
0 0.382622 0.384919 0.037515 0.053593
0 0.556001 0.351479 0.030348 0.043918
0 0.568252 0.308559 0.023003 0.029872
0 0.343592 0.313227 0.026403 0.032614
0 0.426035 0.316079 0.026518 0.040734
3 0.394727 0.236529 0.022463 0.054753
0 0.603372 0.303620 0.022331 0.033156
0 0.416794 0.262008 0.016392 0.024023
0 0.442515 0.267872 0.019828 0.035035
3 0.376205 0.251115 0.028490 0.056864
0 0.544249 0.257682 0.014345 0.020676
3 0.782779 0.618510 0.098486 0.150960
3 0.544454 0.219701 0.015380 0.037706
0 0.524789 0.265280 0.015705 0.020528
0 0.578523 0.270363 0.015454 0.022974
