3 0.256518 0.347838 0.075811 0.133822
0 0.880625 0.793337 0.125919 0.170333
3 0.596020 0.272799 0.034792 0.076847
0 0.596538 0.491939 0.053304 0.075642
0 0.543151 0.341209 0.029164 0.039214
0 0.019851 0.893829 0.039287 0.198026
0 0.630718 0.341015 0.028158 0.039644
0 0.601963 0.363594 0.031729 0.042592
0 0.569177 0.305225 0.023916 0.040770
0 0.380618 0.297057 0.024031 0.041988
0 0.401932 0.281064 0.020395 0.024538
0 0.550794 0.279668 0.016761 0.023187
0 0.519282 0.273540 0.019052 0.026896
0 0.421145 0.250965 0.013567 0.019178
0 0.453627 0.250678 0.013722 0.018965
0 0.558080 0.269109 0.013273 0.020366
3 0.536077 0.243139 0.014378 0.031335
