0 0.426106 0.909008 0.222758 0.181579
0 0.496960 0.682625 0.103085 0.066920
0 0.171876 0.738076 0.130522 0.070429
0 0.454562 0.605865 0.057594 0.028435
1 0.325293 0.833037 0.058793 0.060659
0 0.523892 0.611125 0.056388 0.031928
0 0.597537 0.586569 0.044726 0.024581
0 0.043524 0.629946 0.085695 0.036085
0 0.887643 0.584635 0.043769 0.021372
1 0.632097 0.701514 0.032682 0.031781
0 0.154835 0.614358 0.121578 0.027378
1 0.263538 0.751385 0.040448 0.038861
1 0.631425 0.660869 0.030238 0.026531
0 0.452906 0.536873 0.032500 0.011821
0 0.544611 0.566913 0.031144 0.015677
0 0.375245 0.570157 0.033532 0.020145
0 0.568395 0.558933 0.029339 0.016584
1 0.690048 0.661090 0.022840 0.024014
