0 0.721274 0.563006 0.066730 0.086945
0 0.310699 0.399208 0.040276 0.054821
0 0.711091 0.426316 0.045092 0.064651
0 0.385937 0.432540 0.043030 0.065841
0 0.412941 0.360069 0.032608 0.044858
0 0.424137 0.319795 0.027111 0.038588
0 0.578867 0.331348 0.025403 0.035548
0 0.566716 0.296552 0.021952 0.029297
0 0.193239 0.923734 0.144962 0.146453
0 0.620362 0.316599 0.022877 0.032922
0 0.437189 0.281409 0.019330 0.030892
3 0.556349 0.232659 0.018806 0.045710
0 0.537657 0.312085 0.025194 0.042162
0 0.411664 0.255498 0.014843 0.019430
0 0.529101 0.287396 0.020381 0.026195
0 0.447377 0.263706 0.016964 0.024026
3 0.400775 0.228332 0.018309 0.046665
0 0.515671 0.257502 0.013150 0.018130
3 0.414406 0.220791 0.017549 0.043985
