0 0.625946 0.717044 0.117153 0.079801
0 0.510579 0.633182 0.063710 0.033068
1 0.061899 0.852323 0.064519 0.056891
3 0.626115 0.634177 0.072149 0.055476
0 0.044153 0.630634 0.086224 0.034122
0 0.536519 0.599750 0.050985 0.027584
0 0.897164 0.571169 0.048172 0.018855
1 0.769888 0.710624 0.041692 0.033787
0 0.593234 0.573422 0.038614 0.020216
0 0.166149 0.611972 0.075214 0.023355
0 0.546549 0.570789 0.032969 0.018321
1 0.431129 0.642814 0.023666 0.022693
0 0.825852 0.555000 0.037383 0.013312
1 0.394764 0.670097 0.023167 0.022389
0 0.453687 0.572190 0.044098 0.020120
0 0.519361 0.551491 0.031817 0.018377
