3 0.054493 0.555504 0.108338 0.301828
0 0.584446 0.436683 0.049958 0.063001
0 0.646903 0.599397 0.084319 0.136636
0 0.785121 0.651304 0.083714 0.111759
3 0.574409 0.251809 0.026043 0.059395
0 0.396030 0.283198 0.019418 0.027083
0 0.632108 0.403532 0.040203 0.064124
0 0.536806 0.320253 0.025766 0.034428
0 0.354196 0.347900 0.032260 0.042357
0 0.593276 0.294359 0.020479 0.029554
0 0.437025 0.306554 0.022314 0.032195
0 0.737274 0.450554 0.045859 0.065723
0 0.561651 0.294897 0.019651 0.026581
0 0.522476 0.277852 0.017228 0.023144
0 0.306390 0.398902 0.043414 0.074694
0 0.449023 0.265252 0.014874 0.025135
