0 0.233270 0.515727 0.063589 0.086618
0 0.388790 0.428858 0.044312 0.062832
0 0.868290 0.798203 0.117939 0.168993
0 0.019588 0.662869 0.039013 0.130642
0 0.426342 0.330623 0.026917 0.037374
0 0.550214 0.341286 0.030064 0.038697
0 0.577709 0.317765 0.023944 0.031666
3 0.572569 0.245578 0.025888 0.054874
0 0.346294 0.357047 0.031812 0.044821
0 0.410736 0.270017 0.016768 0.025357
0 0.554397 0.278792 0.018082 0.025374
3 0.599147 0.283607 0.035125 0.055758
0 0.430150 0.245116 0.013791 0.020979
0 0.517451 0.257335 0.014233 0.021350
0 0.455783 0.252037 0.014440 0.016020
