0 0.500910 0.659306 0.085882 0.050613
0 0.415203 0.848354 0.198054 0.148367
0 0.390145 0.660348 0.084625 0.045943
0 0.603955 0.610136 0.057335 0.032809
0 0.982340 0.597861 0.034967 0.024810
0 0.043436 0.629585 0.085724 0.036444
1 0.662637 0.946934 0.075316 0.080205
0 0.536802 0.581382 0.036747 0.018974
1 0.662056 0.786282 0.052398 0.050277
0 0.560274 0.568552 0.031973 0.018791
0 0.822598 0.568997 0.032399 0.016725
0 0.145538 0.613676 0.103675 0.025525
1 0.261943 0.657740 0.026997 0.022665
1 0.524694 0.622544 0.020759 0.020528
0 0.291537 0.573878 0.056407 0.016287
0 0.488083 0.549715 0.033508 0.015856
2 0.167546 0.595381 0.058483 0.023592
