0 0.879229 0.943955 0.236520 0.111829
0 0.331034 0.647665 0.073308 0.036836
0 0.506944 0.707126 0.120389 0.073703
0 0.531322 0.624905 0.078907 0.039235
0 0.845521 0.573501 0.041727 0.017096
0 0.597307 0.572621 0.038358 0.019394
0 0.537470 0.586937 0.042435 0.024340
0 0.490131 0.581934 0.042147 0.022370
1 0.265974 0.811808 0.056672 0.051316
0 0.046213 0.630606 0.090899 0.035644
0 0.971598 0.606119 0.056441 0.025654
1 0.100520 0.784381 0.056825 0.053249
1 0.380924 0.758553 0.045775 0.047725
1 0.402317 0.641907 0.023812 0.023510
0 0.149941 0.614938 0.111445 0.026819
1 0.029625 0.917753 0.059176 0.059302
0 0.295473 0.574578 0.040066 0.015302
1 0.457931 0.674196 0.029953 0.028644
1 0.623354 0.630489 0.020516 0.020054
1 0.638148 0.604233 0.021099 0.022464
