3 0.065891 0.529210 0.131047 0.276970
0 0.817734 0.701476 0.094415 0.125389
0 0.663847 0.643688 0.092944 0.157666
0 0.587966 0.454439 0.047273 0.066870
3 0.575781 0.252694 0.026829 0.060032
0 0.638478 0.416377 0.042308 0.060227
0 0.398111 0.279998 0.018963 0.026730
0 0.538904 0.326124 0.026414 0.036679
0 0.748881 0.463228 0.047922 0.070284
0 0.438951 0.300347 0.021077 0.030847
0 0.314845 0.387521 0.041685 0.071026
0 0.563694 0.297915 0.020736 0.027591
0 0.450014 0.262682 0.014289 0.023784
0 0.523226 0.279069 0.018590 0.025089
0 0.595239 0.296506 0.020756 0.030277
0 0.359156 0.340664 0.031061 0.041634
0 0.441062 0.230958 0.010377 0.009344
0 0.547072 0.268629 0.017166 0.028858
2 0.419551 0.216363 0.014929 0.036604
