0 0.684380 0.666604 0.080419 0.043155
0 0.404513 0.693751 0.122211 0.075393
0 0.469071 0.588891 0.040224 0.019612
0 0.077128 0.632096 0.095017 0.035042
0 0.583463 0.606625 0.055623 0.031071
0 0.579729 0.580566 0.040977 0.022604
3 0.363894 0.634103 0.088047 0.056314
0 0.188661 0.613742 0.101273 0.023604
1 0.484497 0.632332 0.021220 0.022948
0 0.585675 0.561225 0.031444 0.016581
0 0.599350 0.807783 0.158394 0.159214
1 0.431696 0.612179 0.018955 0.018353
0 0.625497 0.554508 0.031545 0.015466
0 0.556061 0.556523 0.029675 0.015503
3 0.599073 0.807726 0.158387 0.159303
1 0.517220 0.605242 0.019776 0.021853
