0 0.695886 0.710324 0.103694 0.059056
0 0.059063 0.632057 0.100896 0.034343
0 0.425512 0.601535 0.048913 0.023112
3 0.245903 0.684880 0.136109 0.078474
0 0.285677 0.784311 0.192408 0.128956
3 0.285743 0.784064 0.192750 0.127471
0 0.555368 0.626385 0.069532 0.038486
1 0.438968 0.663617 0.026595 0.025571
1 0.345608 0.690847 0.040897 0.029973
0 0.563957 0.568307 0.034547 0.018137
0 0.594524 0.910853 0.232239 0.177532
0 0.557840 0.590636 0.047244 0.024827
0 0.939630 0.598783 0.066098 0.023410
0 0.607466 0.559484 0.033564 0.015875
0 0.169730 0.613847 0.102290 0.023181
0 0.917572 0.574224 0.043691 0.015408
1 0.473301 0.629455 0.025072 0.027102
0 0.529971 0.564446 0.031370 0.015102
0 0.029636 0.724022 0.059123 0.046897
