3 0.112915 0.464737 0.163887 0.269846
3 0.751270 0.443046 0.118365 0.169169
3 0.636491 0.306563 0.051218 0.102916
0 0.669588 0.712491 0.093377 0.148708
0 0.843012 0.752582 0.111802 0.141409
3 0.275400 0.473642 0.058743 0.101929
0 0.431543 0.241906 0.012760 0.017092
0 0.453621 0.250930 0.013223 0.015761
0 0.407623 0.256650 0.014260 0.019291
0 0.506076 0.221250 0.009733 0.018805
0 0.444836 0.222500 0.009171 0.012883
0 0.451922 0.209250 0.008234 0.013964
3 0.530316 0.237445 0.012656 0.020236
0 0.530389 0.237254 0.012857 0.020067
0 0.461541 0.232925 0.012304 0.017753
3 0.435466 0.200145 0.010918 0.023692
0 0.500982 0.203234 0.007834 0.016141
