3 0.168753 0.418985 0.130339 0.221687
3 0.647498 0.316937 0.056947 0.112109
3 0.790683 0.483902 0.144393 0.206096
3 0.045704 0.543276 0.090755 0.295037
3 0.312464 0.420906 0.047043 0.082737
0 0.456608 0.244173 0.012503 0.016173
0 0.434529 0.237227 0.011756 0.016436
0 0.415634 0.249101 0.013804 0.019641
0 0.462758 0.227562 0.011539 0.016744
0 0.506733 0.224162 0.010793 0.020501
3 0.436308 0.195234 0.010580 0.027084
0 0.525548 0.223970 0.009822 0.013746
0 0.532395 0.239836 0.014360 0.022283
0 0.501049 0.205726 0.007892 0.016398
0 0.446305 0.220167 0.009438 0.014057
