0 0.148825 0.618736 0.091855 0.133861
0 0.555661 0.360374 0.037028 0.054491
0 0.740276 0.596206 0.084153 0.110761
0 0.614183 0.369850 0.037048 0.053504
0 0.336222 0.301121 0.024863 0.032270
0 0.420614 0.317271 0.026768 0.037215
0 0.609966 0.308630 0.022052 0.032506
0 0.382833 0.293895 0.023839 0.034318
0 0.559414 0.283421 0.019717 0.024933
0 0.531237 0.302259 0.021029 0.032842
0 0.433923 0.280766 0.021959 0.032245
3 0.405578 0.222427 0.019880 0.045631
0 0.413750 0.255904 0.018283 0.028138
0 0.434611 0.233929 0.011856 0.013774
