0 0.845383 0.674044 0.142094 0.053968
0 0.130948 0.654455 0.089475 0.048507
0 0.032302 0.846867 0.064603 0.137061
0 0.281993 0.624247 0.068310 0.034827
0 0.974523 0.661448 0.050954 0.041106
0 0.084956 0.626143 0.062151 0.031414
1 0.383142 0.751671 0.039745 0.038191
0 0.168087 0.582004 0.040707 0.022255
0 0.102385 0.595928 0.049967 0.024238
1 0.187771 0.715405 0.032772 0.029348
0 0.860901 0.608682 0.030138 0.010809
0 0.740425 0.627871 0.062436 0.028860
0 0.829059 0.613632 0.034231 0.016503
3 0.040527 0.599227 0.066148 0.030930
0 0.405338 0.564602 0.049581 0.021171
