0 0.690700 0.680306 0.086774 0.048071
0 0.457696 0.593203 0.044152 0.021163
0 0.074101 0.631627 0.094311 0.034374
0 0.578662 0.613019 0.056366 0.032946
0 0.375309 0.717892 0.141799 0.087803
1 0.473132 0.642135 0.022870 0.023642
3 0.598810 0.850022 0.178430 0.190093
0 0.577899 0.583714 0.042848 0.024617
0 0.183576 0.614890 0.105637 0.024503
3 0.375386 0.717894 0.141434 0.088117
3 0.331798 0.648048 0.099371 0.063892
0 0.943256 0.578836 0.037220 0.015291
0 0.582630 0.563168 0.032488 0.016701
0 0.623955 0.555518 0.030016 0.015275
0 0.983095 0.610390 0.029417 0.025235
3 0.261527 0.643301 0.091407 0.059615
1 0.506466 0.612903 0.019707 0.022339
1 0.412516 0.620714 0.017503 0.020786
0 0.550464 0.558874 0.031736 0.016162
