0 0.421346 0.814021 0.146753 0.099719
0 0.495726 0.664653 0.087798 0.054311
3 0.666650 0.760430 0.132355 0.130325
1 0.208831 0.917622 0.075758 0.074860
0 0.382526 0.605673 0.065866 0.032220
0 0.041098 0.632563 0.081943 0.034673
0 0.585130 0.601749 0.052659 0.030633
0 0.641578 0.586171 0.050761 0.024722
0 0.530175 0.592675 0.042389 0.023882
0 0.016269 0.710166 0.032432 0.054407
1 0.686937 0.635387 0.022733 0.023693
0 0.164698 0.614201 0.062764 0.022814
1 0.767733 0.696527 0.033825 0.031012
0 0.543105 0.573496 0.037031 0.019298
1 0.332083 0.686074 0.032433 0.027559
0 0.497346 0.571114 0.039414 0.022880
0 0.593483 0.562940 0.035668 0.017874
1 0.396680 0.651618 0.024894 0.021331
