3 0.219582 0.378731 0.091794 0.156659
0 0.758528 0.602003 0.078074 0.112055
0 0.570585 0.417472 0.041059 0.058014
3 0.589095 0.266341 0.032175 0.071369
0 0.768576 0.925229 0.158581 0.147727
0 0.963687 0.723251 0.072140 0.138214
0 0.617891 0.324757 0.025851 0.036662
0 0.587709 0.337687 0.027978 0.038839
0 0.534772 0.317070 0.025763 0.033254
0 0.450295 0.260655 0.015042 0.022704
0 0.368470 0.314194 0.027320 0.046469
0 0.415567 0.256310 0.016699 0.023630
0 0.561209 0.291974 0.021365 0.035694
0 0.543530 0.269349 0.014901 0.022065
3 0.425218 0.211473 0.013774 0.031163
0 0.392931 0.292999 0.022572 0.028260
0 0.516821 0.263830 0.017817 0.023125
