0 0.314980 0.621520 0.076820 0.122638
0 0.686084 0.703274 0.092309 0.148676
0 0.256308 0.473790 0.054478 0.075150
0 0.667602 0.376855 0.035517 0.051748
0 0.382178 0.442769 0.046317 0.067389
0 0.645285 0.437500 0.043000 0.060735
0 0.426952 0.306848 0.023543 0.036236
0 0.560790 0.306975 0.021848 0.030357
0 0.405460 0.368314 0.034790 0.047617
0 0.530114 0.291633 0.021507 0.034546
0 0.606122 0.300530 0.020461 0.029846
0 0.398827 0.265543 0.017276 0.023027
3 0.552817 0.228726 0.018765 0.042335
0 0.438096 0.280749 0.019617 0.025565
3 0.409218 0.224438 0.019101 0.046430
3 0.396336 0.232900 0.023236 0.051132
0 0.449844 0.258429 0.015337 0.023592
0 0.561895 0.254043 0.014037 0.021147
0 0.523890 0.273034 0.018367 0.023714
0 0.559472 0.283622 0.020073 0.027952
