0 0.083629 0.943324 0.165686 0.112653
0 0.407571 0.866169 0.198474 0.146183
0 0.621585 0.671508 0.097318 0.059606
0 0.519919 0.612282 0.051214 0.026719
1 0.589894 0.781415 0.052591 0.049039
1 0.201297 0.784433 0.055156 0.048263
3 0.613369 0.614787 0.063132 0.044789
0 0.043873 0.631061 0.086835 0.034446
0 0.542850 0.588468 0.045708 0.024001
1 0.700257 0.658814 0.033317 0.025389
1 0.246717 0.727441 0.031504 0.031155
0 0.375741 0.572896 0.032319 0.018432
1 0.421952 0.634420 0.026363 0.017618
0 0.165216 0.612906 0.076626 0.022710
0 0.295634 0.574197 0.050944 0.015728
1 0.454654 0.616884 0.021203 0.018686
0 0.548083 0.565806 0.033391 0.017251
0 0.523213 0.547488 0.029543 0.017007
0 0.465473 0.565403 0.041452 0.019249
