0 0.136560 0.759976 0.144413 0.076697
0 0.406870 0.928652 0.247603 0.142166
0 0.520691 0.615648 0.059914 0.034724
0 0.491426 0.694756 0.109837 0.068480
1 0.290898 0.875832 0.067340 0.071823
0 0.448180 0.610610 0.060202 0.030382
0 0.598240 0.589128 0.046991 0.025921
1 0.633080 0.716572 0.035355 0.033728
0 0.043156 0.629738 0.085495 0.036722
0 0.148854 0.614156 0.104926 0.026358
1 0.698554 0.671048 0.026632 0.028340
1 0.635056 0.672769 0.026856 0.027670
0 0.896487 0.565786 0.031422 0.014220
1 0.228760 0.779365 0.045849 0.044752
0 0.879116 0.584166 0.034636 0.016309
0 0.451292 0.536935 0.032600 0.011889
0 0.374539 0.570265 0.034573 0.019798
0 0.498327 0.542616 0.031138 0.014741
0 0.543310 0.567738 0.031837 0.016789
0 0.288576 0.573520 0.046222 0.016056
