0 0.246240 0.824348 0.120219 0.201679
0 0.746562 0.605508 0.077188 0.102049
0 0.722393 0.439427 0.047684 0.068323
0 0.318615 0.388202 0.038160 0.052978
0 0.038437 0.800665 0.076426 0.246708
0 0.393521 0.412263 0.040582 0.060511
0 0.416916 0.349361 0.029847 0.042276
0 0.427681 0.312989 0.023585 0.035957
0 0.583373 0.336872 0.027802 0.036699
3 0.557395 0.233226 0.020146 0.046689
0 0.623778 0.319451 0.022873 0.034328
0 0.568935 0.299945 0.022321 0.031901
0 0.438818 0.278198 0.018378 0.026818
0 0.414164 0.252814 0.015529 0.021954
0 0.540144 0.317792 0.025566 0.043479
0 0.530416 0.290139 0.022429 0.028239
0 0.567475 0.261840 0.014901 0.021926
0 0.447588 0.261136 0.018703 0.022477
0 0.516091 0.258677 0.013900 0.020401
3 0.402169 0.228064 0.018279 0.046427
3 0.415375 0.220572 0.018112 0.043230
