0 0.658130 0.626406 0.061070 0.030984
0 0.183496 0.614239 0.107119 0.023456
3 0.586257 0.698251 0.104097 0.092002
0 0.076864 0.631828 0.097139 0.034759
1 0.260093 0.804319 0.052562 0.049500
0 0.592859 0.585249 0.042740 0.025116
3 0.339796 0.609611 0.073224 0.046588
0 0.927765 0.573560 0.039741 0.014849
0 0.468239 0.632788 0.079783 0.047825
1 0.938354 0.822010 0.065360 0.057161
0 0.490525 0.573775 0.031696 0.018068
3 0.423200 0.598718 0.056194 0.036221
0 0.584095 0.567898 0.035317 0.019001
0 0.408332 0.573807 0.032597 0.018164
