0 0.181745 0.575967 0.080030 0.115542
0 0.557406 0.368849 0.036453 0.056535
0 0.761354 0.642569 0.084391 0.129958
0 0.422805 0.310239 0.025643 0.034896
0 0.619569 0.378376 0.038988 0.057682
0 0.612993 0.312419 0.022880 0.033658
0 0.339942 0.297542 0.023195 0.032039
0 0.385983 0.290001 0.022428 0.033440
0 0.532903 0.306476 0.022090 0.033173
0 0.560381 0.285291 0.019892 0.026641
3 0.406464 0.221831 0.018991 0.045306
0 0.436099 0.276454 0.020161 0.031038
3 0.414827 0.252814 0.018201 0.029394
0 0.508967 0.234167 0.010785 0.014950
