3 0.277915 0.329891 0.065575 0.120323
0 0.128987 0.665178 0.104503 0.147638
3 0.602422 0.278974 0.036616 0.080486
0 0.616191 0.388215 0.036305 0.049991
0 0.628777 0.583518 0.068134 0.099974
0 0.551852 0.365527 0.032566 0.044370
0 0.641970 0.355044 0.030700 0.043952
0 0.424563 0.245706 0.013867 0.018919
0 0.522420 0.282508 0.019923 0.027934
0 0.576989 0.317347 0.025486 0.043361
0 0.557082 0.282943 0.018811 0.034774
3 0.538507 0.246396 0.015672 0.036513
0 0.519167 0.261169 0.015198 0.020299
0 0.387388 0.286141 0.021721 0.038959
3 0.387414 0.286202 0.021551 0.038671
