0 0.685746 0.669547 0.080818 0.044143
0 0.583426 0.607206 0.055419 0.031918
0 0.399580 0.698477 0.126167 0.077746
0 0.466891 0.589959 0.040969 0.019301
0 0.580953 0.580820 0.038840 0.022129
0 0.077127 0.631885 0.094307 0.035467
3 0.360108 0.636445 0.092480 0.058253
1 0.482361 0.635056 0.022449 0.021650
0 0.188245 0.613886 0.100810 0.023597
0 0.585161 0.561210 0.031535 0.016507
1 0.428940 0.611376 0.018880 0.023742
0 0.599198 0.814138 0.163701 0.162717
0 0.956453 0.579351 0.051796 0.016807
0 0.555443 0.556944 0.027992 0.014845
3 0.399729 0.698415 0.125567 0.077832
0 0.625488 0.554531 0.030298 0.015744
3 0.599252 0.814236 0.163529 0.163095
