0 0.393483 0.897105 0.217703 0.166751
0 0.623952 0.676793 0.104106 0.062481
0 0.516513 0.615298 0.055807 0.027766
0 0.058030 0.966747 0.115698 0.065870
3 0.614994 0.617104 0.063231 0.047054
1 0.173070 0.804728 0.060973 0.051323
0 0.044170 0.631110 0.087282 0.034198
0 0.544281 0.589532 0.045649 0.023496
1 0.601041 0.807345 0.054177 0.051673
1 0.709888 0.664092 0.035462 0.027291
0 0.295030 0.574181 0.052105 0.015775
1 0.226667 0.740223 0.035822 0.034349
1 0.451531 0.620472 0.020411 0.018323
0 0.165648 0.612992 0.077624 0.022635
0 0.375545 0.572275 0.033010 0.019222
1 0.421071 0.639156 0.024112 0.018782
0 0.463483 0.566720 0.040737 0.019352
0 0.547331 0.566527 0.032727 0.017518
0 0.522484 0.548022 0.029569 0.016349
0 0.593374 0.568169 0.036018 0.019835
