0 0.246882 0.799915 0.112231 0.188647
0 0.360719 0.499412 0.056145 0.084753
0 0.223574 0.517558 0.064602 0.089396
0 0.643026 0.588661 0.071250 0.111860
0 0.654351 0.361971 0.032726 0.048001
0 0.628467 0.406533 0.040833 0.052749
0 0.421055 0.320953 0.025474 0.038584
0 0.554461 0.298407 0.020476 0.028834
0 0.433281 0.289156 0.021347 0.028481
0 0.392244 0.396438 0.044263 0.055738
3 0.551191 0.226603 0.017933 0.041907
0 0.601354 0.294778 0.019499 0.029109
0 0.527805 0.284731 0.020507 0.032085
0 0.392629 0.269762 0.017832 0.023348
0 0.447522 0.263631 0.016261 0.024311
3 0.393803 0.237775 0.023564 0.045796
3 0.406896 0.225520 0.019421 0.047653
0 0.560508 0.251470 0.013361 0.021929
0 0.511974 0.244782 0.012452 0.016543
0 0.522199 0.267114 0.016638 0.021898
0 0.556100 0.279623 0.019370 0.027972
0 0.454108 0.240955 0.014097 0.025946
