3 0.327519 0.288740 0.045080 0.091094
3 0.628498 0.303211 0.048837 0.099348
0 0.609088 0.529915 0.060251 0.089120
0 0.707139 0.536742 0.063730 0.088254
0 0.313894 0.400839 0.042851 0.059618
0 0.705291 0.427495 0.044493 0.060616
0 0.581780 0.326825 0.024412 0.034505
0 0.538240 0.327874 0.029132 0.041167
0 0.568705 0.303217 0.020734 0.025993
3 0.548614 0.265640 0.019563 0.039487
0 0.615101 0.378605 0.039083 0.064710
0 0.525578 0.288390 0.018981 0.026984
0 0.401349 0.261166 0.016680 0.027711
0 0.433566 0.233320 0.012281 0.017416
0 0.422612 0.248277 0.015127 0.028967
0 0.534389 0.246509 0.012749 0.018775
0 0.528826 0.235024 0.012184 0.016757
