3 0.301390 0.310060 0.055748 0.107534
0 0.236611 0.510601 0.065580 0.092784
3 0.611109 0.287021 0.040942 0.087492
0 0.715369 0.830880 0.116990 0.170854
0 0.641212 0.429223 0.043291 0.061141
0 0.569080 0.410674 0.041319 0.053353
0 0.661547 0.377644 0.035038 0.049609
0 0.527837 0.297119 0.022256 0.032421
0 0.566993 0.300805 0.020369 0.028461
0 0.589402 0.337186 0.030103 0.049687
0 0.521683 0.270084 0.016051 0.023973
0 0.394164 0.274321 0.020000 0.033842
3 0.542430 0.253792 0.016789 0.034173
0 0.414468 0.260354 0.017081 0.026223
0 0.561415 0.284500 0.018180 0.021989
3 0.429554 0.205938 0.012151 0.028810
