0 0.648505 0.914253 0.230301 0.170994
0 0.477215 0.705386 0.098260 0.054894
3 0.648078 0.691217 0.098917 0.086807
0 0.518687 0.629985 0.068737 0.040860
0 0.043910 0.630951 0.086896 0.034534
0 0.420460 0.587738 0.054798 0.025850
0 0.591993 0.587625 0.049320 0.025219
1 0.357628 0.737977 0.035384 0.037346
1 0.130741 0.730796 0.039926 0.032396
0 0.540199 0.582674 0.038595 0.020808
1 0.688957 0.635408 0.022107 0.019661
0 0.623889 0.574983 0.042992 0.020504
0 0.869658 0.563397 0.037259 0.016630
1 0.407594 0.635935 0.024172 0.018810
3 0.382009 0.566367 0.042170 0.034973
0 0.551729 0.565346 0.033185 0.018606
