0 0.058646 0.747978 0.117261 0.181165
0 0.604211 0.353411 0.033970 0.049500
0 0.549159 0.345009 0.032110 0.049470
0 0.375809 0.303296 0.024114 0.036057
0 0.328248 0.309099 0.026060 0.035242
0 0.415243 0.332701 0.029359 0.040222
0 0.696981 0.525901 0.060705 0.089493
0 0.556031 0.278801 0.018637 0.024090
3 0.404078 0.224646 0.020205 0.046407
0 0.604351 0.302146 0.021415 0.031572
0 0.430388 0.290032 0.022901 0.036241
0 0.528989 0.295272 0.020098 0.030105
0 0.410736 0.259523 0.019903 0.031177
0 0.508206 0.231695 0.010522 0.013622
