0 0.645266 0.908330 0.221066 0.182960
0 0.479694 0.700825 0.095196 0.054496
0 0.520376 0.628695 0.067852 0.040020
3 0.646934 0.688196 0.096971 0.084412
0 0.044040 0.630882 0.087275 0.034644
1 0.362941 0.730965 0.036229 0.036690
0 0.422386 0.587095 0.053390 0.026291
0 0.592245 0.587265 0.049189 0.023713
0 0.870946 0.563658 0.038809 0.017073
0 0.967582 0.586697 0.053784 0.022029
0 0.540421 0.581998 0.037612 0.020424
1 0.685012 0.631452 0.023144 0.021139
1 0.141965 0.722713 0.039372 0.032616
0 0.623861 0.574349 0.039994 0.019640
1 0.275131 0.801805 0.049085 0.044584
0 0.293124 0.573764 0.052224 0.016370
0 0.511176 0.562003 0.035291 0.020907
0 0.145831 0.614523 0.115682 0.027651
1 0.410833 0.632440 0.023799 0.020390
0 0.552344 0.564955 0.032528 0.017888
