0 0.756718 0.608640 0.074153 0.101283
0 0.576351 0.420795 0.041988 0.058518
3 0.042050 0.563848 0.083355 0.286268
3 0.573347 0.250453 0.025574 0.057988
0 0.393613 0.286040 0.019634 0.028000
0 0.435159 0.311909 0.023927 0.034579
0 0.625871 0.396636 0.039152 0.056112
0 0.633549 0.562034 0.078752 0.122718
0 0.535112 0.315432 0.024879 0.032865
0 0.726407 0.438211 0.043656 0.062860
0 0.521282 0.274161 0.017581 0.023398
0 0.560334 0.291076 0.019804 0.027566
0 0.591367 0.292121 0.019882 0.029030
0 0.447799 0.268324 0.016319 0.025862
3 0.296479 0.411330 0.047016 0.079237
0 0.348804 0.344692 0.033773 0.064225
