0 0.338741 0.554265 0.068187 0.115514
0 0.204945 0.557603 0.075151 0.110147
0 0.809590 0.675202 0.100177 0.137503
0 0.621184 0.393605 0.036388 0.049563
0 0.355980 0.346271 0.032597 0.048506
0 0.437937 0.296196 0.021286 0.029567
0 0.396855 0.292540 0.022111 0.029812
0 0.560485 0.288709 0.018444 0.025930
0 0.533769 0.242660 0.011676 0.017848
0 0.442464 0.269707 0.017652 0.029100
3 0.560151 0.242772 0.019099 0.033923
0 0.510859 0.238486 0.011467 0.016269
3 0.401418 0.230730 0.021848 0.051980
3 0.548400 0.222647 0.017613 0.038421
