0 0.046523 0.781583 0.092420 0.184793
0 0.328593 0.563054 0.068576 0.101691
0 0.582435 0.422820 0.042769 0.065869
0 0.396536 0.382139 0.036977 0.057123
0 0.413196 0.323009 0.026770 0.037708
0 0.590201 0.344511 0.028348 0.037917
0 0.624035 0.327537 0.026592 0.039349
0 0.372375 0.287710 0.022126 0.028123
0 0.537783 0.278971 0.017769 0.025179
3 0.547785 0.222663 0.016488 0.039905
0 0.438638 0.283580 0.020291 0.031851
3 0.385415 0.240696 0.025656 0.056497
0 0.168715 0.943104 0.140110 0.111167
3 0.401310 0.230460 0.019792 0.050549
0 0.549904 0.266578 0.016178 0.024351
0 0.522154 0.268603 0.018018 0.028372
0 0.588716 0.281116 0.016842 0.026265
0 0.449472 0.251997 0.015972 0.028774
0 0.426696 0.252631 0.013683 0.014397
