0 0.452343 0.777567 0.153202 0.109788
0 0.508606 0.641718 0.075667 0.043490
0 0.413998 0.639519 0.075832 0.037692
0 0.601521 0.602448 0.054467 0.029111
0 0.043224 0.629903 0.085768 0.035916
1 0.650431 0.734737 0.040197 0.039560
1 0.647836 0.831606 0.053868 0.058563
0 0.143846 0.613731 0.099330 0.025941
0 0.834586 0.572337 0.037451 0.018195
0 0.537689 0.576761 0.033062 0.018120
0 0.491650 0.547389 0.030711 0.014964
1 0.752594 0.758876 0.043480 0.046589
1 0.447667 0.621126 0.025617 0.020133
1 0.302095 0.639218 0.021137 0.018038
2 0.167250 0.594818 0.057879 0.022323
0 0.292161 0.573755 0.056032 0.016574
0 0.782392 0.554037 0.028274 0.010145
