0 0.622915 0.693396 0.108067 0.068350
0 0.514734 0.622909 0.057644 0.030005
1 0.165606 0.781227 0.045024 0.042699
0 0.539136 0.593703 0.048215 0.026471
0 0.358753 0.940840 0.249914 0.117851
3 0.618771 0.624518 0.065154 0.049683
0 0.044186 0.631009 0.087535 0.034260
1 0.734900 0.683805 0.037441 0.028634
0 0.902186 0.573642 0.043746 0.019710
1 0.442286 0.629237 0.022911 0.020966
0 0.546594 0.569378 0.031968 0.016879
0 0.458818 0.568415 0.042808 0.020978
1 0.409862 0.650763 0.025657 0.022149
0 0.295236 0.573799 0.052175 0.016106
0 0.167546 0.612514 0.073499 0.022247
1 0.323588 0.624780 0.016826 0.015761
1 0.638017 0.891801 0.064037 0.068892
0 0.520328 0.549563 0.028884 0.016963
