0 0.318916 0.519570 0.061369 0.089962
0 0.300182 0.351460 0.033930 0.042722
3 0.665051 0.445606 0.054544 0.091540
0 0.604021 0.493733 0.063833 0.083570
3 0.365062 0.258793 0.032009 0.066068
0 0.541167 0.310076 0.022944 0.033542
0 0.402400 0.373550 0.041708 0.055517
0 0.404805 0.278383 0.017712 0.026175
0 0.433782 0.289982 0.022654 0.041176
3 0.541944 0.216631 0.015314 0.034755
3 0.385792 0.243857 0.025669 0.060705
0 0.434444 0.240344 0.012704 0.019861
0 0.553586 0.284471 0.017836 0.024416
3 0.598153 0.223683 0.020431 0.029184
3 0.587732 0.286532 0.018646 0.028465
0 0.538742 0.249667 0.013342 0.018309
3 0.570944 0.261365 0.014298 0.020950
