0 0.479608 0.692828 0.099616 0.065633
0 0.368770 0.925130 0.201806 0.149182
0 0.041222 0.632475 0.082076 0.034515
1 0.847239 0.758078 0.052686 0.042436
0 0.357261 0.617791 0.073986 0.035875
0 0.654414 0.593014 0.053527 0.026597
1 0.271288 0.726439 0.040275 0.037574
0 0.579337 0.611730 0.057121 0.034283
0 0.524509 0.597464 0.046005 0.028441
1 0.707823 0.658457 0.022678 0.022154
1 0.379572 0.673785 0.026556 0.025410
0 0.150307 0.614103 0.076835 0.023660
0 0.682251 0.816195 0.160899 0.167041
1 0.624508 0.638098 0.020647 0.019957
3 0.682587 0.816233 0.161152 0.168118
3 0.161942 0.595965 0.058884 0.021842
0 0.487838 0.576328 0.042264 0.024673
0 0.538038 0.577732 0.039102 0.021762
0 0.588926 0.566328 0.031785 0.018000
