1 0.168166 0.809603 0.063547 0.053030
0 0.521214 0.673773 0.097336 0.060279
0 0.361231 0.628781 0.064031 0.031059
3 0.076966 0.714532 0.152225 0.085801
0 0.534899 0.611095 0.062322 0.033927
0 0.788743 0.849369 0.191179 0.120763
0 0.594803 0.567905 0.035501 0.018819
1 0.344611 0.743296 0.042059 0.038184
0 0.541407 0.580600 0.038811 0.022644
1 0.219963 0.715478 0.039144 0.036880
0 0.152544 0.614724 0.106368 0.027156
0 0.499230 0.575807 0.039481 0.018705
0 0.865718 0.580710 0.049506 0.018851
1 0.412145 0.701553 0.031235 0.030095
0 0.045898 0.631442 0.089737 0.034907
0 0.554374 0.554291 0.025337 0.013143
0 0.878396 0.564572 0.041818 0.016201
