3 0.197850 0.376454 0.109831 0.194037
0 0.679568 0.698246 0.102862 0.160097
0 0.860271 0.750000 0.127807 0.168727
0 0.568438 0.406871 0.038950 0.058574
0 0.355378 0.324457 0.029362 0.042609
0 0.682291 0.388585 0.037474 0.052344
0 0.597289 0.338696 0.031938 0.041751
0 0.441194 0.246786 0.017259 0.022697
0 0.377564 0.253261 0.017415 0.023002
0 0.513978 0.248037 0.014398 0.018734
0 0.449743 0.230712 0.014301 0.019701
3 0.415461 0.203458 0.016618 0.038134
3 0.537607 0.236600 0.014499 0.027581
3 0.537563 0.228917 0.014657 0.042008
3 0.415415 0.238106 0.016823 0.032617
