0 0.277120 0.611446 0.081314 0.119859
0 0.582876 0.438882 0.052173 0.068080
0 0.280639 0.368652 0.037809 0.048082
0 0.395325 0.403726 0.040092 0.063346
3 0.360988 0.263661 0.033684 0.069235
3 0.643661 0.416482 0.048294 0.077772
0 0.399552 0.285267 0.019959 0.026318
0 0.537287 0.300587 0.020970 0.031951
0 0.549978 0.278000 0.016201 0.023576
3 0.382557 0.245961 0.026572 0.061748
0 0.432022 0.244301 0.013198 0.020050
3 0.541092 0.217515 0.014814 0.036460
0 0.513959 0.246476 0.015484 0.026085
0 0.429713 0.300638 0.025469 0.044318
3 0.583868 0.282390 0.017488 0.026606
3 0.598269 0.223665 0.020376 0.029671
0 0.536933 0.247691 0.013216 0.017583
