3 0.331958 0.288312 0.046412 0.087730
0 0.045973 0.584406 0.091790 0.110172
3 0.974856 0.654647 0.049930 0.310970
3 0.361064 0.263523 0.033047 0.076985
0 0.358756 0.339740 0.028894 0.041602
3 0.582865 0.320662 0.029244 0.045963
0 0.382713 0.399900 0.046495 0.081816
0 0.522305 0.262897 0.014870 0.023333
0 0.535325 0.305300 0.024235 0.038687
0 0.561465 0.259362 0.014725 0.022036
0 0.535166 0.252636 0.014470 0.018322
3 0.399105 0.256678 0.015926 0.027528
3 0.446240 0.178890 0.009557 0.023795
3 0.414142 0.270184 0.017880 0.030930
3 0.536834 0.214047 0.015242 0.037940
