0 0.638427 0.828929 0.178000 0.137959
0 0.490961 0.675477 0.083862 0.047638
3 0.641344 0.670429 0.086827 0.073997
0 0.524575 0.618684 0.065037 0.036877
0 0.044036 0.630264 0.086979 0.034662
0 0.432934 0.581899 0.051025 0.024495
1 0.937603 0.847320 0.084220 0.097506
0 0.594896 0.581829 0.042712 0.023378
1 0.389786 0.697576 0.029282 0.031390
0 0.543182 0.577691 0.036665 0.020348
1 0.205075 0.690359 0.026408 0.024421
0 0.617034 0.571527 0.039638 0.019980
0 0.970500 0.586360 0.057986 0.027033
1 0.323798 0.749656 0.036830 0.033248
0 0.809565 0.549286 0.027061 0.013506
0 0.877328 0.565238 0.040644 0.015717
1 0.428324 0.621589 0.020313 0.015702
