0 0.292459 0.745889 0.139342 0.086554
0 0.472523 0.724590 0.119152 0.081435
0 0.613515 0.634805 0.072837 0.044079
0 0.528918 0.594194 0.043399 0.022497
1 0.099007 0.741374 0.044476 0.036196
0 0.957229 0.585755 0.052422 0.022520
1 0.536217 0.668498 0.030350 0.029239
0 0.553142 0.577326 0.039963 0.021054
0 0.478176 0.557133 0.037858 0.017904
0 0.044248 0.629604 0.088338 0.036464
1 0.346425 0.685650 0.032251 0.030933
0 0.605157 0.595565 0.052372 0.035231
0 0.528372 0.542206 0.027838 0.015726
0 0.873577 0.563410 0.035738 0.015286
0 0.593800 0.561127 0.032126 0.015484
