3 0.229060 0.346600 0.092599 0.168678
0 0.586670 0.451289 0.045711 0.071633
0 0.710316 0.416563 0.043198 0.059810
0 0.611543 0.357385 0.035117 0.049480
0 0.369674 0.300067 0.026968 0.038164
0 0.444709 0.235516 0.015792 0.021425
0 0.382940 0.243153 0.015718 0.022376
3 0.417247 0.197691 0.015670 0.038240
0 0.419064 0.234758 0.014286 0.017320
0 0.784142 0.927964 0.163042 0.141569
3 0.431236 0.207980 0.014637 0.032253
0 0.516836 0.250662 0.015671 0.020182
3 0.595045 0.206132 0.021190 0.031686
3 0.540175 0.238167 0.015084 0.025468
