0 0.950493 0.700387 0.098589 0.140877
0 0.158342 0.590786 0.091891 0.151250
0 0.570319 0.397481 0.043187 0.067957
0 0.406536 0.391057 0.037299 0.055042
0 0.640263 0.426776 0.040773 0.057274
0 0.547022 0.339814 0.029747 0.039635
0 0.370364 0.316827 0.025227 0.035185
0 0.282428 0.427901 0.051563 0.097954
3 0.565586 0.241437 0.021571 0.051418
0 0.591389 0.340232 0.029518 0.041939
0 0.665599 0.368397 0.031338 0.045435
0 0.433975 0.304340 0.020836 0.032632
0 0.524172 0.283857 0.018952 0.025560
0 0.579600 0.276874 0.016577 0.025243
0 0.442260 0.283833 0.018809 0.025470
3 0.665563 0.368954 0.031403 0.045793
2 0.412417 0.221809 0.017126 0.041175
0 0.516350 0.255794 0.014660 0.019070
