0 0.339512 0.579202 0.070488 0.103380
0 0.208202 0.553395 0.070230 0.095534
0 0.634975 0.417805 0.039787 0.056571
0 0.383889 0.308956 0.024621 0.035712
0 0.554402 0.278832 0.017594 0.023439
3 0.561427 0.235188 0.021245 0.047569
0 0.443962 0.281656 0.019306 0.031267
0 0.413548 0.264992 0.017060 0.027704
0 0.525892 0.281467 0.019239 0.026903
3 0.580319 0.265123 0.028084 0.045000
0 0.539604 0.255658 0.013704 0.018768
0 0.430372 0.249035 0.014033 0.019622
3 0.415580 0.218502 0.016500 0.041815
0 0.510508 0.236967 0.010541 0.017207
