3 0.306864 0.306279 0.052885 0.103473
3 0.613936 0.289455 0.041814 0.089764
0 0.756373 0.922595 0.145388 0.152726
0 0.253616 0.485024 0.060571 0.084007
0 0.573520 0.424457 0.042852 0.059489
0 0.667737 0.383988 0.036034 0.050930
0 0.651967 0.443901 0.050869 0.062907
0 0.569387 0.304598 0.020898 0.029677
0 0.529101 0.301747 0.022449 0.034061
0 0.593065 0.342065 0.031736 0.053591
3 0.543150 0.255707 0.016612 0.035150
0 0.522145 0.272895 0.017185 0.023261
0 0.415723 0.260618 0.017134 0.022340
0 0.562327 0.287807 0.019350 0.023385
0 0.396007 0.271642 0.019530 0.033607
0 0.457721 0.234158 0.013472 0.018892
