0 0.301343 0.738875 0.134699 0.082166
0 0.475359 0.720004 0.117071 0.074765
0 0.612760 0.632878 0.074304 0.043252
0 0.529823 0.593324 0.043106 0.022082
0 0.958261 0.586176 0.056624 0.023005
1 0.534786 0.666728 0.028011 0.027323
0 0.478870 0.556809 0.037137 0.017546
0 0.555144 0.577031 0.039980 0.021539
0 0.044420 0.629689 0.087705 0.036453
1 0.112377 0.735952 0.035857 0.031826
1 0.352221 0.681930 0.032576 0.029722
0 0.796910 0.560707 0.032598 0.015183
0 0.593387 0.559888 0.034229 0.017085
0 0.603599 0.594409 0.049697 0.035543
0 0.873779 0.563316 0.037278 0.016442
0 0.528663 0.541649 0.027363 0.015210
