0 0.432867 0.896081 0.214923 0.179262
0 0.182809 0.728934 0.125505 0.072968
0 0.498413 0.680156 0.099772 0.063855
0 0.456606 0.604538 0.056976 0.028757
0 0.523545 0.609795 0.057416 0.031902
0 0.890247 0.585153 0.042358 0.021568
0 0.597522 0.585890 0.044423 0.023695
0 0.043572 0.630267 0.086058 0.035474
1 0.332840 0.820493 0.057421 0.058521
1 0.631026 0.698449 0.031128 0.027657
1 0.274172 0.743788 0.037700 0.035934
0 0.808798 0.560259 0.030974 0.016687
1 0.686309 0.658022 0.025074 0.022914
0 0.150074 0.614143 0.117212 0.027397
0 0.898737 0.565724 0.029307 0.014951
0 0.375085 0.570414 0.033402 0.019559
1 0.629522 0.658973 0.028258 0.024870
0 0.544473 0.566194 0.031982 0.016904
