0 0.632297 0.731701 0.133799 0.086504
0 0.506773 0.639491 0.066529 0.034997
0 0.044039 0.630773 0.086533 0.034150
3 0.628092 0.640260 0.072768 0.058031
1 0.792725 0.728250 0.045356 0.039894
1 0.425246 0.649840 0.025683 0.024922
0 0.535927 0.602718 0.053891 0.030635
1 0.383880 0.680234 0.027653 0.024442
0 0.016955 0.877420 0.033639 0.074106
0 0.991014 0.596565 0.017361 0.025497
0 0.593967 0.574223 0.039821 0.021424
0 0.894619 0.569395 0.048606 0.018053
0 0.173516 0.611967 0.060809 0.023144
1 0.287118 0.644261 0.019275 0.018499
0 0.449741 0.573078 0.044166 0.022033
0 0.545351 0.572260 0.034200 0.018181
