0 0.691466 0.404817 0.040946 0.058742
0 0.292128 0.424412 0.045740 0.062295
0 0.364896 0.485726 0.053685 0.079784
0 0.683836 0.502039 0.054156 0.073673
0 0.403485 0.386556 0.035622 0.052498
0 0.571082 0.320056 0.023767 0.034355
0 0.418198 0.336429 0.030156 0.041532
3 0.554800 0.230705 0.018757 0.044625
0 0.433313 0.290377 0.020750 0.032490
0 0.534715 0.304152 0.024200 0.039003
0 0.406754 0.257992 0.015607 0.022771
0 0.614594 0.309545 0.021343 0.031510
0 0.563557 0.291071 0.020351 0.027996
0 0.514746 0.253208 0.014542 0.018960
3 0.412672 0.222017 0.017832 0.045760
0 0.527100 0.281071 0.019799 0.026510
3 0.398693 0.229687 0.018838 0.049081
0 0.444730 0.270582 0.017247 0.024198
0 0.564725 0.258286 0.014582 0.020724
0 0.452983 0.251191 0.015045 0.023335
3 0.598384 0.224266 0.020755 0.030533
0 0.438929 0.234826 0.011121 0.015414
