0 0.632675 0.754769 0.147049 0.098462
0 0.502687 0.648958 0.071182 0.037700
0 0.530949 0.606993 0.060232 0.032069
0 0.044177 0.630559 0.086703 0.034283
3 0.631623 0.648299 0.076683 0.062533
0 0.594143 0.576898 0.041090 0.021580
1 0.415778 0.662740 0.026148 0.025184
0 0.544695 0.574299 0.034971 0.018789
0 0.165608 0.612048 0.075961 0.024098
0 0.445769 0.575375 0.047137 0.022878
1 0.823297 0.757629 0.052618 0.043818
1 0.369076 0.697875 0.028502 0.025403
0 0.983938 0.595131 0.030963 0.029086
1 0.266180 0.656100 0.020317 0.020320
