3 0.895750 0.556267 0.207297 0.328120
0 0.331820 0.554588 0.071813 0.104550
0 0.904495 0.858360 0.137167 0.167738
0 0.256439 0.380853 0.039947 0.053685
0 0.387483 0.396661 0.044058 0.064609
3 0.663254 0.438303 0.060715 0.116792
0 0.566744 0.292532 0.021746 0.031092
3 0.391913 0.233865 0.023483 0.053117
0 0.593146 0.343981 0.030426 0.044026
0 0.529701 0.286650 0.021072 0.032382
0 0.518680 0.261674 0.015199 0.022693
0 0.311266 0.396815 0.042867 0.061943
0 0.540559 0.253929 0.015001 0.020331
0 0.577887 0.271293 0.016449 0.023606
0 0.420531 0.252871 0.015418 0.022826
3 0.388593 0.294375 0.027454 0.044462
0 0.445316 0.219582 0.009666 0.011159
0 0.388565 0.294375 0.027580 0.044588
