0 0.710618 0.833825 0.123060 0.173903
3 0.642138 0.328708 0.054216 0.083201
3 0.595983 0.267261 0.034698 0.071738
0 0.596676 0.351501 0.030322 0.042265
0 0.335791 0.320333 0.025384 0.034607
0 0.677490 0.481409 0.051599 0.070168
0 0.402739 0.304333 0.024400 0.031162
0 0.445294 0.276639 0.017345 0.023984
0 0.541301 0.318750 0.025175 0.036924
0 0.433979 0.240506 0.012526 0.018554
0 0.451500 0.253715 0.014873 0.022137
0 0.406033 0.275414 0.018134 0.026425
0 0.463699 0.225651 0.011352 0.013677
3 0.428972 0.205356 0.012174 0.032633
