3 0.647944 0.320883 0.057396 0.113304
3 0.343854 0.275553 0.038048 0.081205
0 0.080194 0.729867 0.141215 0.226819
0 0.695602 0.789199 0.110692 0.155335
0 0.762105 0.491064 0.055918 0.075836
0 0.823573 0.727957 0.104698 0.134065
0 0.349668 0.351274 0.033461 0.046271
0 0.550430 0.368451 0.034472 0.051989
0 0.595340 0.356561 0.030022 0.039260
0 0.580010 0.324974 0.024386 0.032791
0 0.530948 0.309064 0.022721 0.033078
0 0.650021 0.432957 0.052048 0.081132
0 0.538897 0.256175 0.014263 0.019568
0 0.428429 0.244825 0.014072 0.019206
3 0.556428 0.276176 0.023100 0.047088
0 0.437531 0.230367 0.010966 0.014740
0 0.405316 0.257181 0.015154 0.016950
0 0.532138 0.242177 0.012595 0.017910
3 0.598373 0.223671 0.020834 0.030798
0 0.512054 0.240082 0.012633 0.016773
0 0.405586 0.252609 0.015867 0.024802
