0 0.652307 0.619599 0.056469 0.029480
3 0.583030 0.684617 0.094761 0.077926
1 0.322224 0.753723 0.045232 0.040235
0 0.595207 0.581879 0.042378 0.022836
0 0.187125 0.614307 0.098889 0.023570
0 0.076362 0.631829 0.097796 0.034928
0 0.929779 0.574006 0.042899 0.017515
3 0.347862 0.607619 0.064862 0.039170
0 0.687702 0.916846 0.237970 0.165713
0 0.478106 0.623550 0.074485 0.043976
1 0.889810 0.784642 0.042986 0.041218
3 0.478102 0.623517 0.074768 0.044297
0 0.584754 0.566388 0.031833 0.017882
0 0.860919 0.559405 0.037213 0.011592
3 0.434767 0.593201 0.053095 0.033759
0 0.493627 0.572367 0.028963 0.015540
0 0.329490 0.577611 0.038402 0.013970
