3 0.761891 0.428198 0.114863 0.205220
0 0.761404 0.645982 0.084007 0.107718
0 0.185491 0.574476 0.081902 0.114926
0 0.276693 0.678755 0.098265 0.157207
0 0.604053 0.509075 0.064504 0.080719
3 0.606843 0.353392 0.038898 0.079090
0 0.153876 0.487011 0.061821 0.078882
0 0.683877 0.502327 0.053238 0.073446
3 0.380422 0.244949 0.027762 0.060153
0 0.407579 0.272344 0.018791 0.026068
0 0.551442 0.271293 0.017085 0.023844
0 0.566337 0.301323 0.022050 0.031446
0 0.564641 0.258512 0.014439 0.020100
0 0.360426 0.340186 0.035282 0.056878
0 0.522418 0.266912 0.017657 0.025147
0 0.415572 0.233456 0.011519 0.013154
0 0.533963 0.244124 0.012687 0.017692
0 0.513457 0.248581 0.012863 0.019004
