0 0.411787 0.921972 0.242135 0.155565
0 0.148696 0.752387 0.140790 0.073436
0 0.492891 0.691255 0.107686 0.066278
0 0.521829 0.614096 0.058724 0.033974
0 0.597797 0.588240 0.045850 0.025060
0 0.043386 0.630002 0.085741 0.036160
0 0.449121 0.609063 0.058374 0.029784
1 0.302401 0.861268 0.063040 0.066707
0 0.880687 0.582976 0.036172 0.018842
1 0.632771 0.711678 0.034937 0.032082
1 0.633782 0.668889 0.030493 0.026938
1 0.696106 0.667673 0.027655 0.027196
0 0.148489 0.613993 0.107250 0.026191
0 0.897991 0.565677 0.029873 0.013783
1 0.241225 0.770014 0.042159 0.040554
0 0.374498 0.570361 0.033732 0.019262
0 0.807020 0.559173 0.025209 0.014406
0 0.451742 0.537068 0.031743 0.011825
0 0.499116 0.542357 0.029600 0.014324
0 0.543552 0.565973 0.031325 0.019042
