0 0.559052 0.372824 0.034460 0.046886
0 0.321377 0.378719 0.040313 0.075934
3 0.569066 0.245357 0.024017 0.055545
0 0.593118 0.459409 0.055530 0.087297
0 0.383343 0.299488 0.022609 0.031263
0 0.423595 0.343598 0.029550 0.041321
0 0.442070 0.284274 0.018276 0.028193
0 0.246030 0.476627 0.061338 0.103038
0 0.528841 0.297753 0.021926 0.029182
0 0.518734 0.264291 0.016296 0.019812
0 0.606516 0.365160 0.033653 0.048681
0 0.585391 0.283637 0.018293 0.027422
0 0.691610 0.397854 0.036428 0.054003
0 0.683707 0.494000 0.052662 0.073417
0 0.553734 0.280968 0.018472 0.024991
3 0.691551 0.397895 0.036579 0.053778
