0 0.209205 0.524877 0.073168 0.124272
0 0.552595 0.354347 0.031506 0.044243
0 0.598398 0.351542 0.031030 0.045685
0 0.582586 0.424847 0.052733 0.077058
0 0.659820 0.456798 0.046602 0.064494
0 0.377146 0.307793 0.024028 0.033380
3 0.566650 0.243354 0.023176 0.053761
0 0.416186 0.364159 0.032537 0.046881
0 0.303645 0.400761 0.044906 0.084988
0 0.677420 0.382250 0.033560 0.050143
0 0.438486 0.292915 0.018833 0.030393
0 0.517500 0.259591 0.015577 0.019830
0 0.526193 0.289978 0.019943 0.028050
0 0.551121 0.276874 0.016805 0.022315
0 0.582580 0.279783 0.017631 0.026296
0 0.444876 0.274970 0.017971 0.027762
3 0.413822 0.221978 0.016588 0.036529
