0 0.109015 0.775519 0.155561 0.083251
0 0.403486 0.945301 0.239838 0.109012
1 0.262855 0.912603 0.073600 0.079303
0 0.519981 0.618640 0.061570 0.035616
0 0.444285 0.613640 0.061361 0.031023
0 0.488314 0.703463 0.112239 0.071520
0 0.147829 0.614222 0.106690 0.026656
0 0.043205 0.629835 0.085773 0.036365
0 0.599188 0.590511 0.050431 0.026610
1 0.634153 0.728331 0.035189 0.036421
1 0.636548 0.679128 0.028896 0.028968
1 0.704244 0.679507 0.029322 0.030343
0 0.895657 0.564833 0.032531 0.013991
1 0.202325 0.802469 0.044131 0.046642
0 0.496933 0.543238 0.031057 0.014605
0 0.543271 0.568696 0.031678 0.017204
0 0.451735 0.537009 0.031281 0.012292
0 0.288547 0.573436 0.047988 0.016023
0 0.909495 0.576851 0.018123 0.012430
0 0.374663 0.569876 0.034061 0.020515
