0 0.734488 0.571978 0.068189 0.090908
0 0.571305 0.407041 0.040536 0.055826
3 0.027397 0.571176 0.053970 0.262119
3 0.572478 0.249363 0.024952 0.057227
0 0.285894 0.425029 0.049278 0.083657
0 0.391477 0.288905 0.020436 0.029923
0 0.432934 0.318879 0.025571 0.035730
0 0.620376 0.388097 0.036978 0.054114
0 0.620277 0.529803 0.069821 0.111926
0 0.533208 0.310679 0.023031 0.032036
0 0.590138 0.289950 0.019045 0.027904
0 0.716784 0.426732 0.041325 0.059984
0 0.558423 0.288251 0.018871 0.027087
0 0.520412 0.271447 0.016690 0.023224
0 0.446473 0.272020 0.016677 0.026844
0 0.342517 0.352335 0.035154 0.065705
0 0.543463 0.261757 0.016231 0.026550
