0 0.336079 0.565230 0.066815 0.103275
0 0.269694 0.455501 0.051189 0.070867
0 0.717591 0.785762 0.111356 0.178187
0 0.674765 0.385408 0.037429 0.054755
0 0.390610 0.421331 0.042428 0.061596
0 0.656625 0.456137 0.046606 0.063217
0 0.410259 0.356749 0.033109 0.045502
0 0.401630 0.262995 0.016267 0.023003
0 0.429369 0.301797 0.022818 0.034193
0 0.608998 0.303617 0.020805 0.031098
3 0.397235 0.231551 0.022593 0.050173
0 0.532345 0.296001 0.022875 0.036417
0 0.560589 0.285465 0.019760 0.026077
0 0.564902 0.311908 0.023149 0.031208
0 0.440673 0.277085 0.018534 0.025948
3 0.553795 0.229702 0.018110 0.043136
3 0.410552 0.223203 0.018676 0.045591
0 0.525926 0.275836 0.019719 0.023868
0 0.562868 0.255255 0.013783 0.019333
0 0.450575 0.255023 0.015231 0.022926
0 0.513723 0.250006 0.012965 0.016971
