0 0.121261 0.899496 0.241387 0.164984
0 0.431216 0.818379 0.169875 0.120642
0 0.617483 0.660118 0.089096 0.053654
0 0.521894 0.606900 0.049605 0.025761
1 0.572222 0.741926 0.043008 0.041180
0 0.044362 0.630385 0.087926 0.034846
0 0.547783 0.585056 0.039957 0.023267
0 0.468820 0.563227 0.039462 0.019537
3 0.609387 0.609182 0.057193 0.042513
1 0.254297 0.751137 0.057479 0.042949
1 0.280360 0.703658 0.028488 0.029048
0 0.164841 0.612948 0.075453 0.023043
0 0.293312 0.573746 0.053299 0.016880
1 0.682178 0.647867 0.030203 0.023840
1 0.434579 0.626613 0.024065 0.018219
1 0.460872 0.609658 0.021545 0.019283
0 0.525760 0.546153 0.032052 0.016545
0 0.150062 0.613110 0.105877 0.023830
