0 0.638078 0.603673 0.080882 0.102860
3 0.590683 0.262125 0.031730 0.068649
3 0.631106 0.317048 0.048817 0.076935
0 0.643962 0.428658 0.041824 0.057005
0 0.312282 0.342826 0.029770 0.041335
0 0.439970 0.288563 0.019176 0.029031
0 0.585328 0.332365 0.027506 0.036857
0 0.384861 0.322248 0.026175 0.035528
0 0.533736 0.301551 0.023215 0.032248
0 0.398987 0.284424 0.019119 0.028047
0 0.448535 0.262138 0.015199 0.022839
0 0.430566 0.243596 0.013030 0.020764
3 0.427411 0.205956 0.013079 0.032501
0 0.462661 0.229844 0.010758 0.011490
