0 0.679831 0.659196 0.077882 0.040413
3 0.291927 0.632872 0.082397 0.051063
0 0.472696 0.586961 0.039171 0.018633
0 0.076166 0.632331 0.094618 0.034563
3 0.373470 0.629085 0.075991 0.050305
0 0.586045 0.602770 0.051587 0.029632
0 0.417024 0.681579 0.113504 0.069432
0 0.188107 0.613904 0.102505 0.023597
3 0.597438 0.785636 0.148545 0.142231
3 0.417097 0.681413 0.112938 0.069419
0 0.581354 0.579613 0.040512 0.020570
0 0.586230 0.559602 0.031514 0.017258
1 0.441530 0.607719 0.017201 0.016657
0 0.411626 0.574009 0.033025 0.018118
0 0.624913 0.552964 0.031314 0.015495
1 0.487913 0.626852 0.021871 0.022759
0 0.597061 0.785516 0.149032 0.141755
0 0.556942 0.555492 0.028612 0.014821
