0 0.155194 0.862490 0.226908 0.144645
0 0.440941 0.797365 0.156139 0.110716
0 0.618482 0.655056 0.088059 0.052377
0 0.523223 0.604630 0.049875 0.025817
0 0.044481 0.630429 0.088294 0.034822
0 0.549696 0.583466 0.041936 0.023053
1 0.564082 0.725170 0.040338 0.038204
1 0.437639 0.621758 0.020283 0.017868
1 0.270919 0.737503 0.043685 0.039455
1 0.295161 0.693493 0.028410 0.027959
0 0.164764 0.612662 0.075658 0.022455
0 0.470412 0.562396 0.040715 0.019000
3 0.608737 0.607295 0.056041 0.041561
0 0.852068 0.560618 0.040043 0.014358
0 0.592901 0.565353 0.034347 0.017963
0 0.290204 0.573505 0.048031 0.016905
1 0.463880 0.607762 0.020367 0.017415
1 0.672475 0.642803 0.031434 0.023137
0 0.525735 0.545775 0.030067 0.015960
0 0.375510 0.571876 0.032407 0.018659
