0 0.921158 0.818087 0.157328 0.235025
0 0.238528 0.785784 0.118526 0.182251
0 0.566726 0.380744 0.035897 0.053893
0 0.399341 0.349260 0.032353 0.043335
0 0.371464 0.436320 0.053683 0.072019
0 0.359327 0.300009 0.023393 0.029175
0 0.612763 0.315402 0.024387 0.035261
0 0.577950 0.324575 0.024890 0.034450
0 0.433098 0.297872 0.023139 0.035834
0 0.531020 0.271974 0.017252 0.022774
3 0.397883 0.233769 0.021294 0.052567
0 0.546949 0.262269 0.015435 0.021791
0 0.446364 0.260174 0.017649 0.030079
3 0.546494 0.220881 0.016883 0.039168
0 0.422432 0.256742 0.015709 0.019924
3 0.381495 0.245470 0.028107 0.059021
0 0.519417 0.261171 0.017713 0.027386
0 0.583317 0.275364 0.015937 0.025321
