0 0.410281 0.836969 0.156686 0.108952
0 0.492105 0.670953 0.090235 0.056878
0 0.376707 0.608486 0.068252 0.032709
3 0.669727 0.770754 0.138528 0.131490
0 0.583990 0.604901 0.052897 0.030270
0 0.041096 0.632573 0.081693 0.034550
0 0.644698 0.587524 0.051103 0.025247
0 0.528950 0.594278 0.042978 0.024101
1 0.781588 0.709677 0.038132 0.030927
1 0.393647 0.657683 0.021074 0.020365
1 0.629980 0.625376 0.022531 0.016466
1 0.690508 0.640680 0.021269 0.021608
0 0.137699 0.615450 0.100672 0.024508
1 0.319012 0.696115 0.031845 0.027612
0 0.494775 0.572534 0.041324 0.024143
0 0.542411 0.574187 0.037934 0.020267
