3 0.632172 0.305739 0.050397 0.102202
3 0.330687 0.286034 0.043673 0.088640
0 0.723491 0.564580 0.068483 0.089975
0 0.619778 0.565587 0.066233 0.091742
0 0.322423 0.387957 0.040732 0.056365
0 0.714936 0.438762 0.045951 0.062440
0 0.583959 0.332104 0.024414 0.036390
0 0.539937 0.334650 0.028303 0.043067
0 0.570476 0.306957 0.021695 0.026956
0 0.620837 0.388346 0.039840 0.067358
3 0.550258 0.268062 0.019476 0.039560
0 0.526288 0.292123 0.020303 0.027910
0 0.424135 0.247114 0.014748 0.024881
0 0.402103 0.258086 0.016862 0.030307
0 0.535028 0.249105 0.012443 0.018813
3 0.598295 0.223127 0.021544 0.028861
0 0.434594 0.232187 0.011794 0.017711
