0 0.184739 0.615274 0.100988 0.023881
1 0.070215 0.871159 0.074512 0.059537
0 0.504856 0.599873 0.055769 0.033134
0 0.939971 0.582918 0.039677 0.019288
3 0.569979 0.638585 0.074773 0.054567
0 0.059025 0.633370 0.064866 0.032716
0 0.641266 0.598774 0.044679 0.023345
3 0.667694 0.742956 0.138918 0.096123
0 0.602754 0.569531 0.034466 0.020019
1 0.792199 0.694886 0.030900 0.030557
0 0.667978 0.742650 0.138161 0.095553
3 0.373734 0.597808 0.054679 0.029879
1 0.439406 0.654369 0.024259 0.026259
0 0.506817 0.561522 0.030786 0.013443
0 0.584582 0.557095 0.026467 0.015310
