3 0.581669 0.675194 0.091536 0.072455
0 0.651344 0.615701 0.053238 0.027562
0 0.184066 0.614141 0.105278 0.023612
0 0.931925 0.575188 0.042643 0.018134
1 0.348107 0.730575 0.039490 0.036220
0 0.596105 0.580159 0.041303 0.021272
0 0.074578 0.631956 0.093376 0.034736
3 0.683389 0.895688 0.214513 0.189373
3 0.483723 0.618798 0.070032 0.042520
0 0.483315 0.618584 0.070596 0.042701
3 0.351943 0.606484 0.061611 0.035100
1 0.869559 0.764537 0.038242 0.038801
0 0.863897 0.559692 0.039209 0.013053
0 0.436379 0.594260 0.041764 0.024027
0 0.407492 0.572613 0.033417 0.021012
