0 0.305377 0.420244 0.044756 0.066573
0 0.403797 0.387826 0.037990 0.060544
0 0.380097 0.309979 0.024550 0.038179
0 0.675700 0.482887 0.053293 0.074418
3 0.551928 0.226441 0.018691 0.042044
0 0.411130 0.274209 0.017689 0.025955
0 0.513834 0.248264 0.013101 0.019370
0 0.574320 0.313082 0.022293 0.030801
0 0.446985 0.274257 0.017407 0.025400
3 0.565831 0.247715 0.020974 0.039639
0 0.538172 0.252391 0.013257 0.017667
3 0.406250 0.226210 0.020261 0.047773
3 0.438306 0.198570 0.013514 0.028809
0 0.528656 0.236880 0.010676 0.016558
