0 0.282126 0.702855 0.098677 0.162393
0 0.148129 0.490144 0.066779 0.080094
3 0.341256 0.279933 0.041518 0.082722
3 0.367405 0.258097 0.031298 0.072336
0 0.373216 0.320576 0.025671 0.035448
0 0.400080 0.361452 0.040210 0.065430
0 0.542295 0.328384 0.028153 0.040277
3 0.594177 0.338469 0.032506 0.052801
0 0.420249 0.264556 0.016333 0.022282
0 0.525830 0.271558 0.015828 0.024592
0 0.567860 0.264742 0.015248 0.024031
3 0.538289 0.215031 0.015304 0.038329
0 0.509768 0.235700 0.013325 0.023959
0 0.466723 0.208455 0.009042 0.013233
3 0.401000 0.251745 0.014860 0.026380
0 0.538080 0.258395 0.015908 0.020152
0 0.560721 0.249455 0.011936 0.017191
0 0.401168 0.251953 0.015010 0.025909
