0 0.212787 0.715335 0.114163 0.059969
0 0.503860 0.669240 0.095522 0.057437
0 0.452688 0.851663 0.192212 0.150628
0 0.525527 0.605868 0.054242 0.030855
0 0.460850 0.600254 0.052281 0.026278
0 0.598317 0.583779 0.042279 0.023780
0 0.896645 0.587839 0.055499 0.023235
0 0.043699 0.629996 0.085655 0.036022
1 0.359174 0.787335 0.052526 0.051637
0 0.149413 0.613997 0.109671 0.026322
0 0.813862 0.561892 0.033888 0.015473
1 0.629696 0.685883 0.027969 0.025280
1 0.301633 0.722230 0.034172 0.033771
1 0.679173 0.647102 0.023457 0.023472
0 0.901136 0.567875 0.028803 0.014795
0 0.544565 0.562251 0.034691 0.021578
0 0.455443 0.536900 0.030516 0.011709
