3 0.716375 0.383521 0.088237 0.165889
0 0.032820 0.621369 0.065360 0.117296
0 0.644373 0.653395 0.085902 0.132172
0 0.634933 0.419454 0.039116 0.055610
0 0.672922 0.497405 0.053628 0.072870
0 0.568200 0.410366 0.043148 0.054869
3 0.371533 0.252035 0.029181 0.063142
0 0.396559 0.287246 0.020447 0.030312
3 0.586850 0.322049 0.032394 0.064506
0 0.555963 0.283814 0.017851 0.027172
0 0.329787 0.385410 0.044757 0.072619
0 0.546169 0.260187 0.017491 0.022202
3 0.893726 0.808600 0.147523 0.212745
0 0.412798 0.239392 0.012444 0.014572
0 0.893622 0.808975 0.147569 0.213650
0 0.008896 0.911912 0.017537 0.146024
0 0.518412 0.256159 0.015492 0.023492
0 0.437975 0.232307 0.011332 0.011763
3 0.438556 0.193807 0.010846 0.024383
0 0.530535 0.239493 0.012128 0.015354
0 0.558768 0.251677 0.011930 0.018350
