0 0.428737 0.824419 0.179135 0.134827
0 0.502707 0.652138 0.082923 0.051873
0 0.397383 0.653034 0.081558 0.044591
0 0.602690 0.607020 0.055722 0.033282
0 0.043436 0.629575 0.085766 0.036470
0 0.982753 0.599724 0.034272 0.023858
0 0.536663 0.580042 0.035838 0.018584
1 0.658655 0.770411 0.046781 0.043335
0 0.826597 0.569765 0.032984 0.016745
0 0.142458 0.614149 0.101371 0.026794
0 0.560080 0.567572 0.030674 0.018261
0 0.291309 0.573947 0.057090 0.016151
0 0.894382 0.570101 0.046721 0.016233
0 0.488326 0.549478 0.034018 0.015059
1 0.433679 0.631280 0.019820 0.019812
