0 0.443997 0.767427 0.125638 0.079198
0 0.505027 0.651616 0.079727 0.048846
0 0.042930 0.630992 0.085475 0.036369
0 0.534683 0.588813 0.041079 0.022962
3 0.660205 0.734044 0.119534 0.112301
0 0.588950 0.596465 0.051038 0.028628
1 0.277196 0.833400 0.059464 0.060442
0 0.397479 0.598956 0.061387 0.029072
0 0.636506 0.581596 0.047296 0.022872
1 0.364341 0.666146 0.028493 0.024294
1 0.734929 0.672215 0.029556 0.025568
1 0.678956 0.626605 0.019825 0.017627
1 0.405994 0.640222 0.020509 0.020551
0 0.594801 0.560690 0.031192 0.016157
0 0.547690 0.570749 0.035194 0.019980
0 0.295399 0.573914 0.048274 0.015880
0 0.852889 0.561076 0.041104 0.015611
