0 0.422920 0.836176 0.188054 0.142922
0 0.501315 0.655869 0.085665 0.051987
0 0.393595 0.656708 0.082675 0.045426
1 0.659948 0.776715 0.050975 0.049574
0 0.603549 0.608651 0.056647 0.032145
0 0.982673 0.598676 0.034211 0.024432
0 0.043453 0.629609 0.085791 0.036426
1 0.659291 0.924464 0.071642 0.077167
0 0.536494 0.580617 0.036109 0.018799
1 0.796100 0.831520 0.056432 0.061999
0 0.824629 0.569469 0.033333 0.016751
0 0.559816 0.568059 0.031671 0.018219
0 0.143523 0.614137 0.102760 0.026759
1 0.268113 0.655011 0.026869 0.021900
0 0.488702 0.549666 0.033816 0.015610
0 0.291243 0.573936 0.056641 0.016137
0 0.445340 0.538402 0.034010 0.012911
0 0.591824 0.552744 0.029386 0.015205
