0 0.682659 0.663778 0.078706 0.042476
0 0.469777 0.588607 0.039496 0.019007
0 0.076172 0.632148 0.094301 0.034549
3 0.366435 0.633143 0.084702 0.052987
0 0.409027 0.689969 0.118468 0.074370
0 0.585056 0.604894 0.053700 0.030968
0 0.581574 0.580439 0.040608 0.021813
0 0.187662 0.613897 0.103502 0.023675
1 0.485308 0.631534 0.021296 0.021620
1 0.518728 0.602941 0.019727 0.021841
1 0.435065 0.610788 0.017370 0.017768
3 0.598239 0.800432 0.154999 0.153689
3 0.317467 0.623675 0.150827 0.077126
0 0.556531 0.555920 0.028472 0.014841
0 0.598703 0.800586 0.154936 0.154034
0 0.585977 0.560747 0.031918 0.016336
0 0.625576 0.553586 0.031879 0.015917
