0 0.438878 0.803471 0.167591 0.123019
0 0.505149 0.648432 0.079030 0.046981
0 0.404220 0.647239 0.078726 0.043448
0 0.602607 0.605160 0.054841 0.031978
0 0.043246 0.629625 0.085883 0.036565
0 0.537129 0.578202 0.035447 0.018043
0 0.827774 0.571098 0.040178 0.017285
0 0.144266 0.613899 0.103462 0.026270
1 0.285608 0.646004 0.025901 0.021148
1 0.654566 0.755231 0.044005 0.040906
0 0.489363 0.548243 0.031174 0.015554
0 0.291054 0.573946 0.057279 0.016236
1 0.439982 0.628308 0.020500 0.017235
1 0.525231 0.615070 0.019677 0.018643
0 0.985040 0.601686 0.029540 0.024850
0 0.561652 0.566425 0.030513 0.018401
