0 0.224067 0.854222 0.133371 0.219843
0 0.076644 0.714465 0.115172 0.155071
0 0.588882 0.441143 0.046153 0.069149
0 0.344538 0.519220 0.062151 0.092711
0 0.399627 0.368642 0.038652 0.052723
0 0.627947 0.332092 0.028416 0.040886
0 0.416603 0.316100 0.026381 0.036147
0 0.375946 0.284058 0.020795 0.028258
0 0.595007 0.351454 0.029767 0.043715
0 0.539959 0.283253 0.017971 0.025122
0 0.440202 0.279587 0.019333 0.029971
3 0.402406 0.229311 0.019933 0.050041
3 0.548212 0.222889 0.016564 0.040201
3 0.387113 0.240118 0.025194 0.054063
0 0.590713 0.283220 0.017607 0.026861
0 0.428401 0.249271 0.013348 0.018265
0 0.450247 0.250103 0.016796 0.027933
0 0.550947 0.268329 0.016528 0.024761
0 0.522964 0.271134 0.018574 0.027589
0 0.518954 0.257075 0.016138 0.021156
0 0.509874 0.238510 0.011221 0.014228
