0 0.503937 0.601166 0.057633 0.033586
1 0.048802 0.889719 0.076094 0.063311
0 0.185380 0.615088 0.101009 0.023264
3 0.570696 0.640271 0.073825 0.055507
0 0.939195 0.583299 0.040414 0.018540
0 0.642185 0.600040 0.044159 0.022393
1 0.795391 0.698893 0.030652 0.028735
0 0.060413 0.632744 0.068502 0.033804
0 0.668300 0.747959 0.138866 0.099553
0 0.602963 0.569992 0.034776 0.020064
3 0.373354 0.598214 0.053469 0.029446
0 0.584781 0.970315 0.244116 0.058531
1 0.436862 0.658980 0.023313 0.022332
3 0.403863 0.568219 0.040694 0.030712
