0 0.315882 0.645552 0.083220 0.125460
0 0.179171 0.593264 0.079618 0.108275
0 0.380294 0.313834 0.024950 0.037532
3 0.560720 0.234467 0.021036 0.047319
0 0.552763 0.276566 0.016857 0.022170
0 0.442502 0.285831 0.020017 0.031919
0 0.411688 0.267327 0.017406 0.027079
0 0.628785 0.403216 0.040648 0.056562
3 0.578218 0.262163 0.027285 0.046251
0 0.523978 0.278527 0.018221 0.025696
0 0.538836 0.253396 0.012717 0.018430
0 0.429522 0.250800 0.014147 0.019824
0 0.509889 0.235489 0.010780 0.016319
3 0.414747 0.218651 0.016387 0.041877
