3 0.639602 0.313201 0.053723 0.106545
3 0.336834 0.280968 0.040801 0.084726
0 0.649208 0.652557 0.082521 0.114618
0 0.765502 0.629647 0.083648 0.114314
0 0.736576 0.462591 0.050655 0.068777
0 0.337516 0.367809 0.037534 0.050069
0 0.589256 0.343383 0.026611 0.037404
0 0.545023 0.349639 0.031977 0.046634
0 0.633516 0.408268 0.044019 0.073947
0 0.574927 0.315149 0.022642 0.029387
3 0.552952 0.271200 0.020650 0.045650
0 0.536844 0.252286 0.013368 0.019889
0 0.426134 0.246739 0.014537 0.019737
0 0.528620 0.299235 0.021100 0.031574
0 0.019676 0.877715 0.038589 0.226804
0 0.404108 0.255315 0.017500 0.026797
0 0.530246 0.238874 0.012387 0.017765
3 0.598559 0.223253 0.021390 0.030157
