0 0.725310 0.769046 0.141600 0.082931
0 0.387049 0.614879 0.054728 0.026957
0 0.539638 0.600767 0.052972 0.029732
3 0.096158 0.751237 0.191078 0.129564
0 0.894213 0.587641 0.043136 0.019158
0 0.045939 0.631359 0.089665 0.035532
0 0.545863 0.574667 0.036502 0.020718
1 0.435923 0.661354 0.028984 0.028150
0 0.594688 0.563533 0.035473 0.018248
1 0.391083 0.700023 0.033267 0.029439
1 0.290617 0.673390 0.030510 0.027794
0 0.894439 0.568110 0.036107 0.015405
1 0.260272 0.742314 0.049749 0.041225
0 0.532567 0.648256 0.081856 0.048771
0 0.509394 0.569709 0.034317 0.017615
0 0.152351 0.614194 0.105967 0.025547
3 0.135540 0.914780 0.270954 0.169650
