0 0.471894 0.796945 0.158832 0.119498
0 0.511992 0.653970 0.089078 0.051628
0 0.530196 0.600889 0.051929 0.028501
0 0.252203 0.690720 0.102917 0.056030
0 0.471145 0.594688 0.050948 0.025327
0 0.914855 0.592686 0.063919 0.023400
0 0.044858 0.630506 0.088118 0.035070
0 0.597534 0.580359 0.045752 0.022712
1 0.393496 0.745466 0.045528 0.044884
0 0.151864 0.613678 0.103464 0.025089
1 0.338635 0.695819 0.028200 0.026870
1 0.628353 0.667593 0.024462 0.023126
0 0.820218 0.564229 0.040081 0.017505
0 0.974568 0.583074 0.037717 0.015714
