3 0.801048 0.464361 0.139560 0.236824
0 0.340251 0.519686 0.064076 0.102394
0 0.201727 0.438314 0.051059 0.066869
0 0.249577 0.484923 0.059317 0.086311
0 0.871373 0.822430 0.130421 0.158694
0 0.733816 0.582713 0.070428 0.094810
0 0.636849 0.618217 0.075522 0.106940
3 0.623511 0.377997 0.044900 0.091512
3 0.385583 0.240861 0.025430 0.057740
0 0.574537 0.315418 0.024629 0.034987
0 0.556615 0.278589 0.019649 0.027420
0 0.413417 0.263770 0.017389 0.025852
0 0.525084 0.274288 0.018243 0.027636
0 0.161635 0.936131 0.152888 0.124561
0 0.417919 0.229769 0.011720 0.016486
0 0.536444 0.248477 0.014307 0.015979
0 0.373535 0.320543 0.031223 0.051779
0 0.516148 0.253639 0.014228 0.020599
0 0.569910 0.262903 0.014293 0.021872
3 0.373279 0.320475 0.030815 0.051796
