0 0.353711 0.754536 0.136695 0.094243
0 0.585748 0.605075 0.063671 0.030053
0 0.476949 0.629272 0.070839 0.040787
0 0.211382 0.644018 0.095959 0.046168
0 0.425345 0.608878 0.053095 0.029846
1 0.658566 0.699472 0.031725 0.027926
0 0.039978 0.618380 0.079230 0.023984
1 0.525420 0.670584 0.029163 0.024299
1 0.244476 0.721472 0.029256 0.029547
1 0.037035 0.840768 0.053260 0.042326
0 0.438419 0.583387 0.045812 0.025355
0 0.497105 0.572580 0.040966 0.019107
0 0.619619 0.904419 0.225346 0.190380
0 0.265577 0.582427 0.051533 0.024617
