0 0.331187 0.575165 0.071085 0.117587
0 0.193997 0.448955 0.055815 0.066333
0 0.548135 0.346643 0.031525 0.044196
3 0.347248 0.275786 0.038536 0.077512
0 0.381212 0.310708 0.023693 0.031415
3 0.602892 0.353314 0.034882 0.057217
3 0.371564 0.254627 0.030012 0.069466
0 0.571521 0.269200 0.016858 0.024036
0 0.541703 0.262427 0.015108 0.021408
0 0.423641 0.257766 0.015507 0.022159
0 0.409848 0.341942 0.034760 0.057602
0 0.528110 0.277413 0.017596 0.027231
0 0.511007 0.238866 0.012601 0.021731
0 0.533060 0.240833 0.011751 0.017770
0 0.562775 0.251459 0.012593 0.018864
0 0.402102 0.247489 0.015100 0.026051
3 0.402182 0.247248 0.015099 0.027107
