0 0.634084 0.767783 0.148515 0.104519
0 0.501065 0.654467 0.073577 0.039660
3 0.634073 0.652808 0.079007 0.064176
0 0.529788 0.609740 0.058272 0.032266
1 0.411152 0.668363 0.028516 0.027267
0 0.044230 0.630545 0.086987 0.034646
0 0.593691 0.577662 0.042543 0.022416
0 0.442954 0.576416 0.047831 0.023599
0 0.543943 0.575351 0.035172 0.018418
1 0.361320 0.706661 0.030349 0.028570
0 0.610369 0.567585 0.035195 0.018522
1 0.252713 0.661867 0.025731 0.021634
0 0.886846 0.567045 0.044185 0.018134
2 0.169244 0.593687 0.057762 0.020753
0 0.595735 0.550401 0.028978 0.015531
0 0.163393 0.612772 0.079910 0.024984
0 0.516678 0.555587 0.033687 0.019232
1 0.641097 0.604580 0.020830 0.016622
