0 0.499490 0.731897 0.126152 0.086275
0 0.523988 0.633158 0.075740 0.043784
0 0.308371 0.660693 0.081137 0.041654
0 0.536505 0.591808 0.046801 0.024841
1 0.201853 0.873788 0.060173 0.059831
0 0.599053 0.574954 0.039497 0.020848
0 0.957748 0.601568 0.076489 0.026717
0 0.045914 0.630817 0.089872 0.034901
0 0.838055 0.570285 0.042182 0.016808
0 0.485691 0.586009 0.043084 0.023091
1 0.353995 0.815061 0.057452 0.054334
1 0.439291 0.696705 0.031857 0.031811
1 0.384234 0.658938 0.023387 0.021819
0 0.151118 0.614582 0.100441 0.026090
0 0.553898 0.559735 0.028598 0.015258
0 0.980094 0.586619 0.039811 0.020931
