3 0.086309 0.474390 0.172618 0.290207
0 0.305157 0.401697 0.043049 0.063788
0 0.680164 0.474841 0.057240 0.087221
0 0.590675 0.459641 0.052221 0.082774
0 0.639691 0.341949 0.028809 0.040266
0 0.545072 0.343245 0.028214 0.041768
0 0.574948 0.307302 0.024520 0.032978
0 0.434650 0.274094 0.019462 0.027242
0 0.361544 0.273745 0.019931 0.026864
0 0.403856 0.263633 0.018404 0.027069
3 0.411619 0.213111 0.015958 0.040881
0 0.444918 0.251049 0.017051 0.025859
0 0.511378 0.241099 0.012281 0.016494
3 0.425064 0.230590 0.018530 0.037963
