0 0.353483 0.489232 0.055752 0.088507
0 0.389146 0.371387 0.035857 0.049570
0 0.349071 0.308187 0.025572 0.032900
0 0.818883 0.669667 0.112554 0.168773
0 0.559313 0.360118 0.032254 0.046212
0 0.606094 0.306568 0.023028 0.035321
0 0.570817 0.313720 0.022673 0.031068
0 0.428463 0.309432 0.024406 0.038460
3 0.377893 0.248827 0.028263 0.057621
0 0.418601 0.259325 0.015626 0.021986
3 0.395557 0.235359 0.022116 0.054145
0 0.526492 0.266764 0.015199 0.021885
0 0.545088 0.259478 0.014881 0.020908
0 0.443817 0.264917 0.018572 0.032362
3 0.545018 0.219456 0.015829 0.037661
0 0.580105 0.271692 0.015834 0.023215
3 0.598550 0.223768 0.020554 0.029289
