0 0.283418 0.735310 0.101438 0.157744
0 0.143984 0.640648 0.091385 0.122278
0 0.620284 0.392865 0.035350 0.048853
0 0.551309 0.274383 0.016868 0.020587
0 0.376476 0.319375 0.025964 0.038004
0 0.440849 0.290574 0.021108 0.033662
3 0.560073 0.233544 0.020887 0.046717
0 0.409328 0.269685 0.017973 0.028226
0 0.522895 0.274764 0.017614 0.023767
3 0.577137 0.261043 0.027123 0.044927
0 0.428540 0.252041 0.014720 0.021305
0 0.537904 0.251526 0.013337 0.018457
3 0.413980 0.218950 0.016144 0.042920
0 0.457619 0.246878 0.012990 0.021020
0 0.509457 0.234294 0.010215 0.016012
