0 0.322496 0.568856 0.069271 0.113976
0 0.723448 0.829074 0.125771 0.190149
0 0.337545 0.318133 0.027697 0.035145
0 0.375255 0.400205 0.040499 0.057062
0 0.552880 0.342870 0.028876 0.042667
0 0.423294 0.323246 0.027492 0.042239
0 0.565674 0.303832 0.021787 0.029651
3 0.753374 0.577245 0.088167 0.135022
0 0.415254 0.264461 0.016473 0.023464
3 0.393042 0.237946 0.022546 0.057427
0 0.600354 0.300508 0.021756 0.032097
3 0.374427 0.249724 0.029537 0.063106
0 0.442274 0.271130 0.019974 0.035970
3 0.544144 0.219896 0.015769 0.038377
0 0.522894 0.263277 0.015219 0.019868
0 0.543105 0.256644 0.014173 0.020384
0 0.577068 0.268646 0.015133 0.023685
3 0.598514 0.223492 0.020554 0.029384
