0 0.689478 0.677426 0.084787 0.047625
0 0.381632 0.712048 0.138218 0.083838
0 0.460172 0.591871 0.043918 0.020772
0 0.076077 0.631342 0.092785 0.034816
0 0.578652 0.583361 0.043782 0.023200
0 0.579403 0.611851 0.056529 0.032526
3 0.337871 0.645714 0.095747 0.061151
1 0.475399 0.640418 0.023054 0.022549
0 0.185026 0.614587 0.103782 0.024091
0 0.583210 0.563119 0.033164 0.017144
1 0.508504 0.614406 0.018553 0.016317
0 0.552516 0.558560 0.031088 0.015413
0 0.943227 0.579180 0.035691 0.014653
0 0.982864 0.611186 0.026343 0.025585
1 0.508299 0.610012 0.019122 0.024199
0 0.599379 0.839183 0.172825 0.180504
