0 0.678451 0.656799 0.076929 0.040289
0 0.076592 0.632193 0.093028 0.034786
0 0.474010 0.585965 0.038247 0.018740
0 0.420827 0.677855 0.108311 0.067876
0 0.596143 0.777920 0.144180 0.135423
0 0.586052 0.602020 0.051651 0.029728
0 0.187298 0.613917 0.103178 0.023602
3 0.294899 0.632180 0.081373 0.049135
0 0.582404 0.578478 0.041986 0.020865
3 0.377581 0.626464 0.075001 0.050235
0 0.411416 0.573978 0.033952 0.018143
0 0.624322 0.552819 0.031642 0.014925
1 0.490195 0.626412 0.020493 0.020687
3 0.421100 0.677951 0.107675 0.067836
0 0.556763 0.555000 0.027775 0.015071
0 0.586601 0.558884 0.031053 0.015735
1 0.523013 0.601381 0.018254 0.016805
