0 0.654959 0.622053 0.058820 0.030133
2 0.693791 0.931387 0.261314 0.136721
3 0.584540 0.690141 0.098025 0.081721
0 0.928701 0.573502 0.040838 0.017515
1 0.299541 0.771255 0.049406 0.042738
0 0.186251 0.614220 0.101206 0.023344
0 0.077766 0.631995 0.097928 0.034644
0 0.594081 0.583415 0.042685 0.022813
1 0.909244 0.798907 0.043834 0.044890
3 0.348135 0.608233 0.073932 0.042884
0 0.474227 0.627445 0.076550 0.046490
0 0.493448 0.573136 0.032727 0.015837
3 0.431622 0.595284 0.058864 0.034929
0 0.585379 0.566740 0.035373 0.019729
0 0.327598 0.576638 0.037615 0.014051
