0 0.568289 0.394316 0.041677 0.053303
3 0.571253 0.248430 0.024575 0.056498
0 0.714979 0.539796 0.060769 0.090793
0 0.430117 0.326076 0.025300 0.037111
0 0.388666 0.292205 0.020844 0.029669
0 0.532289 0.306040 0.023238 0.030927
0 0.615835 0.377220 0.035659 0.056680
0 0.609447 0.502910 0.063761 0.103496
0 0.274154 0.440221 0.053272 0.090096
0 0.707758 0.417051 0.039511 0.057055
0 0.556482 0.285249 0.018140 0.025923
0 0.336096 0.360255 0.037354 0.069191
0 0.588909 0.288054 0.019335 0.027455
0 0.445021 0.275332 0.016978 0.028575
0 0.519516 0.269209 0.016775 0.021324
3 0.707647 0.417310 0.039447 0.056791
0 0.542473 0.260653 0.015497 0.025205
3 0.417005 0.219555 0.016194 0.036506
