0 0.469349 0.741712 0.136720 0.091644
0 0.513729 0.630327 0.069317 0.039778
0 0.049871 0.848468 0.099519 0.109461
0 0.427678 0.627129 0.068921 0.035202
0 0.148567 0.613852 0.106432 0.026511
0 0.599738 0.596256 0.049383 0.028511
0 0.043328 0.628680 0.086227 0.038428
1 0.640668 0.778989 0.045096 0.046574
1 0.728421 0.718058 0.038207 0.038036
1 0.643809 0.708133 0.034824 0.033241
1 0.054984 0.917208 0.064687 0.070399
1 0.465432 0.612269 0.019374 0.021048
0 0.540048 0.573689 0.033936 0.017167
0 0.288965 0.573701 0.053935 0.015621
0 0.493851 0.545502 0.032027 0.015323
1 0.326638 0.628718 0.020846 0.020196
0 0.841708 0.575655 0.040792 0.019721
0 0.565125 0.563476 0.028279 0.017645
