0 0.770615 0.828910 0.176244 0.111547
0 0.367360 0.625568 0.061166 0.030309
3 0.085699 0.707171 0.159142 0.088817
1 0.192546 0.791318 0.059502 0.051890
0 0.536613 0.608531 0.056444 0.032631
0 0.153471 0.614983 0.105798 0.026950
0 0.522895 0.667425 0.096345 0.056560
1 0.355763 0.732108 0.042110 0.035606
0 0.542046 0.579443 0.039645 0.022621
0 0.594075 0.567063 0.036196 0.018363
1 0.238569 0.704126 0.035641 0.035073
0 0.870249 0.581751 0.051511 0.018723
1 0.417523 0.689553 0.033598 0.032463
0 0.045942 0.631523 0.090050 0.035434
0 0.500920 0.574226 0.035987 0.019477
1 0.429621 0.619235 0.022238 0.016732
0 0.032172 0.807855 0.063506 0.102869
0 0.880683 0.566104 0.041198 0.014311
3 0.032124 0.807563 0.063686 0.102083
0 0.063781 0.991992 0.124714 0.015691
0 0.554495 0.553448 0.024778 0.013877
