0 0.711834 0.750123 0.127280 0.073395
0 0.047026 0.631377 0.090790 0.035141
1 0.283684 0.724758 0.046590 0.039045
0 0.394777 0.611008 0.053903 0.025213
0 0.898942 0.590601 0.057380 0.021038
3 0.134686 0.731827 0.189089 0.112271
3 0.168837 0.889782 0.272534 0.199393
0 0.542131 0.597841 0.049229 0.027666
0 0.534887 0.641261 0.081495 0.045800
0 0.549169 0.573176 0.036477 0.019453
0 0.154908 0.614644 0.105706 0.025517
0 0.594950 0.562643 0.033925 0.017029
1 0.402738 0.687269 0.032511 0.026138
1 0.444641 0.652286 0.027832 0.024748
1 0.311986 0.661536 0.025259 0.028078
0 0.512131 0.567911 0.030313 0.017954
