3 0.724655 0.391720 0.092452 0.172479
0 0.665846 0.716770 0.100174 0.152053
0 0.042016 0.819350 0.083608 0.209986
0 0.052777 0.587243 0.088568 0.110207
0 0.687823 0.520308 0.062721 0.076050
0 0.571421 0.424005 0.042103 0.060718
0 0.642853 0.431485 0.041777 0.061255
3 0.373022 0.250465 0.029085 0.064201
0 0.398919 0.283946 0.020612 0.029936
3 0.590360 0.327332 0.032942 0.067254
0 0.337248 0.375309 0.042615 0.068840
0 0.557278 0.286985 0.018969 0.027735
3 0.932099 0.884202 0.134869 0.224483
0 0.546531 0.261894 0.016798 0.022773
0 0.413294 0.237794 0.012077 0.016883
0 0.519161 0.258654 0.016076 0.023652
0 0.512456 0.242746 0.013951 0.017492
0 0.531092 0.240810 0.011749 0.015396
0 0.559368 0.253250 0.013047 0.019296
