0 0.702829 0.733345 0.118748 0.067667
3 0.179671 0.713460 0.162654 0.094898
0 0.048814 0.631349 0.093422 0.034782
0 0.405817 0.606838 0.050558 0.023981
1 0.308127 0.710884 0.041485 0.035802
0 0.546446 0.594188 0.047517 0.025820
1 0.416748 0.677766 0.030418 0.027203
0 0.215340 0.841507 0.236860 0.165252
0 0.540271 0.635738 0.077020 0.043260
3 0.215425 0.841924 0.236635 0.165119
0 0.599174 0.560846 0.033365 0.017306
0 0.909890 0.593713 0.048893 0.021315
0 0.158306 0.614758 0.105251 0.025169
0 0.553508 0.570836 0.036299 0.019142
1 0.453682 0.645330 0.026357 0.022505
1 0.330208 0.653012 0.026432 0.025920
0 0.518119 0.566985 0.032604 0.016766
0 0.901985 0.570089 0.043297 0.015480
