0 0.637052 0.818315 0.172558 0.131868
0 0.493524 0.671766 0.081760 0.045099
3 0.640086 0.667496 0.086129 0.073058
0 0.525935 0.616759 0.059941 0.035207
1 0.919995 0.833279 0.076132 0.090054
0 0.044258 0.630369 0.087247 0.034593
0 0.594965 0.581589 0.042556 0.022497
1 0.392740 0.692268 0.031256 0.030767
0 0.878921 0.565047 0.047065 0.017213
0 0.543681 0.579541 0.035955 0.016401
1 0.328512 0.742113 0.036077 0.032955
0 0.434081 0.581092 0.049552 0.023975
1 0.431499 0.619732 0.020309 0.014861
0 0.810130 0.549967 0.027446 0.013363
0 0.981525 0.587980 0.035911 0.029359
0 0.148331 0.613519 0.110108 0.027354
1 0.660919 0.614974 0.020059 0.018145
1 0.213053 0.685322 0.025684 0.024043
0 0.615247 0.570801 0.038852 0.019474
