0 0.720036 0.762947 0.136544 0.079642
0 0.388787 0.613371 0.055570 0.026277
0 0.539944 0.599849 0.051943 0.028702
0 0.046138 0.631193 0.090185 0.035886
0 0.898145 0.589093 0.044945 0.019990
0 0.594102 0.563298 0.033911 0.018370
1 0.268769 0.736567 0.047655 0.039563
3 0.102558 0.747564 0.203957 0.118352
1 0.438432 0.658923 0.027909 0.025869
0 0.546321 0.573934 0.037198 0.020737
1 0.299369 0.670042 0.025095 0.026921
0 0.533216 0.645746 0.081551 0.048370
1 0.395621 0.695779 0.033120 0.030549
0 0.510300 0.569502 0.032280 0.017753
0 0.150906 0.614276 0.108217 0.024730
