3 0.832649 0.494336 0.161741 0.266323
0 0.256897 0.744990 0.113503 0.178023
0 0.364576 0.457881 0.052897 0.082195
0 0.676022 0.740344 0.097532 0.144076
0 0.226756 0.411952 0.045992 0.060888
0 0.782864 0.662335 0.088222 0.115041
0 0.278562 0.443922 0.050784 0.073878
3 0.636972 0.398767 0.049228 0.098343
0 0.580347 0.325313 0.026747 0.038319
3 0.388308 0.238357 0.024570 0.055111
0 0.560596 0.283129 0.020418 0.028903
0 0.416574 0.258860 0.017154 0.024308
0 0.537960 0.250906 0.014291 0.018027
0 0.954036 0.963216 0.091226 0.073567
0 0.572903 0.265687 0.015529 0.023039
0 0.419647 0.228165 0.010530 0.013566
0 0.517202 0.256377 0.014578 0.019347
0 0.526904 0.279000 0.019400 0.029550
0 0.379894 0.308363 0.029297 0.050101
3 0.379819 0.308666 0.028879 0.049574
