0 0.504088 0.715786 0.117245 0.078192
0 0.322518 0.652908 0.076579 0.039642
0 0.526558 0.628460 0.071736 0.040795
0 0.537119 0.589085 0.044090 0.024309
1 0.371088 0.779346 0.048337 0.050506
0 0.045958 0.630980 0.090017 0.034908
0 0.597950 0.573463 0.038214 0.019859
1 0.241059 0.834831 0.058450 0.054431
0 0.842135 0.572454 0.039003 0.016105
0 0.890719 0.959354 0.217425 0.080722
0 0.488476 0.583312 0.041129 0.022285
1 0.058184 0.810425 0.061171 0.051740
1 0.451536 0.685218 0.028842 0.030620
0 0.968252 0.601886 0.063229 0.029998
1 0.392262 0.651827 0.029487 0.026328
0 0.553394 0.558470 0.028714 0.014710
1 0.624377 0.634647 0.020583 0.020542
