0 0.416658 0.738963 0.131197 0.087198
0 0.279574 0.637629 0.090335 0.043842
0 0.533866 0.625298 0.068321 0.038369
0 0.635370 0.602055 0.061202 0.030060
0 0.480524 0.607182 0.052824 0.027308
1 0.124869 0.806202 0.060840 0.052504
1 0.702279 0.690046 0.030920 0.027591
0 0.016763 0.632400 0.033319 0.028619
1 0.581592 0.663310 0.025817 0.023268
1 0.311283 0.710847 0.028131 0.027327
0 0.493897 0.582488 0.049231 0.023334
0 0.439286 0.582708 0.050393 0.027540
0 0.671620 0.896038 0.218748 0.207194
3 0.670899 0.896071 0.218177 0.207447
0 0.101635 0.617442 0.106251 0.025197
0 0.551055 0.571503 0.039915 0.018461
