0 0.694643 0.706578 0.100339 0.056002
0 0.059913 0.632034 0.100792 0.034181
3 0.256695 0.680075 0.130736 0.076767
0 0.298748 0.774910 0.184762 0.123407
0 0.427768 0.600713 0.051367 0.022785
0 0.559336 0.624429 0.066768 0.038682
3 0.298904 0.774345 0.184806 0.122291
0 0.921492 0.574338 0.043085 0.015998
1 0.443695 0.660699 0.026964 0.026208
3 0.215741 0.658743 0.105247 0.061358
0 0.559302 0.590380 0.047228 0.025385
0 0.566897 0.567479 0.034439 0.018209
1 0.369317 0.636390 0.023053 0.023240
1 0.352204 0.688001 0.035832 0.030112
0 0.944459 0.599763 0.062261 0.022914
0 0.170154 0.614429 0.105530 0.024544
0 0.610641 0.558839 0.031119 0.015712
1 0.477456 0.627580 0.024546 0.026734
0 0.030426 0.724271 0.060638 0.046608
