0 0.688465 0.674664 0.083934 0.046816
0 0.462980 0.591006 0.042845 0.020049
0 0.075398 0.632116 0.093656 0.034417
0 0.388040 0.707395 0.132655 0.082483
3 0.347450 0.642001 0.095710 0.060563
0 0.581269 0.609604 0.056258 0.031751
3 0.388013 0.707391 0.132369 0.082319
0 0.578913 0.582282 0.043571 0.022688
3 0.598486 0.829989 0.169176 0.179837
0 0.584300 0.562332 0.032919 0.016060
1 0.478243 0.638908 0.022501 0.021471
0 0.983932 0.612617 0.026368 0.025879
1 0.510019 0.609330 0.020605 0.022351
0 0.185001 0.614405 0.104337 0.023361
1 0.051215 0.692423 0.030082 0.025491
2 0.598490 0.830061 0.168078 0.180071
1 0.421288 0.614052 0.019917 0.025443
0 0.624853 0.554910 0.029831 0.014686
