3 0.786008 0.453361 0.130656 0.228065
0 0.324027 0.560537 0.072353 0.117137
0 0.826112 0.751977 0.109736 0.138909
0 0.231766 0.509847 0.065480 0.094301
0 0.621602 0.575238 0.067422 0.096094
0 0.187745 0.452403 0.054316 0.071119
0 0.714636 0.551992 0.064467 0.084909
3 0.383568 0.242039 0.026623 0.056547
0 0.570761 0.310155 0.023125 0.034483
0 0.411938 0.265673 0.018557 0.026638
3 0.617395 0.368894 0.042891 0.086825
0 0.554829 0.275607 0.018896 0.026501
0 0.523882 0.271177 0.018457 0.028616
0 0.535565 0.246514 0.013638 0.017948
0 0.369320 0.326079 0.032428 0.053729
0 0.515110 0.251757 0.013878 0.020750
0 0.416636 0.230696 0.011877 0.015621
0 0.567928 0.262126 0.013791 0.022214
