0 0.697983 0.714656 0.107532 0.060604
0 0.054320 0.631914 0.100801 0.034653
0 0.420921 0.602278 0.047945 0.023898
3 0.236741 0.689330 0.145596 0.082455
0 0.553758 0.628177 0.069832 0.040002
1 0.433955 0.666478 0.028238 0.025854
1 0.343076 0.694190 0.048622 0.029651
0 0.273699 0.794658 0.199021 0.135631
0 0.557955 0.591601 0.052742 0.026172
0 0.527071 0.565087 0.033941 0.015878
0 0.561549 0.568966 0.035077 0.018130
3 0.273490 0.794300 0.199482 0.134021
0 0.166542 0.614003 0.103491 0.024222
0 0.605256 0.559958 0.033375 0.016457
0 0.914734 0.571059 0.045453 0.020392
0 0.933150 0.597609 0.063330 0.023876
2 0.589141 0.915367 0.235910 0.168729
0 0.589255 0.915376 0.235907 0.168559
1 0.470087 0.634379 0.025502 0.022263
1 0.356433 0.642904 0.020661 0.022910
