0 0.704602 0.532482 0.062397 0.082936
0 0.324311 0.393583 0.041009 0.058547
3 0.553502 0.227068 0.018155 0.041860
0 0.414374 0.360562 0.033219 0.051904
0 0.540438 0.254966 0.013727 0.018231
0 0.579743 0.322574 0.024543 0.034992
0 0.386647 0.300501 0.023247 0.036291
0 0.414968 0.269590 0.017854 0.024258
0 0.449921 0.267735 0.016712 0.025153
0 0.515500 0.252877 0.013185 0.020314
3 0.567355 0.249968 0.022542 0.039950
3 0.408176 0.224660 0.019205 0.046780
0 0.529803 0.239612 0.011143 0.017740
3 0.439009 0.198130 0.013106 0.027877
