3 0.773757 0.439854 0.121163 0.214774
0 0.789741 0.692635 0.093956 0.118984
0 0.303784 0.612470 0.082930 0.134525
0 0.698023 0.525317 0.058306 0.079650
0 0.609814 0.538852 0.061092 0.087998
0 0.171405 0.468470 0.057641 0.074957
0 0.210319 0.539293 0.072820 0.104668
3 0.382003 0.243197 0.026418 0.058379
0 0.568092 0.305539 0.021811 0.032733
3 0.611990 0.360547 0.040794 0.081944
0 0.409578 0.268852 0.018259 0.026379
0 0.553069 0.273239 0.018147 0.026136
0 0.365345 0.332815 0.033543 0.054967
0 0.522909 0.268465 0.017066 0.028524
0 0.416187 0.233114 0.011305 0.012985
0 0.514656 0.250139 0.014187 0.019916
0 0.534571 0.244912 0.012964 0.018453
0 0.566177 0.260850 0.014314 0.020614
