0 0.270591 0.696103 0.095902 0.156472
0 0.357617 0.436777 0.046194 0.065997
0 0.652330 0.632742 0.083368 0.129467
0 0.324482 0.330145 0.029968 0.037411
0 0.417178 0.340364 0.029926 0.046104
0 0.547735 0.328262 0.025929 0.037719
3 0.390464 0.239898 0.023955 0.057626
0 0.560421 0.295395 0.020611 0.026557
3 0.370909 0.252699 0.029373 0.065835
0 0.595081 0.294467 0.020844 0.030562
0 0.439021 0.278345 0.020872 0.036482
0 0.520211 0.259417 0.014087 0.018637
0 0.540967 0.253414 0.014192 0.020922
3 0.709624 0.513434 0.071251 0.110495
0 0.410700 0.267980 0.017062 0.026784
3 0.543117 0.218787 0.016360 0.038170
0 0.437300 0.236860 0.012490 0.015623
3 0.598455 0.223430 0.020726 0.029457
3 0.574814 0.265965 0.014880 0.021872
