0 0.479422 0.779804 0.150102 0.111343
0 0.268375 0.683450 0.095324 0.051948
0 0.514662 0.649555 0.086367 0.049417
0 0.532537 0.598229 0.049445 0.027761
1 0.405707 0.731541 0.041173 0.041966
0 0.599452 0.579647 0.040975 0.022243
0 0.923146 0.594048 0.064816 0.025765
0 0.474815 0.592680 0.049801 0.025285
0 0.045560 0.630796 0.089057 0.034592
0 0.152434 0.613195 0.102024 0.024552
0 0.823967 0.565426 0.042130 0.016813
1 0.281932 0.947407 0.084541 0.082541
1 0.627617 0.660569 0.024517 0.024170
0 0.977730 0.582411 0.042372 0.019290
0 0.550905 0.562424 0.030820 0.015013
