0 0.885252 0.951403 0.227638 0.096712
0 0.505330 0.711198 0.117491 0.076023
0 0.327367 0.649979 0.074366 0.037516
0 0.526956 0.627048 0.072838 0.040320
0 0.537629 0.588047 0.043196 0.024792
0 0.488580 0.582710 0.043088 0.021948
0 0.597818 0.572897 0.038398 0.020094
0 0.843168 0.572922 0.039301 0.017777
0 0.046042 0.630971 0.090277 0.034845
1 0.078794 0.798189 0.059324 0.049587
1 0.254868 0.823471 0.054798 0.052008
0 0.969728 0.605513 0.060415 0.025393
1 0.376850 0.770366 0.048544 0.044011
1 0.454932 0.678946 0.030386 0.029120
0 0.153124 0.614782 0.105413 0.026440
1 0.399603 0.645489 0.025565 0.021676
0 0.553879 0.557951 0.028158 0.014408
1 0.623360 0.631457 0.021901 0.021612
0 0.296719 0.574408 0.040097 0.015423
