0 0.482295 0.688674 0.098893 0.064431
0 0.376609 0.908529 0.192411 0.146364
0 0.360603 0.616313 0.073822 0.035900
0 0.041232 0.632477 0.081989 0.034547
1 0.833035 0.747779 0.049128 0.042213
0 0.580128 0.609834 0.055566 0.034511
0 0.524369 0.595894 0.045096 0.028999
0 0.680192 0.807588 0.158029 0.159904
0 0.652253 0.592194 0.054755 0.025658
1 0.704187 0.654728 0.024012 0.022743
1 0.280458 0.721676 0.038471 0.034740
1 0.381572 0.671275 0.025483 0.022855
0 0.149805 0.614152 0.070720 0.023355
1 0.625614 0.636160 0.020412 0.019371
0 0.538630 0.576498 0.037477 0.022090
3 0.161674 0.598878 0.058750 0.027708
0 0.588587 0.565781 0.032015 0.018586
0 0.488808 0.575491 0.041625 0.025278
