0 0.463162 0.732541 0.110108 0.066989
0 0.512443 0.640069 0.074724 0.044239
3 0.654598 0.711238 0.107648 0.098291
0 0.650076 0.952412 0.234470 0.094475
1 0.323757 0.777525 0.044836 0.047955
0 0.043823 0.631096 0.086595 0.034898
0 0.410677 0.593058 0.056962 0.027373
3 0.650302 0.952438 0.233021 0.094595
1 0.056160 0.773230 0.044646 0.038180
0 0.592220 0.591404 0.048683 0.026565
0 0.538019 0.585540 0.038839 0.021656
0 0.630706 0.578096 0.045370 0.021813
0 0.144870 0.613697 0.110875 0.025747
1 0.710057 0.651439 0.026593 0.023007
1 0.671892 0.616208 0.018752 0.018120
1 0.388808 0.652126 0.025405 0.021257
