3 0.151038 0.435489 0.128024 0.200210
0 0.637619 0.587504 0.079266 0.101917
3 0.581715 0.258712 0.029071 0.065572
0 0.829470 0.552905 0.067951 0.094505
0 0.550776 0.361634 0.031344 0.043731
0 0.574415 0.315171 0.023853 0.031773
0 0.378916 0.313057 0.026358 0.033245
0 0.682644 0.481198 0.054845 0.084494
0 0.605243 0.308624 0.023061 0.033110
0 0.445462 0.276455 0.017215 0.027029
0 0.407549 0.267179 0.016700 0.024071
0 0.527797 0.295450 0.021472 0.027741
3 0.347669 0.344146 0.033778 0.056189
0 0.347733 0.343952 0.033324 0.055913
0 0.553180 0.278929 0.018143 0.033644
0 0.379582 0.290358 0.016615 0.021471
0 0.536544 0.259857 0.014767 0.018682
