0 0.856410 0.921505 0.247821 0.156644
0 0.508054 0.694787 0.120210 0.067964
0 0.341517 0.640727 0.070083 0.035053
1 0.074961 0.879485 0.081884 0.068003
0 0.533979 0.619618 0.068979 0.036964
1 0.392623 0.735689 0.037796 0.039615
0 0.539116 0.584733 0.042180 0.022358
1 0.147640 0.758478 0.051506 0.043377
0 0.493676 0.579837 0.040193 0.020373
3 0.055968 0.736267 0.111642 0.100886
0 0.596898 0.570754 0.037902 0.019664
0 0.850577 0.574784 0.040891 0.017664
1 0.298212 0.784669 0.051065 0.048237
1 0.411860 0.635357 0.023281 0.019977
0 0.045954 0.630531 0.089866 0.035969
0 0.986404 0.612110 0.027077 0.028143
1 0.467199 0.665086 0.030988 0.026968
0 0.146686 0.615358 0.096356 0.027310
