3 0.113414 0.467381 0.147720 0.224817
0 0.754345 0.868260 0.154156 0.245621
0 0.610457 0.522069 0.057613 0.083921
0 0.662323 0.452589 0.048569 0.070205
3 0.579367 0.256170 0.027770 0.062070
0 0.951360 0.926640 0.096584 0.145992
0 0.791351 0.512372 0.058030 0.082910
0 0.569843 0.309008 0.022303 0.028918
0 0.545078 0.345747 0.029340 0.040674
0 0.443290 0.285370 0.019912 0.029007
0 0.404107 0.272044 0.017221 0.025176
0 0.600875 0.304272 0.021665 0.031032
0 0.336520 0.359576 0.036280 0.061432
0 0.525696 0.288211 0.019598 0.027658
3 0.372251 0.315298 0.028330 0.052649
0 0.550830 0.274249 0.017684 0.031327
0 0.372148 0.315390 0.028577 0.052477
