0 0.300077 0.621329 0.080236 0.134629
0 0.681268 0.715831 0.099223 0.151483
0 0.366770 0.416929 0.044598 0.061897
0 0.331223 0.324056 0.028479 0.036475
0 0.550280 0.335449 0.026985 0.039975
0 0.419685 0.331985 0.029558 0.043937
0 0.562726 0.299791 0.020457 0.028408
0 0.413160 0.267351 0.016770 0.024296
3 0.729515 0.543058 0.078754 0.120218
0 0.440843 0.275184 0.019678 0.034430
0 0.521571 0.261225 0.014706 0.019646
3 0.372598 0.252355 0.029974 0.062800
3 0.391656 0.239133 0.022412 0.057004
0 0.597502 0.297396 0.021075 0.031465
0 0.541975 0.254673 0.014375 0.021482
0 0.438354 0.234854 0.012103 0.017063
0 0.575882 0.267669 0.015059 0.022789
3 0.575944 0.267599 0.014856 0.023203
3 0.598499 0.223510 0.020726 0.029681
