0 0.715176 0.756405 0.130527 0.077004
0 0.391500 0.612264 0.053939 0.025933
0 0.897170 0.590150 0.054017 0.021794
3 0.116873 0.737662 0.196890 0.121278
1 0.276018 0.731046 0.044824 0.037243
0 0.540369 0.598654 0.052798 0.028472
0 0.046043 0.631360 0.089272 0.035237
0 0.150140 0.901072 0.283987 0.197542
1 0.398108 0.691988 0.031334 0.029740
1 0.441305 0.654693 0.029458 0.027408
0 0.153160 0.614576 0.106715 0.025740
0 0.594150 0.562577 0.033918 0.017418
0 0.547803 0.573247 0.037891 0.020784
0 0.534323 0.643574 0.081419 0.046843
0 0.511389 0.568572 0.031669 0.017000
3 0.149986 0.901003 0.284527 0.197454
1 0.303675 0.665661 0.027908 0.027930
0 0.296182 0.574665 0.037775 0.016348
