0 0.314399 0.640876 0.081775 0.130979
0 0.813479 0.714720 0.098707 0.125907
0 0.748659 0.469621 0.054017 0.075591
0 0.332220 0.368853 0.034698 0.047212
0 0.405627 0.378595 0.034915 0.051053
0 0.423709 0.329695 0.026484 0.037551
0 0.543818 0.328924 0.029043 0.046002
0 0.106058 0.673598 0.111719 0.161513
0 0.591798 0.349063 0.028099 0.039905
3 0.558324 0.234164 0.020670 0.048147
0 0.630186 0.327090 0.024034 0.036418
0 0.432101 0.301211 0.022675 0.031508
0 0.533408 0.297998 0.023634 0.028713
0 0.572492 0.306124 0.023025 0.032592
0 0.441523 0.271084 0.017632 0.024849
0 0.517228 0.263034 0.014844 0.021427
0 0.569778 0.263534 0.015027 0.022311
0 0.110418 0.583964 0.065585 0.053386
3 0.404584 0.225546 0.018761 0.044849
0 0.418089 0.248853 0.013874 0.020174
3 0.540935 0.250631 0.014540 0.032709
3 0.598407 0.223677 0.020688 0.029044
