3 0.682766 0.351922 0.073040 0.138843
0 0.908774 0.654034 0.094362 0.119212
3 0.361407 0.260819 0.033775 0.070330
0 0.628619 0.419464 0.040542 0.053308
0 0.381193 0.308170 0.026256 0.034894
0 0.546270 0.355005 0.030327 0.041585
0 0.585501 0.473719 0.052737 0.083795
0 0.608367 0.369755 0.036794 0.041964
3 0.571168 0.299285 0.027099 0.055239
0 0.276158 0.461835 0.061079 0.101202
0 0.410259 0.242011 0.013421 0.024032
0 0.547502 0.270578 0.016122 0.024470
0 0.739297 0.571816 0.081047 0.127126
0 0.539630 0.250651 0.014921 0.021848
3 0.739139 0.572338 0.081130 0.126750
0 0.515621 0.247777 0.013713 0.021442
0 0.434543 0.237122 0.011655 0.013714
0 0.434663 0.233170 0.012022 0.021573
