0 0.228252 0.794799 0.119049 0.208022
0 0.346969 0.459540 0.051093 0.072998
0 0.316878 0.336394 0.031095 0.039606
0 0.630062 0.577137 0.070979 0.109664
0 0.545340 0.321862 0.024627 0.036328
0 0.558036 0.290931 0.019291 0.026645
3 0.388972 0.240843 0.024643 0.058472
0 0.413403 0.350199 0.032333 0.048857
3 0.692271 0.488139 0.065154 0.102961
0 0.592779 0.292302 0.020142 0.029190
3 0.369118 0.254439 0.030958 0.066094
0 0.436296 0.237624 0.012840 0.017512
0 0.437646 0.282130 0.021294 0.037587
0 0.519095 0.257554 0.013870 0.018379
0 0.573191 0.264185 0.014553 0.022676
0 0.539919 0.251789 0.014533 0.021612
3 0.598282 0.223524 0.020580 0.029699
0 0.515120 0.248456 0.015020 0.023247
