0 0.287240 0.695958 0.091384 0.145658
0 0.241201 0.493779 0.059720 0.080685
0 0.660721 0.369037 0.034248 0.049935
0 0.661836 0.636276 0.080694 0.132808
0 0.372355 0.468622 0.050728 0.074127
0 0.635913 0.421248 0.040929 0.055657
0 0.400208 0.381174 0.037917 0.052261
0 0.424056 0.313889 0.024523 0.036972
0 0.557770 0.301521 0.020908 0.030371
0 0.529477 0.287745 0.021463 0.033889
0 0.436046 0.284925 0.020590 0.026962
3 0.552177 0.227349 0.017907 0.043727
0 0.395843 0.267775 0.017477 0.023169
0 0.603836 0.297503 0.019697 0.030120
3 0.408170 0.224885 0.018334 0.046130
3 0.394747 0.234551 0.023435 0.049554
0 0.522995 0.269909 0.016319 0.021843
0 0.448277 0.260293 0.016177 0.025560
0 0.561059 0.252847 0.013839 0.020444
0 0.557473 0.278684 0.020112 0.027286
0 0.512414 0.246178 0.012027 0.017138
