3 0.320084 0.295422 0.047193 0.095213
3 0.622683 0.296942 0.045910 0.095384
0 0.293730 0.429113 0.048345 0.066485
0 0.592298 0.480840 0.051811 0.070627
0 0.679472 0.494542 0.054336 0.074209
0 0.688468 0.408694 0.039987 0.055683
0 0.577128 0.317452 0.022823 0.032330
0 0.534911 0.316116 0.026426 0.037545
3 0.546490 0.260711 0.019247 0.040212
0 0.565741 0.296014 0.019114 0.025722
0 0.605198 0.362840 0.036458 0.059968
0 0.399548 0.265212 0.017197 0.030660
0 0.523885 0.281367 0.018313 0.026068
0 0.420307 0.254093 0.016254 0.023770
0 0.532796 0.244669 0.011596 0.017178
0 0.431728 0.236382 0.012644 0.014488
0 0.459501 0.232896 0.011436 0.012530
3 0.605497 0.363394 0.036587 0.060164
3 0.598163 0.222982 0.020896 0.028607
