0 0.707442 0.744464 0.123327 0.071141
0 0.046972 0.631669 0.090593 0.034377
3 0.150293 0.725982 0.179992 0.103745
0 0.543845 0.596544 0.049255 0.027361
0 0.398555 0.609230 0.051373 0.024812
0 0.902629 0.591910 0.057295 0.021043
0 0.550642 0.572372 0.036153 0.018610
1 0.407449 0.684318 0.032879 0.028123
0 0.596121 0.561764 0.034418 0.017165
1 0.317290 0.659020 0.025919 0.026910
1 0.291888 0.720882 0.039404 0.034266
1 0.447189 0.649637 0.026567 0.024900
0 0.160152 0.613503 0.096792 0.022808
3 0.535562 0.639592 0.081164 0.044640
2 0.184414 0.872572 0.258771 0.187199
0 0.513989 0.567587 0.031354 0.016719
0 0.535683 0.639457 0.080695 0.044959
