0 0.651202 0.927443 0.253541 0.144606
0 0.471661 0.714135 0.104606 0.059831
0 0.516934 0.633395 0.070261 0.042371
0 0.416321 0.589942 0.056760 0.027105
3 0.650051 0.699080 0.100300 0.090940
1 0.345938 0.751406 0.040587 0.042736
0 0.043986 0.631398 0.087214 0.034228
0 0.539719 0.583070 0.039477 0.021431
1 0.697515 0.640958 0.023816 0.020948
0 0.627469 0.576122 0.043405 0.021187
0 0.592223 0.588817 0.047807 0.026381
1 0.106367 0.746614 0.037000 0.033311
1 0.667675 0.612462 0.016655 0.014498
3 0.382951 0.566974 0.044837 0.034375
0 0.869261 0.562345 0.033951 0.016184
1 0.400201 0.640298 0.024497 0.021343
0 0.172194 0.612624 0.061090 0.022690
