0 0.405538 0.360438 0.034096 0.049556
0 0.314905 0.322796 0.027804 0.038402
0 0.591155 0.333832 0.029266 0.042221
0 0.542697 0.326831 0.028068 0.043272
0 0.364496 0.319067 0.027546 0.040104
0 0.656930 0.454222 0.046720 0.070755
0 0.525586 0.286363 0.018519 0.026107
0 0.423355 0.307556 0.026125 0.038991
0 0.551271 0.272042 0.017302 0.023272
0 0.405343 0.267133 0.020649 0.032200
2 0.401010 0.227416 0.020291 0.047508
3 0.865162 0.736711 0.160990 0.268148
0 0.596290 0.293409 0.020039 0.029085
0 0.430173 0.238004 0.013983 0.020752
3 0.400993 0.227304 0.020197 0.047374
0 0.865268 0.736996 0.161266 0.268745
