0 0.586064 0.440542 0.051204 0.082843
0 0.556658 0.363729 0.034603 0.044454
0 0.229224 0.498517 0.066961 0.113300
3 0.568116 0.244684 0.023234 0.055084
0 0.380229 0.303214 0.022955 0.032289
0 0.420380 0.353512 0.030665 0.043550
0 0.670675 0.474498 0.050013 0.070295
0 0.440134 0.288144 0.017962 0.028983
0 0.602213 0.357446 0.031667 0.048924
0 0.527259 0.293934 0.020530 0.028042
0 0.313167 0.388934 0.042994 0.081039
0 0.684345 0.390323 0.034997 0.051016
0 0.517677 0.261827 0.015471 0.020556
0 0.552064 0.278908 0.017207 0.024115
0 0.583977 0.281611 0.017706 0.026659
0 0.447236 0.271503 0.016100 0.025719
3 0.684358 0.390574 0.035111 0.050682
3 0.414824 0.221686 0.017243 0.035286
