3 0.140319 0.424913 0.145843 0.237734
0 0.331424 0.362498 0.036193 0.052953
0 0.616062 0.528481 0.064785 0.104407
0 0.729817 0.553146 0.074753 0.107026
0 0.438072 0.262665 0.018257 0.025466
0 0.655378 0.359374 0.031940 0.045348
0 0.555443 0.365718 0.036039 0.048046
0 0.368819 0.264381 0.018867 0.025564
0 0.583445 0.319609 0.027494 0.034669
0 0.409351 0.254732 0.016857 0.025556
3 0.413303 0.210042 0.015488 0.040649
0 0.447451 0.245571 0.014675 0.017481
0 0.512276 0.243626 0.013500 0.017277
3 0.535319 0.227966 0.014168 0.039917
