0 0.464822 0.817319 0.171644 0.131483
0 0.237900 0.701482 0.105076 0.055668
0 0.507881 0.659519 0.088599 0.054110
0 0.526952 0.603063 0.053062 0.028649
0 0.467244 0.596866 0.051805 0.026267
0 0.043881 0.630454 0.086028 0.035310
0 0.598198 0.581394 0.042961 0.023201
1 0.380553 0.759713 0.045991 0.049876
0 0.902812 0.590817 0.053218 0.021643
1 0.628655 0.674129 0.026162 0.024772
0 0.817659 0.563231 0.038112 0.016397
0 0.148309 0.613934 0.105996 0.025550
1 0.324991 0.704708 0.031950 0.030269
1 0.672514 0.638903 0.024169 0.021782
0 0.548439 0.564249 0.031282 0.014722
0 0.809382 0.546589 0.031584 0.015627
0 0.456796 0.536866 0.030188 0.011454
