0 0.236016 0.418887 0.044458 0.060465
0 0.578090 0.424560 0.042652 0.060583
0 0.425137 0.328641 0.026653 0.038254
0 0.603283 0.362533 0.031194 0.041029
0 0.338605 0.376837 0.036072 0.048743
0 0.380002 0.309985 0.023571 0.034205
3 0.581391 0.253550 0.030010 0.061438
3 0.614486 0.300401 0.041587 0.064466
0 0.567829 0.303362 0.022154 0.029192
0 0.523137 0.277970 0.017011 0.024461
0 0.441144 0.284476 0.019866 0.028210
0 0.422218 0.253967 0.014671 0.023446
3 0.424875 0.207992 0.015005 0.036684
0 0.459326 0.238539 0.012099 0.014984
