0 0.634690 0.742824 0.144819 0.091618
0 0.504768 0.644103 0.070251 0.037141
0 0.044203 0.630586 0.086909 0.034253
3 0.630028 0.643985 0.074675 0.060112
0 0.532740 0.604305 0.054948 0.032179
1 0.420591 0.655167 0.025407 0.026337
1 0.376921 0.687416 0.028566 0.027114
0 0.987045 0.595378 0.025052 0.026443
0 0.447597 0.574257 0.046237 0.021945
0 0.545057 0.572848 0.034317 0.018628
0 0.165820 0.612585 0.076170 0.024373
0 0.593767 0.575342 0.041227 0.021814
1 0.807076 0.742518 0.050403 0.041264
1 0.277539 0.649853 0.020715 0.018485
