0 0.479424 0.709632 0.111982 0.068075
0 0.317976 0.724625 0.126052 0.076060
0 0.612331 0.629381 0.071373 0.041956
0 0.530389 0.591864 0.043593 0.021482
1 0.707035 0.973956 0.088558 0.051664
0 0.962009 0.587066 0.059174 0.023421
1 0.138857 0.720885 0.038917 0.032911
0 0.555207 0.575882 0.037307 0.021078
1 0.530671 0.658999 0.027588 0.026506
0 0.043404 0.629305 0.086338 0.036197
1 0.363378 0.673351 0.031533 0.028995
0 0.373984 0.570213 0.037009 0.020896
0 0.146728 0.613375 0.114199 0.024664
0 0.593322 0.559111 0.032303 0.016899
0 0.289347 0.573260 0.047501 0.016625
3 0.603902 0.592185 0.050384 0.033526
0 0.479977 0.555809 0.037185 0.016811
