0 0.495401 0.670930 0.091572 0.054105
0 0.386323 0.907193 0.230899 0.185189
0 0.375271 0.673664 0.092629 0.053459
0 0.606520 0.614898 0.059555 0.035240
0 0.535373 0.584254 0.039006 0.019462
0 0.980658 0.594807 0.038577 0.024419
0 0.043575 0.629388 0.086058 0.036664
0 0.815565 0.566250 0.034773 0.017080
1 0.232392 0.671331 0.031491 0.025702
1 0.523956 0.629539 0.022514 0.024721
0 0.485743 0.552067 0.034743 0.015714
0 0.558189 0.570960 0.032946 0.019620
0 0.148013 0.613606 0.107121 0.025149
0 0.292151 0.573609 0.054534 0.016740
0 0.894295 0.568664 0.036249 0.014169
0 0.807909 0.544271 0.025528 0.012314
0 0.444234 0.538515 0.034850 0.013436
