0 0.104024 0.922254 0.207242 0.155083
0 0.618347 0.665384 0.091686 0.056577
0 0.419588 0.840614 0.181833 0.133646
0 0.519778 0.609816 0.053070 0.025713
1 0.580352 0.760614 0.047343 0.045133
0 0.044098 0.630837 0.087373 0.034463
3 0.611830 0.612172 0.061373 0.043754
0 0.544796 0.586605 0.043978 0.024375
1 0.226066 0.766375 0.049259 0.045417
1 0.264597 0.714746 0.029809 0.030618
0 0.293875 0.573642 0.051667 0.016494
1 0.691419 0.653252 0.029624 0.024755
0 0.466646 0.564009 0.040548 0.019540
0 0.165576 0.613069 0.077025 0.023036
0 0.990542 0.581757 0.017967 0.017186
1 0.457696 0.612880 0.020973 0.020665
1 0.423691 0.631228 0.031621 0.015823
0 0.375673 0.572881 0.031975 0.017833
