3 0.239741 0.362182 0.082247 0.143646
0 0.809085 0.678885 0.097822 0.134159
0 0.584016 0.450937 0.050099 0.064401
3 0.592224 0.269170 0.033536 0.074440
0 0.594609 0.350004 0.029888 0.041108
0 0.538550 0.329213 0.026411 0.035108
0 0.624077 0.331861 0.026992 0.039718
0 0.565093 0.297654 0.022860 0.040120
0 0.418458 0.252965 0.014237 0.021099
0 0.546922 0.274583 0.016529 0.022342
0 0.451911 0.255850 0.015588 0.021694
0 0.374627 0.304902 0.024796 0.044482
0 0.517544 0.267531 0.017575 0.027898
0 0.397804 0.286183 0.020828 0.026741
