0 0.360460 0.496351 0.057171 0.090659
0 0.229729 0.416101 0.048678 0.059907
0 0.556025 0.369180 0.035927 0.051207
3 0.352077 0.271016 0.037300 0.075674
3 0.375261 0.251401 0.028293 0.067475
0 0.388046 0.301077 0.021653 0.030229
0 0.417476 0.325593 0.030447 0.052267
3 0.614191 0.370840 0.038350 0.062518
0 0.530846 0.284010 0.018361 0.028425
0 0.543405 0.266778 0.015550 0.022700
0 0.426684 0.254298 0.014476 0.021093
0 0.403296 0.245150 0.014443 0.025300
0 0.083696 0.964714 0.135281 0.070572
3 0.575786 0.273338 0.016946 0.024735
0 0.575757 0.273381 0.016850 0.024873
3 0.598472 0.224075 0.020879 0.030161
