0 0.416314 0.825396 0.151740 0.104256
0 0.493532 0.667933 0.089441 0.056228
3 0.667783 0.766616 0.134829 0.132617
0 0.379825 0.607044 0.066605 0.032781
0 0.584661 0.603484 0.052269 0.030364
0 0.040934 0.632659 0.081574 0.034508
0 0.643178 0.586976 0.050185 0.025072
0 0.528412 0.592587 0.045165 0.025484
1 0.190143 0.941348 0.075882 0.083289
1 0.774581 0.703500 0.035353 0.030413
1 0.327193 0.689872 0.037210 0.029988
0 0.161465 0.614146 0.058526 0.023105
0 0.542863 0.573803 0.038066 0.019009
0 0.016771 0.712709 0.032997 0.049136
1 0.689147 0.638606 0.022287 0.021742
0 0.495815 0.571731 0.038251 0.024098
1 0.629772 0.624084 0.021014 0.016189
0 0.593286 0.563530 0.034824 0.018278
