0 0.345079 0.701424 0.109293 0.065591
0 0.486873 0.692761 0.103048 0.064425
0 0.610572 0.622725 0.070574 0.039081
0 0.533004 0.588495 0.040238 0.020785
0 0.355751 0.952053 0.242410 0.095438
0 0.968561 0.589682 0.061509 0.023399
1 0.182510 0.699158 0.032291 0.026506
3 0.355853 0.951965 0.243416 0.095551
0 0.044016 0.628928 0.086852 0.037333
1 0.526669 0.645075 0.024594 0.025800
0 0.593526 0.557268 0.033202 0.016200
0 0.556786 0.573100 0.034734 0.019503
0 0.483560 0.553748 0.036558 0.016848
0 0.150574 0.613170 0.107277 0.024741
1 0.384277 0.661316 0.023793 0.021673
0 0.805822 0.542371 0.023853 0.011569
0 0.376067 0.571750 0.034022 0.017652
