3 0.290475 0.319220 0.060590 0.113316
0 0.662127 0.678998 0.085812 0.123816
0 0.192485 0.574107 0.081126 0.113981
3 0.606456 0.282051 0.039117 0.084177
0 0.628035 0.406424 0.040155 0.054835
0 0.559814 0.385864 0.036533 0.048304
0 0.651167 0.365233 0.032580 0.046746
0 0.524758 0.289087 0.021093 0.031153
0 0.562157 0.294100 0.018860 0.026953
0 0.582654 0.325930 0.028499 0.048253
0 0.390777 0.280058 0.021447 0.035674
0 0.520265 0.265261 0.016130 0.022238
3 0.540700 0.249758 0.016387 0.034134
0 0.426774 0.241866 0.012971 0.020200
0 0.411383 0.267530 0.018170 0.023624
0 0.559202 0.278646 0.016719 0.022544
3 0.429255 0.206877 0.013345 0.028835
