0 0.487385 0.683677 0.089185 0.049397
0 0.640128 0.852506 0.191607 0.151409
3 0.643196 0.676414 0.089434 0.076913
0 0.522111 0.621406 0.065771 0.037958
0 0.963423 0.879871 0.072487 0.104502
0 0.044086 0.630342 0.087110 0.034939
0 0.594612 0.582614 0.042486 0.024814
1 0.381888 0.707712 0.031405 0.032446
0 0.429573 0.583576 0.051376 0.025247
0 0.542207 0.578885 0.036341 0.020321
1 0.185721 0.699494 0.030172 0.027106
0 0.968703 0.585390 0.062187 0.026584
1 0.670774 0.620836 0.022183 0.019976
0 0.618580 0.572003 0.040701 0.019170
1 0.310935 0.765438 0.038970 0.034587
0 0.807916 0.548603 0.024592 0.013843
0 0.148655 0.612850 0.108690 0.025733
0 0.596204 0.553773 0.029263 0.016148
