0 0.485738 0.681111 0.097268 0.062655
0 0.390974 0.877860 0.178086 0.128088
0 0.367073 0.612984 0.070638 0.035162
0 0.041514 0.632579 0.082456 0.034758
0 0.581398 0.607609 0.054642 0.032400
0 0.648687 0.589891 0.052137 0.024936
1 0.811702 0.730881 0.044025 0.037339
1 0.698603 0.647922 0.023870 0.024584
1 0.387274 0.665813 0.025124 0.022000
0 0.525533 0.596230 0.045732 0.025141
0 0.151744 0.614004 0.068079 0.022894
0 0.675140 0.792530 0.147675 0.149448
1 0.627145 0.631550 0.022718 0.018058
0 0.489956 0.574445 0.041942 0.025022
0 0.540611 0.575824 0.037848 0.021028
3 0.163392 0.600954 0.061438 0.031754
