0 0.705030 0.739067 0.121282 0.068839
3 0.164415 0.718652 0.169110 0.101943
0 0.048077 0.631366 0.092990 0.035007
0 0.545047 0.595560 0.048893 0.026260
0 0.401964 0.607850 0.049371 0.024249
0 0.907883 0.592868 0.051895 0.020735
1 0.299945 0.715840 0.040682 0.033868
1 0.411757 0.680816 0.030970 0.027389
1 0.450398 0.647369 0.025661 0.022919
3 0.200950 0.856257 0.246203 0.175113
0 0.552023 0.571625 0.036459 0.018747
1 0.323191 0.655675 0.026124 0.025682
0 0.538028 0.638035 0.077268 0.044177
0 0.169573 0.613515 0.080110 0.023009
0 0.597638 0.561370 0.034862 0.016899
0 0.155674 0.614543 0.107549 0.025203
0 0.515331 0.567336 0.032014 0.016162
0 0.900107 0.570914 0.043233 0.015165
0 0.171961 0.659704 0.106690 0.035242
