0 0.163678 0.615015 0.090332 0.128716
3 0.284990 0.324522 0.061371 0.116416
3 0.604301 0.280467 0.038406 0.082016
0 0.643800 0.623598 0.075805 0.115420
0 0.555171 0.375029 0.035059 0.046943
0 0.645916 0.360254 0.031308 0.044550
0 0.621924 0.396866 0.038149 0.051891
0 0.524455 0.285123 0.021446 0.029668
0 0.560061 0.290634 0.019007 0.025994
0 0.579800 0.321869 0.026730 0.044959
0 0.519662 0.263137 0.016346 0.021604
0 0.425685 0.244210 0.012929 0.018678
0 0.389048 0.283048 0.020814 0.037118
3 0.539355 0.249276 0.015671 0.033898
0 0.409818 0.264245 0.019049 0.034082
3 0.428305 0.206905 0.012508 0.031831
0 0.409649 0.270075 0.018547 0.022028
