0 0.079598 0.721180 0.120049 0.159919
0 0.336470 0.571106 0.070621 0.104916
0 0.727903 0.575961 0.066648 0.094605
0 0.411146 0.376925 0.033662 0.048461
0 0.315741 0.399911 0.039071 0.055654
0 0.539061 0.313253 0.025025 0.032475
0 0.567253 0.300974 0.019967 0.027139
3 0.568182 0.241432 0.024371 0.050288
3 0.591849 0.276309 0.032269 0.051120
0 0.402918 0.281382 0.018939 0.029206
0 0.425086 0.252684 0.014160 0.020800
0 0.548454 0.269706 0.015277 0.021755
0 0.452728 0.259394 0.015553 0.022955
3 0.419221 0.214867 0.015427 0.038047
0 0.514177 0.248491 0.013074 0.019717
