3 0.689544 0.357687 0.075499 0.142656
0 0.942818 0.691496 0.105589 0.130901
0 0.635604 0.431591 0.042052 0.056949
3 0.363813 0.258608 0.031842 0.068683
0 0.611097 0.377750 0.033011 0.046158
3 0.574207 0.304004 0.027667 0.056420
0 0.549749 0.363371 0.032059 0.044666
0 0.593925 0.499038 0.057308 0.088391
0 0.384777 0.303460 0.024269 0.034479
0 0.548936 0.272373 0.016627 0.024115
0 0.289616 0.442826 0.056455 0.093680
3 0.759670 0.605264 0.088234 0.138201
0 0.410564 0.240442 0.013900 0.023049
0 0.540933 0.252824 0.015071 0.021448
0 0.554046 0.247496 0.011498 0.018000
