0 0.460963 0.720640 0.116350 0.077564
0 0.328612 0.630528 0.084146 0.040991
0 0.661228 0.599281 0.057561 0.027837
0 0.569948 0.620905 0.063066 0.037791
0 0.037975 0.633273 0.075362 0.033824
0 0.695915 0.876533 0.195014 0.213128
1 0.942899 0.838177 0.076204 0.061742
0 0.327757 0.978384 0.202146 0.042652
0 0.517866 0.604369 0.048127 0.027511
1 0.207748 0.778179 0.049325 0.037169
1 0.723979 0.678728 0.027135 0.026625
1 0.358437 0.697298 0.025625 0.025282
1 0.616572 0.654491 0.023783 0.022460
0 0.146217 0.615093 0.099677 0.023959
0 0.529646 0.581209 0.039431 0.023109
0 0.476421 0.580842 0.044435 0.025844
0 0.584176 0.570104 0.034229 0.018983
