0 0.562864 0.382399 0.035988 0.050015
0 0.427750 0.334361 0.027386 0.038982
0 0.698252 0.516951 0.056829 0.078584
0 0.610851 0.372130 0.034738 0.050005
0 0.386388 0.295612 0.020972 0.030269
3 0.570045 0.246710 0.024639 0.056109
0 0.603716 0.479828 0.065506 0.094892
0 0.443541 0.278955 0.017524 0.027715
0 0.261210 0.457286 0.056776 0.096339
0 0.530381 0.301610 0.022091 0.029547
0 0.555002 0.282829 0.017936 0.025229
0 0.519119 0.266315 0.016393 0.020604
0 0.329151 0.368994 0.038998 0.071119
3 0.699345 0.407193 0.037676 0.054701
0 0.586914 0.285819 0.019110 0.027638
0 0.699411 0.407361 0.037651 0.054747
