0 0.352188 0.520947 0.059128 0.091680
0 0.281719 0.439384 0.048759 0.066515
0 0.763091 0.897531 0.136376 0.202072
0 0.682538 0.394897 0.039144 0.056426
0 0.397365 0.402514 0.039519 0.057282
0 0.669212 0.476805 0.050810 0.071312
0 0.568093 0.316167 0.023737 0.032699
0 0.404136 0.260643 0.015942 0.022410
0 0.415136 0.345380 0.029919 0.043187
0 0.533208 0.299702 0.022472 0.037658
0 0.561817 0.287951 0.019873 0.026861
0 0.431105 0.294893 0.021475 0.034464
3 0.554255 0.230157 0.018290 0.043442
0 0.611625 0.306141 0.021228 0.031603
0 0.526304 0.278980 0.019575 0.025224
3 0.398278 0.231375 0.020450 0.049057
0 0.441909 0.273187 0.019137 0.024618
3 0.411262 0.223300 0.018427 0.045013
0 0.514008 0.251162 0.012985 0.017856
0 0.563951 0.256002 0.014075 0.020727
