0 0.433914 0.813512 0.173573 0.127920
0 0.504228 0.650462 0.081426 0.048736
0 0.400912 0.649899 0.080711 0.044092
0 0.603233 0.605319 0.055353 0.033742
0 0.043364 0.629486 0.085717 0.036878
0 0.826749 0.570201 0.035752 0.016269
0 0.537273 0.579410 0.036673 0.018336
0 0.144514 0.614008 0.104660 0.026481
1 0.280058 0.648450 0.026039 0.022224
1 0.654180 0.888854 0.062315 0.068436
1 0.656073 0.761565 0.046087 0.043616
0 0.291151 0.573908 0.057248 0.016121
0 0.984430 0.600675 0.030796 0.024440
0 0.489132 0.548635 0.032268 0.015752
1 0.525226 0.616286 0.020252 0.020210
1 0.437881 0.629072 0.019910 0.018002
0 0.445893 0.537942 0.033151 0.013197
