3 0.315303 0.299231 0.050244 0.098335
3 0.619434 0.294877 0.044606 0.093205
0 0.282263 0.445808 0.051830 0.070901
0 0.668448 0.473643 0.051697 0.072293
0 0.585497 0.460100 0.047793 0.065415
0 0.681091 0.399913 0.039169 0.054365
0 0.574461 0.313328 0.022078 0.031158
0 0.532680 0.310774 0.024662 0.036272
0 0.600720 0.356170 0.033665 0.056293
0 0.398553 0.267051 0.018110 0.031584
0 0.564583 0.292977 0.019559 0.024867
0 0.523176 0.278919 0.017327 0.025450
3 0.545719 0.259415 0.018297 0.037195
3 0.598370 0.223039 0.020813 0.028810
