0 0.250800 0.491673 0.056551 0.078447
0 0.370908 0.490411 0.052932 0.077653
0 0.557657 0.284437 0.018803 0.023202
0 0.655459 0.449030 0.049352 0.063956
0 0.528930 0.288737 0.021013 0.028477
3 0.563553 0.236595 0.022049 0.049113
0 0.390166 0.299418 0.022978 0.033577
3 0.583028 0.267107 0.029475 0.048819
0 0.447385 0.273580 0.018914 0.028058
0 0.541971 0.258375 0.014439 0.020153
0 0.417417 0.259366 0.017336 0.027813
3 0.416922 0.217022 0.017039 0.039740
0 0.511318 0.239531 0.011568 0.017107
0 0.432746 0.246845 0.013687 0.016180
