0 0.373644 0.916755 0.242819 0.166217
0 0.623516 0.682949 0.105024 0.064291
0 0.516096 0.618432 0.056465 0.029836
1 0.138313 0.827970 0.066409 0.057055
0 0.043920 0.631001 0.086998 0.034357
1 0.612699 0.836298 0.062774 0.058903
3 0.615957 0.620079 0.063615 0.047788
0 0.542444 0.591126 0.045639 0.025105
1 0.203727 0.754691 0.038507 0.036989
0 0.165499 0.612842 0.077035 0.022703
1 0.720323 0.671825 0.035099 0.027556
1 0.447250 0.623684 0.023907 0.019710
1 0.416710 0.643674 0.022445 0.021363
0 0.295269 0.574083 0.052287 0.015756
0 0.592482 0.568877 0.038287 0.020756
0 0.375787 0.572605 0.032786 0.018553
0 0.547334 0.567086 0.033237 0.018407
0 0.520557 0.548901 0.031370 0.016720
