0 0.503305 0.721432 0.119626 0.082728
0 0.317670 0.654836 0.079976 0.042129
0 0.525733 0.630001 0.072759 0.040915
1 0.366811 0.790869 0.050932 0.051087
0 0.536788 0.589813 0.045197 0.024906
1 0.228344 0.846527 0.058456 0.057694
0 0.841309 0.571995 0.040886 0.017099
0 0.045991 0.630998 0.090094 0.034927
0 0.598034 0.574136 0.039234 0.020116
0 0.896245 0.967941 0.205935 0.063388
0 0.487774 0.584844 0.043774 0.022467
0 0.967679 0.596481 0.063875 0.038872
1 0.448217 0.686987 0.030818 0.031237
1 0.036571 0.821708 0.060445 0.057375
1 0.390845 0.653401 0.027428 0.023255
0 0.553766 0.558538 0.027906 0.014703
