0 0.809326 0.873402 0.206371 0.133514
0 0.519556 0.680140 0.102850 0.062792
0 0.355188 0.632738 0.065693 0.033942
1 0.141208 0.830775 0.067606 0.059358
0 0.533926 0.613937 0.063465 0.035034
3 0.070318 0.721067 0.140145 0.090803
0 0.595658 0.568762 0.035292 0.019031
0 0.540706 0.581850 0.040360 0.023407
1 0.199688 0.727979 0.042464 0.039336
1 0.329431 0.754710 0.047124 0.042095
0 0.150182 0.614816 0.110688 0.027618
1 0.405458 0.710556 0.034835 0.034324
0 0.861222 0.578668 0.047962 0.018487
0 0.498121 0.576864 0.038759 0.020085
0 0.045766 0.631137 0.088984 0.034825
1 0.479092 0.652911 0.027950 0.025825
0 0.990734 0.615165 0.017501 0.025770
0 0.993595 0.592266 0.012077 0.017301
0 0.554104 0.554785 0.026116 0.013205
1 0.418841 0.628536 0.018893 0.019283
1 0.622913 0.615316 0.021233 0.021133
