0 0.468803 0.720324 0.105266 0.062043
0 0.651784 0.935076 0.244209 0.129465
3 0.651620 0.702603 0.102770 0.092332
0 0.414683 0.590805 0.056602 0.026730
0 0.044099 0.631115 0.087533 0.034330
0 0.516211 0.635342 0.070505 0.042994
0 0.592585 0.590088 0.047956 0.026220
1 0.338964 0.759839 0.038526 0.043240
0 0.539302 0.583503 0.038731 0.021689
0 0.146477 0.613932 0.110749 0.025891
0 0.628599 0.576584 0.042971 0.020072
1 0.702173 0.644737 0.024165 0.021326
1 0.396905 0.644595 0.023749 0.019149
1 0.669483 0.613477 0.017142 0.016677
1 0.226439 0.851582 0.060138 0.052171
0 0.943905 0.582563 0.068163 0.022119
