0 0.178073 0.905813 0.152290 0.185213
0 0.365468 0.460859 0.049971 0.079166
0 0.863832 0.735497 0.133107 0.197688
0 0.562772 0.369406 0.033539 0.051139
0 0.394696 0.359393 0.033459 0.046728
0 0.354456 0.303986 0.024051 0.030534
0 0.609350 0.310803 0.023946 0.035257
0 0.574682 0.318663 0.023623 0.033154
3 0.396696 0.234541 0.021624 0.053533
0 0.430499 0.303848 0.023849 0.036257
0 0.581590 0.273604 0.016069 0.024014
0 0.444829 0.262894 0.017521 0.031398
0 0.528444 0.269774 0.015793 0.022011
0 0.420904 0.257085 0.015406 0.022937
3 0.379756 0.247575 0.028514 0.056618
0 0.545738 0.260969 0.015057 0.021814
3 0.545699 0.219846 0.015700 0.038109
0 0.518723 0.259647 0.016132 0.024770
3 0.598431 0.223763 0.020720 0.029141
