0 0.762974 0.818148 0.169347 0.103312
3 0.094061 0.704018 0.154415 0.084808
0 0.369523 0.623835 0.060222 0.029322
0 0.522927 0.664519 0.097453 0.055225
1 0.205077 0.782953 0.057191 0.049873
0 0.536635 0.607165 0.059104 0.031102
1 0.419660 0.686292 0.031061 0.029024
0 0.594182 0.566677 0.037000 0.018693
1 0.247196 0.700103 0.032720 0.033015
0 0.152755 0.615076 0.106607 0.027142
0 0.542569 0.578727 0.040561 0.022207
0 0.046456 0.631664 0.091139 0.034945
3 0.042837 0.803013 0.084747 0.110762
0 0.872500 0.582256 0.051574 0.018828
1 0.362039 0.726897 0.037260 0.034587
0 0.502356 0.573159 0.036596 0.019009
0 0.042833 0.803498 0.085172 0.111894
1 0.430925 0.617040 0.021391 0.017035
0 0.882034 0.566101 0.042993 0.015842
