2 0.137518 0.687850 0.274102 0.171626
0 0.111494 0.944754 0.222988 0.109834
2 0.111927 0.944770 0.222891 0.109629
0 0.941098 0.752148 0.117490 0.077733
0 0.918868 0.650617 0.158768 0.053656
3 0.531192 0.635809 0.106664 0.066368
0 0.704836 0.634025 0.135093 0.051615
1 0.823646 0.752938 0.081509 0.059305
0 0.675586 0.596173 0.107863 0.034925
3 0.568384 0.622461 0.070176 0.047675
2 0.548101 0.486716 0.076472 0.036328
3 0.556227 0.572657 0.056318 0.036528
1 0.768605 0.695219 0.054478 0.037681
0 0.434756 0.538846 0.060271 0.028220
2 0.974481 0.574560 0.050586 0.031411
0 0.687879 0.533745 0.059407 0.024728
3 0.715310 0.515814 0.047070 0.030535
0 0.831835 0.526033 0.058427 0.019676
0 0.381883 0.520814 0.049419 0.022068
0 0.448488 0.517021 0.046541 0.021134
3 0.405363 0.501948 0.036641 0.025948
0 0.589872 0.511129 0.044649 0.020747
0 0.784814 0.516189 0.044863 0.018276
0 0.366483 0.509091 0.037558 0.017822
3 0.256362 0.490201 0.029616 0.022206
0 0.173052 0.498428 0.032987 0.018833
0 0.302083 0.495153 0.032337 0.018562
3 0.293102 0.503058 0.028617 0.019367
0 0.210219 0.468372 0.030845 0.015521
1 0.186271 0.537406 0.023901 0.019331
1 0.403344 0.564547 0.022407 0.019919
0 0.452430 0.480198 0.030424 0.014282
1 0.511586 0.558699 0.022914 0.017789
0 0.305251 0.482001 0.027938 0.013078
0 0.295555 0.469594 0.023319 0.011682
1 0.379820 0.553584 0.018637 0.014238
1 0.332053 0.530737 0.017468 0.014649
