2 0.194556 0.666057 0.389112 0.197608
0 0.103343 0.943893 0.204740 0.111514
0 0.769912 0.667501 0.148801 0.055396
0 0.883767 0.661789 0.147644 0.054783
1 0.835123 0.835313 0.088098 0.066261
0 0.745941 0.599917 0.114206 0.040736
0 0.589565 0.595558 0.104751 0.041726
2 0.423485 0.589773 0.076867 0.051441
1 0.838398 0.845196 0.082739 0.045847
2 0.572074 0.492206 0.085937 0.039041
1 0.809477 0.732715 0.068951 0.046727
0 0.799029 0.562072 0.081321 0.033321
0 0.581898 0.569467 0.091112 0.026610
3 0.476171 0.587104 0.050575 0.039849
1 0.625884 0.661263 0.047676 0.034737
0 0.398232 0.527126 0.054550 0.025003
0 0.645718 0.526284 0.055132 0.024712
3 0.488296 0.545445 0.043146 0.029980
0 0.819382 0.525206 0.052687 0.019448
0 0.356092 0.512301 0.044510 0.019874
1 0.607834 0.628742 0.038341 0.021452
2 0.370498 0.493386 0.034021 0.023211
0 0.412398 0.507509 0.040629 0.018924
0 0.701013 0.507575 0.045278 0.015886
0 0.307610 0.508419 0.036835 0.019142
3 0.239626 0.482442 0.029533 0.020759
0 0.157314 0.496272 0.031768 0.018472
0 0.340613 0.500932 0.033581 0.017249
0 0.278690 0.489577 0.029537 0.017048
0 0.263975 0.493768 0.026710 0.017407
0 0.465517 0.484096 0.033798 0.012987
1 0.160367 0.533523 0.021908 0.016454
1 0.374805 0.544824 0.019379 0.018038
1 0.271023 0.511532 0.017655 0.017921
0 0.358747 0.476326 0.027378 0.011373
1 0.461668 0.539405 0.019386 0.015243
0 0.345395 0.486591 0.023761 0.012293
1 0.333776 0.534167 0.017727 0.016240
0 0.242980 0.465983 0.021745 0.010965
1 0.295702 0.520329 0.016543 0.014304
0 0.627379 0.505368 0.022956 0.010178
0 0.276087 0.464139 0.021251 0.010959
1 0.334074 0.537193 0.016638 0.011334
