2 0.189443 0.668884 0.378886 0.195994
0 0.103887 0.943982 0.205888 0.111411
0 0.792087 0.675427 0.155015 0.058891
0 0.913908 0.672060 0.155845 0.058438
1 0.871536 0.854856 0.096863 0.069865
0 0.764959 0.605468 0.119171 0.041924
0 0.600776 0.599351 0.106913 0.042795
2 0.432531 0.594481 0.082232 0.054180
1 0.839787 0.746425 0.073497 0.051383
2 0.567434 0.490484 0.086371 0.037958
0 0.590108 0.572065 0.094977 0.027528
0 0.778004 0.556855 0.077090 0.032022
3 0.485335 0.590746 0.053484 0.041093
1 0.646411 0.670967 0.053673 0.037360
3 0.765615 0.523326 0.053148 0.034055
0 0.401363 0.528417 0.055825 0.025105
3 0.495727 0.548316 0.045017 0.030596
2 0.644484 0.499746 0.052049 0.022894
0 0.816942 0.525006 0.059304 0.019897
0 0.637216 0.523002 0.047547 0.024055
1 0.622788 0.637820 0.036403 0.025311
0 0.358475 0.513043 0.044972 0.020338
0 0.415691 0.508572 0.042034 0.019462
2 0.374201 0.493539 0.033557 0.023558
0 0.701629 0.507543 0.047046 0.015971
0 0.308962 0.509494 0.035285 0.019892
3 0.240663 0.482930 0.028293 0.021635
0 0.157908 0.496308 0.031945 0.018525
0 0.341951 0.501448 0.034696 0.016746
0 0.291652 0.478732 0.029597 0.018257
0 0.279761 0.489991 0.030570 0.017007
0 0.461654 0.483442 0.034939 0.014423
1 0.162055 0.533441 0.022153 0.017870
0 0.187762 0.465835 0.027537 0.012243
1 0.273417 0.512844 0.017955 0.017002
1 0.377829 0.548504 0.019021 0.016004
1 0.299319 0.520389 0.016873 0.015722
0 0.243606 0.465971 0.022449 0.010764
0 0.277341 0.464660 0.022848 0.010561
1 0.338271 0.538521 0.018536 0.012784
1 0.299710 0.524363 0.016364 0.009214
