0 0.124570 0.934518 0.248095 0.130567
2 0.383740 0.559164 0.138677 0.107769
3 0.383848 0.559481 0.138674 0.107650
0 0.711278 0.677111 0.148777 0.064611
2 0.747943 0.504790 0.145665 0.055407
0 0.825306 0.615286 0.121133 0.046437
0 0.589192 0.563711 0.081334 0.033048
0 0.503592 0.535192 0.073345 0.031233
0 0.022954 0.721452 0.045409 0.046521
0 0.614868 0.542275 0.070188 0.028392
2 0.341334 0.516996 0.050565 0.032946
1 0.729824 0.632504 0.045418 0.035332
0 0.569452 0.520906 0.065422 0.023835
1 0.533543 0.645734 0.042310 0.031329
0 0.487630 0.519701 0.062119 0.021019
0 0.857444 0.510810 0.057416 0.019198
1 0.217622 0.608873 0.034646 0.028153
0 0.605237 0.496514 0.050684 0.018895
0 0.397149 0.496572 0.042315 0.020402
1 0.536873 0.649063 0.035165 0.024352
0 0.348631 0.477614 0.036079 0.020610
0 0.195790 0.482990 0.036532 0.019056
0 0.369704 0.485272 0.037670 0.017778
1 0.588725 0.588822 0.029478 0.020776
0 0.993277 0.768122 0.013295 0.040309
0 0.347351 0.480223 0.033741 0.015768
0 0.406351 0.477083 0.031465 0.016043
0 0.288505 0.466607 0.031954 0.014250
0 0.637752 0.473778 0.031799 0.013561
0 0.524761 0.465370 0.030479 0.013915
0 0.513727 0.472502 0.033855 0.012205
3 0.258000 0.466387 0.024105 0.015170
1 0.493910 0.556163 0.022407 0.015617
1 0.319834 0.494849 0.013963 0.013365
1 0.297784 0.487772 0.012522 0.010531
