2 0.203995 0.656233 0.407225 0.189705
0 0.103575 0.943747 0.205084 0.111824
0 0.739886 0.655376 0.137579 0.053011
0 0.843452 0.647601 0.136979 0.051095
1 0.789456 0.812759 0.079457 0.054219
0 0.720416 0.591878 0.106989 0.039018
0 0.575067 0.590411 0.099623 0.041057
2 0.577724 0.493638 0.093828 0.040273
2 0.407828 0.582852 0.073417 0.049101
0 0.835702 0.569706 0.086748 0.036140
1 0.792919 0.819242 0.072398 0.041339
1 0.773268 0.710786 0.063486 0.046014
0 0.567497 0.565297 0.085811 0.026048
3 0.795432 0.532987 0.055850 0.031655
0 0.664731 0.530831 0.058722 0.026725
1 0.601751 0.648230 0.041281 0.031913
0 0.393912 0.525071 0.052659 0.024463
3 0.481066 0.541355 0.040906 0.027478
0 0.820020 0.524750 0.053927 0.019174
0 0.355303 0.510978 0.043783 0.019205
0 0.770206 0.515048 0.044220 0.018014
0 0.702318 0.507582 0.049065 0.016031
0 0.408494 0.505929 0.040435 0.018288
2 0.367193 0.492021 0.032015 0.022400
0 0.155932 0.496025 0.037379 0.018657
0 0.307431 0.506932 0.038050 0.017645
3 0.240539 0.480634 0.027184 0.020546
0 0.338406 0.499125 0.031682 0.016146
0 0.277266 0.488828 0.030567 0.016620
0 0.213967 0.475423 0.031547 0.015997
0 0.260696 0.492570 0.027224 0.017281
0 0.474207 0.485879 0.032979 0.013914
1 0.454231 0.533351 0.023476 0.019489
0 0.635566 0.505374 0.027246 0.014417
0 0.288214 0.474033 0.026538 0.012339
1 0.159379 0.533174 0.020489 0.014722
1 0.372641 0.543635 0.020405 0.014616
1 0.328326 0.533330 0.017142 0.013073
1 0.269693 0.512580 0.017547 0.011951
1 0.291462 0.519735 0.016172 0.011967
