2 0.341985 0.593259 0.246899 0.139425
0 0.118263 0.938698 0.234878 0.122185
2 0.117940 0.938742 0.234573 0.121980
0 0.855266 0.772294 0.215583 0.091063
0 0.944476 0.676724 0.110650 0.060677
2 0.670071 0.498557 0.119337 0.049828
0 0.634730 0.595496 0.097747 0.039270
0 0.686150 0.577744 0.090901 0.035586
0 0.848840 0.559131 0.084358 0.035513
3 0.962337 0.552956 0.071654 0.041603
1 0.841811 0.693558 0.061320 0.047277
3 0.530509 0.557307 0.082577 0.034320
0 0.621663 0.547016 0.079309 0.029289
1 0.078191 0.663546 0.058191 0.037245
1 0.624420 0.703003 0.053933 0.035628
0 0.519658 0.537603 0.069509 0.022924
0 0.844410 0.517971 0.058090 0.019559
0 0.397920 0.508503 0.048535 0.022550
0 0.797486 0.508310 0.046823 0.018195
1 0.647306 0.628966 0.031143 0.024386
0 0.367456 0.497820 0.040345 0.018367
0 0.185543 0.489775 0.033655 0.018751
0 0.410239 0.490444 0.035465 0.017587
0 0.333232 0.493296 0.033193 0.015158
1 0.529840 0.588891 0.026644 0.018776
0 0.289574 0.477156 0.030577 0.016347
3 0.261322 0.478197 0.025296 0.016517
0 0.475282 0.473002 0.030702 0.012864
0 0.218892 0.465863 0.029785 0.011894
0 0.491442 0.467466 0.027042 0.012014
0 0.304357 0.461702 0.024938 0.012769
1 0.377599 0.516448 0.018779 0.015903
0 0.741516 0.503241 0.020419 0.010618
1 0.321648 0.510916 0.015741 0.013457
1 0.292589 0.501816 0.015294 0.013302
0 0.731607 0.514836 0.018597 0.010633
0 0.294260 0.453178 0.019448 0.009472
