0 0.122473 0.936584 0.243793 0.126370
2 0.366444 0.578798 0.196482 0.123058
0 0.791584 0.729298 0.183385 0.078698
0 0.908674 0.648982 0.145194 0.054527
2 0.704157 0.500227 0.130148 0.050255
0 0.924694 0.570992 0.097456 0.039778
0 0.616017 0.580887 0.090680 0.037215
0 0.656782 0.561609 0.081183 0.031776
0 0.523776 0.547382 0.070522 0.031975
1 0.793825 0.666844 0.053143 0.042117
0 0.601307 0.535382 0.073409 0.026790
1 0.587801 0.678238 0.049609 0.032576
0 0.508150 0.529676 0.067106 0.023547
0 0.353100 0.526345 0.054109 0.027992
1 0.147701 0.640493 0.045230 0.030972
0 0.851514 0.514661 0.058551 0.019536
0 0.397092 0.502760 0.051708 0.021885
0 0.804325 0.504691 0.046015 0.018169
0 0.370819 0.492209 0.040315 0.018938
1 0.621356 0.610988 0.034049 0.021343
0 0.468986 0.504897 0.030989 0.021970
0 0.410451 0.484371 0.033353 0.016582
0 0.575941 0.493328 0.031047 0.017744
0 0.193381 0.486442 0.030319 0.018060
1 0.516792 0.572611 0.025920 0.019558
0 0.291373 0.472008 0.030995 0.015323
0 0.261679 0.472843 0.024010 0.015759
0 0.632196 0.476885 0.029351 0.012839
0 0.492542 0.472192 0.031118 0.011870
0 0.221565 0.460259 0.028262 0.012885
0 0.507068 0.466421 0.027367 0.011456
1 0.322745 0.501562 0.016246 0.016615
1 0.322815 0.504223 0.015170 0.012424
1 0.296566 0.495969 0.013762 0.011291
