2 0.299509 0.611259 0.315343 0.154606
0 0.112376 0.941205 0.223369 0.117138
0 0.906368 0.829221 0.187030 0.109740
2 0.637624 0.498098 0.107473 0.044578
0 0.659212 0.612508 0.108054 0.043292
0 0.724215 0.597188 0.101378 0.038981
1 0.906180 0.729101 0.072420 0.053568
0 0.541235 0.567569 0.086746 0.036332
0 0.647270 0.560820 0.086944 0.032214
3 0.900088 0.547140 0.064901 0.037799
0 0.777178 0.549148 0.076068 0.031387
0 0.532957 0.547839 0.076756 0.025943
1 0.669243 0.736679 0.054361 0.032848
1 0.667216 0.653240 0.055531 0.027932
0 0.979514 0.701414 0.040133 0.037340
0 0.835299 0.522017 0.059643 0.019713
0 0.394840 0.515056 0.051124 0.022597
1 0.545471 0.602377 0.031874 0.028595
0 0.787253 0.512122 0.045665 0.017599
0 0.469452 0.523473 0.034062 0.023309
0 0.362896 0.504204 0.041105 0.017830
0 0.408333 0.496745 0.037490 0.017563
0 0.175019 0.493089 0.034422 0.018677
0 0.322451 0.498820 0.032022 0.014738
0 0.285307 0.482392 0.028522 0.016122
0 0.323623 0.501347 0.032423 0.012693
0 0.216490 0.471271 0.031190 0.012416
0 0.457506 0.474988 0.027264 0.014158
0 0.299622 0.468294 0.026521 0.013244
1 0.374708 0.525844 0.018363 0.016740
1 0.321866 0.516829 0.017404 0.016988
0 0.697385 0.511466 0.019987 0.014154
1 0.168330 0.526843 0.020058 0.013978
0 0.287041 0.457716 0.019402 0.010582
1 0.321667 0.519282 0.015957 0.012534
1 0.290252 0.508679 0.014827 0.013050
