2 0.171588 0.675877 0.342258 0.187854
0 0.107109 0.944057 0.214218 0.111235
2 0.107187 0.944185 0.213651 0.110812
0 0.868364 0.705041 0.179268 0.065049
0 0.826481 0.623486 0.132811 0.047075
1 0.940772 0.795543 0.099207 0.061724
3 0.471476 0.611193 0.092925 0.057904
0 0.640039 0.612083 0.117673 0.045573
0 0.959771 0.703777 0.080373 0.066059
1 0.970121 0.915367 0.059493 0.068627
0 0.625519 0.580903 0.098343 0.029050
1 0.711306 0.702372 0.061054 0.044582
0 0.518993 0.603409 0.060559 0.042874
2 0.567495 0.489126 0.060663 0.033756
0 0.731337 0.545327 0.068819 0.029370
1 0.683011 0.659236 0.046259 0.033517
0 0.519207 0.557994 0.047185 0.032450
0 0.415392 0.532293 0.054432 0.026134
3 0.740133 0.522459 0.048468 0.028887
0 0.610903 0.517303 0.049377 0.022958
0 0.822595 0.525158 0.058123 0.019448
0 0.367293 0.515873 0.046457 0.020962
0 0.428469 0.511999 0.043623 0.020353
2 0.386519 0.497122 0.034559 0.025478
0 0.777296 0.515002 0.044053 0.018714
0 0.161507 0.496865 0.036407 0.018820
0 0.286790 0.491937 0.035345 0.018048
3 0.245899 0.486242 0.028372 0.021700
0 0.702550 0.507241 0.039982 0.015379
0 0.350722 0.505113 0.036009 0.016282
0 0.277616 0.498313 0.027076 0.019207
1 0.170689 0.534563 0.023489 0.019394
0 0.455959 0.481084 0.032769 0.013178
1 0.387753 0.552358 0.021415 0.019706
1 0.388158 0.554990 0.019688 0.016730
0 0.197085 0.468017 0.028483 0.011150
1 0.284310 0.516711 0.016783 0.017724
1 0.483133 0.549027 0.019715 0.014664
0 0.284634 0.466387 0.022699 0.011316
1 0.355460 0.544018 0.018113 0.013537
1 0.313457 0.525787 0.017669 0.013085
