2 0.319179 0.605163 0.284448 0.147016
0 0.115203 0.940131 0.228945 0.119279
2 0.114718 0.940065 0.228476 0.119241
0 0.891184 0.803572 0.217633 0.101031
2 0.650039 0.498738 0.113643 0.046067
0 0.648091 0.604374 0.103314 0.044134
0 0.963814 0.691828 0.071987 0.055255
0 0.707147 0.588958 0.097703 0.037108
1 0.877411 0.713274 0.067923 0.050722
0 0.536207 0.563910 0.085643 0.034451
3 0.925218 0.549371 0.069732 0.039778
0 0.805557 0.553145 0.077996 0.033139
0 0.635340 0.554989 0.082227 0.030924
1 0.028184 0.678865 0.055793 0.042338
1 0.649706 0.720329 0.056672 0.037622
0 0.526362 0.543617 0.074410 0.023462
1 0.655063 0.722963 0.045703 0.031797
0 0.838300 0.520323 0.057854 0.019699
0 0.395869 0.512216 0.049147 0.022113
1 0.660302 0.642020 0.038366 0.026175
0 0.791681 0.510315 0.046364 0.018149
0 0.365450 0.501772 0.041645 0.018071
1 0.538919 0.597437 0.030014 0.022851
0 0.726674 0.502830 0.040357 0.015915
2 0.367560 0.481005 0.028540 0.022240
0 0.409277 0.494289 0.036253 0.017025
0 0.180432 0.491808 0.031454 0.017944
0 0.328486 0.497076 0.033969 0.016408
0 0.286866 0.480695 0.029280 0.015637
0 0.301712 0.464375 0.024894 0.015059
1 0.169446 0.523019 0.021004 0.017591
0 0.465671 0.475052 0.027127 0.013410
0 0.217817 0.469299 0.030505 0.011750
0 0.351122 0.487765 0.027743 0.012050
1 0.321958 0.513774 0.016739 0.016811
1 0.291100 0.507055 0.016191 0.011381
1 0.321940 0.516909 0.015850 0.011402
