2 0.235492 0.634497 0.400189 0.166230
2 0.106671 0.942796 0.212702 0.113671
0 0.106795 0.942815 0.212364 0.113774
0 0.956350 0.880220 0.087169 0.084834
0 0.694846 0.633662 0.124224 0.047699
0 0.777111 0.621755 0.118915 0.044628
0 0.411485 0.566818 0.110974 0.039921
2 0.604883 0.496565 0.098888 0.042331
0 0.924948 0.586899 0.101854 0.040649
1 0.721242 0.767707 0.068130 0.052528
0 0.555320 0.579263 0.092548 0.037395
0 0.679313 0.576783 0.096099 0.035620
1 0.722390 0.775226 0.065773 0.037155
0 0.546772 0.557101 0.084195 0.025387
3 0.840746 0.540617 0.060188 0.034252
1 0.715515 0.677277 0.051369 0.039952
0 0.712464 0.539221 0.064159 0.027845
1 0.977891 0.768926 0.043787 0.037972
1 0.718035 0.681903 0.038904 0.031026
0 0.393347 0.520599 0.051110 0.023280
0 0.472257 0.532703 0.038376 0.026110
0 0.823346 0.522995 0.057952 0.017122
0 0.357337 0.508331 0.045038 0.019168
0 0.776816 0.514610 0.046311 0.018182
1 0.570307 0.628652 0.033485 0.022428
2 0.365010 0.488363 0.031168 0.022818
0 0.406725 0.502376 0.038421 0.017982
0 0.164070 0.494950 0.035573 0.019339
3 0.365123 0.488540 0.030035 0.022709
3 0.250236 0.478325 0.032238 0.019487
0 0.711114 0.507437 0.040837 0.014872
0 0.313629 0.503490 0.034401 0.017415
0 0.492980 0.488883 0.037378 0.015393
0 0.212611 0.473537 0.031802 0.015281
0 0.280377 0.486568 0.027549 0.015909
1 0.162473 0.527871 0.021042 0.020076
0 0.661619 0.508809 0.024131 0.015250
1 0.371670 0.535458 0.019288 0.018933
0 0.292251 0.470278 0.024590 0.014057
1 0.162745 0.530700 0.019464 0.015042
0 0.213740 0.476063 0.028083 0.010259
1 0.270519 0.505908 0.017181 0.016176
0 0.436749 0.474171 0.027169 0.009522
1 0.322268 0.526479 0.018120 0.014275
0 0.456222 0.469876 0.022867 0.010011
1 0.287371 0.516393 0.015455 0.010778
