0 0.123672 0.935172 0.246252 0.129236
2 0.376715 0.568644 0.164317 0.116146
0 0.753612 0.702394 0.169656 0.071534
2 0.722284 0.501455 0.138194 0.051870
0 0.867804 0.632131 0.133196 0.050813
0 0.603513 0.572056 0.086517 0.035501
0 0.967627 0.580297 0.064477 0.040982
0 0.512582 0.541497 0.080591 0.030557
0 0.636516 0.551453 0.076076 0.030280
1 0.762848 0.649947 0.048944 0.038216
0 0.586146 0.527806 0.068712 0.025690
1 0.559600 0.659974 0.048556 0.035224
2 0.349195 0.521991 0.054850 0.029800
0 0.499286 0.524700 0.064720 0.022847
0 0.855227 0.512853 0.058619 0.019823
0 0.394462 0.499565 0.053865 0.021123
1 0.185703 0.624009 0.038301 0.029412
0 0.588100 0.494422 0.044115 0.019545
0 0.810391 0.502427 0.043331 0.018466
0 0.348763 0.480652 0.039169 0.019956
0 0.371385 0.488017 0.039197 0.018584
0 0.193642 0.484082 0.037696 0.019069
1 0.605754 0.599399 0.034067 0.020791
0 0.468130 0.499429 0.031540 0.022009
0 0.409652 0.480343 0.031829 0.016169
0 0.290828 0.469277 0.031763 0.014392
0 0.636374 0.474926 0.030803 0.013270
1 0.505881 0.564614 0.023797 0.016730
3 0.261199 0.468992 0.024654 0.015171
0 0.503157 0.471269 0.032279 0.010903
1 0.474732 0.554272 0.021698 0.015033
1 0.322060 0.499920 0.015744 0.011880
1 0.297422 0.492471 0.013278 0.009934
