2 0.352762 0.588244 0.227584 0.133320
0 0.120499 0.937905 0.239560 0.123761
2 0.120429 0.938011 0.239572 0.123500
0 0.830635 0.756023 0.203470 0.086313
0 0.934875 0.666098 0.130241 0.059214
2 0.680569 0.499438 0.121447 0.049867
0 0.627591 0.590386 0.094775 0.039281
0 0.874936 0.562869 0.088086 0.036227
0 0.675269 0.571499 0.087648 0.034063
1 0.823111 0.683467 0.057990 0.044919
0 0.527642 0.554178 0.078437 0.032158
0 0.613567 0.542417 0.075371 0.028805
3 0.973378 0.553074 0.053245 0.037986
1 0.105286 0.653729 0.053605 0.036830
1 0.610756 0.692129 0.052768 0.036718
1 0.822684 0.690064 0.056684 0.032112
0 0.516141 0.534678 0.069963 0.023005
0 0.847977 0.516606 0.057711 0.019682
0 0.398394 0.506155 0.047225 0.022243
1 0.635945 0.622722 0.034741 0.023581
0 0.799909 0.507022 0.044841 0.017848
0 0.369221 0.495854 0.039692 0.018932
0 0.186366 0.488248 0.036595 0.018691
0 0.470243 0.511265 0.031349 0.020823
0 0.410890 0.488154 0.034532 0.016790
1 0.497314 0.568830 0.025412 0.019646
0 0.290368 0.475434 0.031043 0.014959
1 0.526781 0.583389 0.024350 0.017515
0 0.481387 0.472871 0.031676 0.012645
3 0.261052 0.476420 0.024467 0.015526
0 0.219708 0.464137 0.029195 0.011935
0 0.564859 0.493019 0.021087 0.016519
0 0.497488 0.467171 0.025616 0.011491
1 0.322544 0.506678 0.016101 0.016056
1 0.293647 0.500390 0.015297 0.011105
0 0.744153 0.515233 0.016011 0.010369
0 0.246347 0.442203 0.015483 0.008431
