2 0.186484 0.669317 0.372969 0.192411
0 0.104624 0.943981 0.207153 0.111334
0 0.804785 0.680922 0.159871 0.058915
0 0.924615 0.677456 0.150769 0.058982
1 0.891820 0.867333 0.101368 0.068924
0 0.775941 0.608707 0.121940 0.042688
3 0.439388 0.597556 0.086913 0.054861
0 0.607369 0.601359 0.108598 0.042424
1 0.856333 0.753404 0.077422 0.054688
2 0.566257 0.489837 0.082917 0.037658
3 0.485902 0.590496 0.062905 0.046614
0 0.595970 0.573484 0.091640 0.027981
0 0.767786 0.554773 0.077397 0.032507
1 0.655801 0.676532 0.051766 0.037437
3 0.759505 0.524903 0.049505 0.030195
0 0.498344 0.550067 0.046241 0.031023
0 0.403279 0.528911 0.055915 0.024773
0 0.629937 0.522090 0.052686 0.024919
2 0.644064 0.499374 0.051121 0.022411
0 0.818749 0.524929 0.057687 0.019717
1 0.635223 0.642763 0.040802 0.025124
0 0.360116 0.513264 0.044476 0.020449
0 0.772019 0.515816 0.044134 0.020055
2 0.375933 0.494258 0.034208 0.024736
0 0.417417 0.509086 0.042629 0.019556
0 0.702146 0.507546 0.047755 0.015999
0 0.310393 0.510325 0.036416 0.019488
0 0.222550 0.477637 0.040893 0.016742
3 0.241678 0.483739 0.029286 0.021091
0 0.343454 0.502202 0.034181 0.016942
0 0.158853 0.496379 0.031174 0.018505
0 0.281151 0.490075 0.030959 0.017026
0 0.291471 0.479061 0.028914 0.017401
0 0.459861 0.482603 0.034602 0.013206
1 0.163591 0.533786 0.022300 0.018078
0 0.189293 0.465809 0.028449 0.012470
0 0.326662 0.476113 0.029230 0.011858
1 0.275076 0.513380 0.017491 0.018303
1 0.301331 0.521088 0.018130 0.016322
1 0.379728 0.550405 0.018267 0.014572
0 0.278393 0.465051 0.022341 0.011328
0 0.244735 0.466407 0.021735 0.010811
1 0.341039 0.539265 0.017233 0.013547
1 0.274793 0.516288 0.017261 0.013155
1 0.302014 0.524410 0.016448 0.009818
