0 0.121719 0.937241 0.242185 0.125078
2 0.121765 0.937327 0.242247 0.124907
2 0.362108 0.582343 0.210947 0.126878
0 0.807525 0.740614 0.192145 0.081727
0 0.924392 0.656138 0.149495 0.056231
2 0.693504 0.499882 0.128824 0.049744
0 0.902469 0.566705 0.094663 0.036851
0 0.621022 0.584633 0.092235 0.037202
0 0.665078 0.565762 0.084199 0.033090
0 0.523844 0.550060 0.077295 0.033359
1 0.805588 0.673029 0.055073 0.044383
0 0.606468 0.538414 0.073853 0.027115
0 0.510439 0.531755 0.068060 0.022775
1 0.130597 0.647394 0.048071 0.030229
0 0.354242 0.527521 0.053200 0.025133
1 0.599658 0.687177 0.045632 0.027877
3 0.983729 0.554282 0.031591 0.037057
0 0.850525 0.515586 0.058738 0.019903
0 0.395801 0.504438 0.052602 0.022197
0 0.802556 0.505927 0.046376 0.017731
1 0.627097 0.615822 0.036340 0.022375
0 0.370359 0.493781 0.040406 0.018482
0 0.468778 0.507335 0.032385 0.021952
0 0.410457 0.485971 0.033941 0.016610
0 0.191515 0.487197 0.031367 0.017781
0 0.570261 0.493739 0.029012 0.018735
1 0.521092 0.576722 0.026246 0.019552
0 0.290681 0.473616 0.031553 0.015292
0 0.338148 0.488906 0.030226 0.014601
0 0.631428 0.478023 0.031284 0.013902
0 0.221114 0.461867 0.029843 0.012994
0 0.261574 0.474353 0.024764 0.015356
0 0.487185 0.472030 0.032022 0.011269
0 0.502120 0.466789 0.028831 0.011797
1 0.322418 0.506016 0.015521 0.012158
1 0.294920 0.498484 0.014133 0.010459
0 0.249320 0.441187 0.015980 0.008127
