2 0.295772 0.612872 0.321551 0.156406
0 0.111473 0.941114 0.222947 0.117247
0 0.909215 0.834131 0.181396 0.111726
0 0.661540 0.614382 0.109930 0.043688
2 0.634826 0.498121 0.106445 0.044850
0 0.727588 0.599243 0.104440 0.039738
1 0.912184 0.731479 0.073181 0.054960
0 0.542363 0.569164 0.085790 0.035214
0 0.648834 0.562363 0.086713 0.032102
3 0.894724 0.546614 0.065220 0.038045
0 0.772622 0.548349 0.072105 0.030885
0 0.533922 0.548558 0.077342 0.025463
1 0.675802 0.739833 0.050342 0.032080
0 0.982651 0.704128 0.033828 0.037374
1 0.675062 0.654364 0.042775 0.027576
0 0.394920 0.515577 0.051809 0.022734
0 0.833413 0.521954 0.057627 0.019416
0 0.714928 0.504591 0.052804 0.015830
0 0.469603 0.523928 0.034460 0.024083
0 0.786640 0.512224 0.045625 0.017776
1 0.680125 0.655632 0.031173 0.024751
0 0.362164 0.504556 0.042052 0.017644
0 0.172390 0.493193 0.038076 0.018700
0 0.408089 0.497324 0.037465 0.017414
1 0.546822 0.607732 0.030889 0.021119
0 0.322901 0.500653 0.033855 0.015572
0 0.284917 0.483255 0.028766 0.015738
0 0.455117 0.474566 0.028850 0.014099
0 0.216026 0.471337 0.030915 0.013023
0 0.298674 0.467789 0.026549 0.014084
0 0.235038 0.465264 0.023700 0.013197
1 0.374177 0.526410 0.018436 0.016745
1 0.321613 0.517041 0.017625 0.017480
0 0.694217 0.510772 0.020343 0.015059
1 0.167877 0.526745 0.020890 0.014511
1 0.321376 0.519290 0.016373 0.013526
0 0.286693 0.458261 0.018828 0.010269
0 0.270341 0.451805 0.017868 0.009130
1 0.290020 0.511421 0.014504 0.009861
