0 0.123159 0.935961 0.245264 0.127651
2 0.370910 0.575475 0.183107 0.119245
0 0.776060 0.718664 0.176874 0.075808
0 0.892753 0.642474 0.140999 0.053048
2 0.712090 0.500859 0.134558 0.052333
0 0.945897 0.573581 0.102312 0.038601
0 0.612071 0.577495 0.089889 0.036981
0 0.648959 0.557555 0.079502 0.031266
0 0.519293 0.544189 0.073648 0.032292
1 0.781724 0.663035 0.052555 0.035528
0 0.595278 0.532220 0.070651 0.025879
0 0.352875 0.524991 0.057145 0.029381
0 0.505238 0.527839 0.067400 0.023876
1 0.162329 0.634510 0.042590 0.029655
0 0.395155 0.501713 0.053987 0.021877
1 0.580866 0.674644 0.042924 0.026807
0 0.852891 0.513890 0.058125 0.019566
1 0.610808 0.606729 0.042659 0.024470
0 0.805617 0.503663 0.045011 0.018498
0 0.370522 0.490889 0.040100 0.018736
1 0.614325 0.608258 0.033742 0.021346
0 0.580979 0.493800 0.035732 0.019893
0 0.195033 0.485209 0.030976 0.018296
0 0.410479 0.482934 0.032913 0.016219
0 0.291539 0.471145 0.031480 0.014996
1 0.513815 0.570116 0.023960 0.017303
0 0.496231 0.471515 0.033826 0.011831
3 0.261760 0.471198 0.024412 0.015952
0 0.634034 0.475931 0.029427 0.013072
0 0.510463 0.465575 0.027907 0.011853
0 0.309030 0.456349 0.025411 0.012424
1 0.322401 0.500099 0.015690 0.016327
1 0.296852 0.494210 0.014230 0.011250
