2 0.195795 0.665170 0.391266 0.196665
0 0.103413 0.943808 0.204840 0.111690
0 0.764267 0.665069 0.146823 0.054419
0 0.877056 0.659441 0.145251 0.054857
1 0.827121 0.831574 0.088614 0.062641
0 0.741593 0.598638 0.112873 0.040447
0 0.586915 0.594849 0.103591 0.041687
2 0.421172 0.588491 0.076191 0.050922
1 0.830242 0.840691 0.080902 0.044100
2 0.573515 0.492493 0.088805 0.039377
1 0.803710 0.728049 0.069776 0.047762
0 0.804610 0.563096 0.081786 0.034326
0 0.579150 0.568787 0.088755 0.027002
1 0.621364 0.659634 0.045020 0.033637
3 0.778750 0.532293 0.052369 0.026978
0 0.649091 0.526611 0.055919 0.024821
0 0.397841 0.526709 0.052779 0.024933
3 0.487058 0.544643 0.042242 0.029490
0 0.819452 0.525100 0.051822 0.018968
0 0.356111 0.512128 0.044907 0.020006
0 0.771522 0.514380 0.049225 0.017010
2 0.369522 0.492855 0.033133 0.023287
0 0.411602 0.507120 0.040263 0.018700
0 0.701087 0.507598 0.045695 0.015962
0 0.307268 0.508288 0.037526 0.018692
3 0.239567 0.482545 0.028985 0.020493
0 0.157278 0.496276 0.031898 0.018371
0 0.340717 0.500511 0.033232 0.016514
0 0.215423 0.476370 0.033501 0.016077
0 0.277914 0.489300 0.030221 0.016918
0 0.263350 0.493532 0.026039 0.017726
0 0.466425 0.484237 0.034408 0.013179
1 0.160129 0.533411 0.021826 0.016260
1 0.374142 0.544375 0.018706 0.017760
1 0.270872 0.511393 0.017777 0.016954
0 0.275854 0.463731 0.021475 0.011391
1 0.332736 0.535483 0.017185 0.013394
1 0.295141 0.521611 0.016529 0.011409
