2 0.140823 0.687049 0.280892 0.173113
3 0.111915 0.944646 0.222557 0.110050
2 0.111929 0.944781 0.222874 0.109635
0 0.936778 0.747530 0.126443 0.076567
0 0.910981 0.648298 0.156121 0.053746
3 0.527505 0.633733 0.106225 0.065611
0 0.699500 0.632263 0.134069 0.051566
1 0.814754 0.750747 0.078318 0.053252
0 0.671742 0.594780 0.107468 0.034554
3 0.565881 0.620965 0.071327 0.048011
2 0.548792 0.486718 0.076791 0.036640
0 0.553782 0.571814 0.056677 0.035998
1 0.762255 0.691682 0.054218 0.036582
0 0.432438 0.538399 0.058943 0.028052
0 0.690577 0.534376 0.060888 0.024687
2 0.977346 0.575229 0.045026 0.030586
0 0.830787 0.526020 0.057962 0.019337
0 0.380762 0.520449 0.049887 0.022371
0 0.446761 0.516452 0.045560 0.021251
0 0.591890 0.511837 0.043879 0.021741
3 0.404518 0.501311 0.036432 0.025901
0 0.783584 0.516252 0.044328 0.018435
0 0.364514 0.508411 0.038289 0.017482
0 0.300360 0.494922 0.033531 0.018326
3 0.255536 0.490388 0.029199 0.020729
0 0.172930 0.498583 0.031585 0.018452
3 0.292206 0.502668 0.028242 0.019322
0 0.450222 0.480307 0.036170 0.014417
1 0.184999 0.537628 0.022980 0.018565
1 0.402595 0.564077 0.021342 0.018697
1 0.509020 0.558236 0.022038 0.016837
0 0.304654 0.481764 0.027233 0.013269
1 0.377953 0.551978 0.018365 0.015367
0 0.295243 0.469290 0.022712 0.010885
1 0.331015 0.531347 0.017215 0.011974
