0 0.124123 0.935092 0.247196 0.129396
2 0.377383 0.567265 0.161805 0.115439
0 0.747181 0.699371 0.163055 0.070416
2 0.724872 0.501805 0.140546 0.052333
0 0.862776 0.630221 0.132879 0.050001
0 0.601734 0.570860 0.085596 0.034694
0 0.513821 0.540199 0.075200 0.031369
0 0.634337 0.550428 0.076975 0.029594
0 0.970835 0.579216 0.058330 0.036215
1 0.758916 0.647939 0.048784 0.035910
0 0.583991 0.526716 0.068533 0.025204
2 0.348769 0.521427 0.055932 0.029875
0 0.498315 0.524050 0.064830 0.023284
1 0.190403 0.621936 0.040098 0.028853
0 0.855473 0.512422 0.058086 0.019495
1 0.559929 0.662644 0.042060 0.025782
0 0.399539 0.498859 0.043305 0.021041
0 0.589084 0.494308 0.044626 0.018683
0 0.193992 0.483768 0.037729 0.019333
0 0.812122 0.502544 0.039961 0.018097
0 0.371434 0.487552 0.038566 0.018551
1 0.604033 0.599375 0.032219 0.020381
0 0.346447 0.481769 0.034241 0.016994
0 0.409313 0.479967 0.031979 0.016078
0 0.290790 0.468842 0.031445 0.014905
0 0.637163 0.474735 0.029999 0.013292
0 0.343223 0.484230 0.027781 0.013906
1 0.505423 0.563666 0.022853 0.016164
3 0.260855 0.468682 0.024290 0.015180
0 0.468789 0.463719 0.028992 0.011786
0 0.504039 0.471009 0.032374 0.010506
0 0.517752 0.465453 0.027571 0.011955
1 0.321993 0.499135 0.015463 0.012185
