2 0.322649 0.603320 0.277556 0.146157
0 0.116037 0.939911 0.230547 0.119725
0 0.888474 0.798947 0.222902 0.099298
2 0.654365 0.498788 0.111944 0.047171
0 0.961209 0.691332 0.077212 0.061009
0 0.646172 0.603524 0.101560 0.043087
0 0.703876 0.587489 0.096553 0.037147
1 0.872049 0.709796 0.066657 0.051199
0 0.535460 0.562771 0.085201 0.033428
3 0.930673 0.549986 0.069446 0.039645
1 0.032616 0.676716 0.063624 0.041420
0 0.811330 0.554043 0.079376 0.032570
0 0.633426 0.553856 0.080863 0.030778
0 0.525548 0.542892 0.074705 0.023318
1 0.648340 0.720704 0.051720 0.031241
0 0.839978 0.520283 0.057565 0.019871
1 0.657604 0.638584 0.039008 0.028348
0 0.396632 0.511772 0.048359 0.022219
0 0.792841 0.510088 0.046347 0.018408
0 0.365694 0.501444 0.041080 0.018129
1 0.538105 0.596484 0.029529 0.021432
0 0.409300 0.493674 0.036335 0.017291
0 0.181113 0.491384 0.031573 0.018378
0 0.328911 0.496845 0.032348 0.015135
0 0.287391 0.480358 0.029481 0.015659
0 0.349759 0.487520 0.031762 0.013267
0 0.218225 0.468629 0.030471 0.012261
0 0.301960 0.463401 0.025408 0.014275
0 0.468252 0.474349 0.025430 0.013651
0 0.405808 0.455004 0.024221 0.011577
1 0.322032 0.513802 0.015954 0.015468
1 0.291698 0.506431 0.016236 0.011269
