2 0.179875 0.673229 0.358702 0.192574
0 0.105955 0.944012 0.210005 0.111252
0 0.830893 0.691199 0.167261 0.061895
1 0.936782 0.888036 0.111130 0.079089
0 0.939340 0.688572 0.121028 0.062634
0 0.796654 0.614824 0.126264 0.044691
0 0.620326 0.605972 0.111981 0.044827
1 0.892644 0.770340 0.083334 0.059459
2 0.452743 0.603253 0.086533 0.056181
2 0.560806 0.488991 0.082149 0.037577
0 0.609440 0.576593 0.093640 0.027853
1 0.678216 0.686085 0.056819 0.042990
3 0.504072 0.597703 0.053396 0.042115
0 0.751125 0.550232 0.072276 0.031051
0 0.506779 0.553320 0.045967 0.032180
0 0.407266 0.530255 0.056036 0.026126
1 0.652497 0.649467 0.046060 0.030774
3 0.750559 0.523710 0.049237 0.027200
0 0.621887 0.519844 0.050659 0.023609
0 0.819588 0.524976 0.057467 0.019619
0 0.362926 0.514459 0.045274 0.020911
0 0.422066 0.509882 0.042166 0.020023
0 0.773808 0.515142 0.043158 0.018488
0 0.703466 0.507380 0.048750 0.015884
0 0.311095 0.511183 0.038347 0.020152
0 0.157897 0.496468 0.038092 0.018826
3 0.242988 0.484788 0.029837 0.020636
0 0.282900 0.490975 0.034231 0.017809
0 0.345934 0.503075 0.035497 0.017121
3 0.272288 0.496245 0.027959 0.018005
0 0.221502 0.478595 0.029484 0.015885
1 0.166493 0.534179 0.022611 0.018244
0 0.458834 0.481679 0.031677 0.012961
0 0.192850 0.466111 0.028207 0.012848
1 0.383160 0.551402 0.019673 0.017575
0 0.291885 0.478220 0.025358 0.013063
1 0.475227 0.545723 0.018972 0.014864
1 0.347419 0.541640 0.017578 0.013181
0 0.280808 0.465917 0.021736 0.010489
1 0.306143 0.523977 0.016608 0.013268
1 0.278806 0.518404 0.017273 0.010990
