2 0.208007 0.650205 0.414742 0.182699
0 0.104150 0.943687 0.206324 0.111865
0 0.727074 0.649843 0.133878 0.051750
0 0.825553 0.640667 0.131221 0.049269
1 0.769622 0.799226 0.075059 0.056327
0 0.709097 0.588256 0.104117 0.037704
2 0.583964 0.494319 0.095583 0.040605
0 0.569210 0.587745 0.097818 0.039526
0 0.855442 0.573282 0.092235 0.036137
1 0.771781 0.807248 0.071277 0.040244
1 0.755130 0.701671 0.061369 0.044573
0 0.561449 0.563529 0.085462 0.026530
3 0.805425 0.534896 0.054479 0.033816
0 0.676195 0.532682 0.058973 0.026272
1 0.592440 0.643249 0.039226 0.029270
0 0.396244 0.523450 0.046001 0.024606
0 0.478159 0.538798 0.039589 0.027688
0 0.821242 0.524792 0.053260 0.019731
0 0.772154 0.515210 0.046119 0.018670
0 0.356096 0.510522 0.042581 0.019189
0 0.407122 0.505220 0.040606 0.018961
0 0.703176 0.507493 0.046717 0.016012
3 0.365147 0.491538 0.033665 0.022141
2 0.365115 0.491549 0.032763 0.022125
0 0.307854 0.506067 0.039091 0.018418
0 0.156841 0.495808 0.036576 0.019046
3 0.241290 0.480365 0.027693 0.019419
0 0.478096 0.487253 0.034245 0.014889
0 0.277274 0.488483 0.030228 0.016340
0 0.213601 0.475197 0.030892 0.015973
0 0.339437 0.498694 0.032690 0.014987
0 0.259780 0.492060 0.027485 0.016920
0 0.641637 0.505277 0.026642 0.016525
1 0.371278 0.540639 0.019717 0.017094
0 0.445810 0.469338 0.021662 0.009862
1 0.326229 0.532076 0.017426 0.012043
1 0.269224 0.512218 0.016987 0.011167
0 0.428291 0.473046 0.019908 0.009445
1 0.289608 0.518997 0.015520 0.011317
