2 0.143469 0.686367 0.286377 0.173983
0 0.111157 0.944502 0.222314 0.110360
0 0.932871 0.743849 0.134257 0.075842
0 0.904187 0.646249 0.154421 0.052722
0 0.694218 0.630369 0.131577 0.051334
3 0.522026 0.631717 0.103732 0.064975
1 0.805245 0.742181 0.078190 0.061585
0 0.664180 0.593471 0.114085 0.034494
3 0.563625 0.619007 0.073030 0.047790
2 0.549935 0.486787 0.076479 0.036679
1 0.754786 0.689273 0.054264 0.038278
3 0.550821 0.570765 0.055505 0.035454
0 0.694055 0.535708 0.060825 0.026897
0 0.430338 0.537804 0.058362 0.027703
3 0.716756 0.516592 0.051590 0.030492
2 0.979884 0.576322 0.040233 0.030191
0 0.379595 0.519810 0.049879 0.022492
0 0.830297 0.525931 0.057962 0.019244
0 0.444998 0.516191 0.044469 0.021006
0 0.593206 0.511546 0.043817 0.021237
3 0.402649 0.501291 0.036032 0.025457
0 0.783298 0.515950 0.044889 0.018281
0 0.170653 0.497959 0.035502 0.019595
0 0.362844 0.508078 0.037935 0.017812
3 0.254570 0.490075 0.030343 0.020679
0 0.299084 0.494736 0.034734 0.017931
0 0.449593 0.480451 0.038057 0.014345
0 0.304663 0.482367 0.029041 0.013924
1 0.401261 0.563375 0.021147 0.018830
1 0.183670 0.537755 0.022441 0.017422
1 0.506679 0.557670 0.021694 0.016813
0 0.294601 0.469065 0.023926 0.011595
1 0.376221 0.551642 0.017700 0.014765
1 0.329051 0.531240 0.017250 0.011366
