2 0.168204 0.676902 0.335638 0.187031
3 0.108233 0.944115 0.214521 0.110989
0 0.880159 0.709503 0.183782 0.065862
0 0.836003 0.625983 0.136054 0.047877
1 0.953038 0.801968 0.093699 0.068444
3 0.478175 0.613561 0.094654 0.059193
0 0.646767 0.614383 0.119953 0.046626
0 0.965131 0.703020 0.069161 0.056079
0 0.631232 0.582382 0.099553 0.028692
1 0.722742 0.707711 0.063185 0.044663
3 0.523848 0.605673 0.060439 0.044938
1 0.979509 0.913824 0.040271 0.063442
0 0.726389 0.543909 0.067585 0.029511
2 0.566627 0.489032 0.057466 0.034202
0 0.522386 0.559538 0.049530 0.033516
2 0.522369 0.559668 0.049423 0.033046
1 0.691354 0.663733 0.047084 0.033394
0 0.416533 0.533253 0.055280 0.026767
0 0.823580 0.525291 0.058624 0.019355
0 0.608366 0.515986 0.048427 0.022049
0 0.368865 0.515963 0.046752 0.021572
2 0.387923 0.497540 0.036013 0.025300
0 0.430359 0.512681 0.043514 0.020200
0 0.777069 0.514947 0.045110 0.018640
0 0.161699 0.496951 0.038334 0.018801
3 0.247070 0.486318 0.028621 0.022085
0 0.287086 0.491887 0.037154 0.016960
0 0.351767 0.504550 0.035464 0.017622
0 0.702178 0.507447 0.035906 0.015494
0 0.279436 0.498651 0.027316 0.018989
1 0.172231 0.535180 0.023227 0.019444
0 0.198341 0.466365 0.028525 0.014806
0 0.455867 0.480844 0.031652 0.013290
1 0.389760 0.554609 0.020455 0.019401
1 0.485742 0.550367 0.018966 0.015101
0 0.286073 0.466833 0.022918 0.010987
1 0.315034 0.527114 0.018008 0.012278
1 0.358305 0.545472 0.017267 0.012783
1 0.286084 0.519814 0.016725 0.012874
0 0.223930 0.455150 0.017943 0.008204
