2 0.219099 0.638770 0.423167 0.169875
0 0.105207 0.943086 0.208279 0.113048
0 0.704006 0.637151 0.126051 0.050784
0 0.792008 0.627966 0.122674 0.045846
0 0.414651 0.569329 0.113583 0.041448
2 0.597285 0.495278 0.098055 0.041336
0 0.972128 0.890502 0.055744 0.070487
0 0.899887 0.582133 0.098808 0.038338
0 0.559364 0.581867 0.095565 0.038779
1 0.736128 0.778008 0.069325 0.052268
0 0.688494 0.580596 0.098426 0.035846
3 0.824955 0.535515 0.064612 0.040442
1 0.737633 0.784994 0.066341 0.038050
1 0.726320 0.685277 0.053983 0.041275
0 0.549971 0.559166 0.085082 0.025756
0 0.699795 0.536789 0.062110 0.027872
0 0.393621 0.521957 0.049498 0.023349
0 0.472873 0.534830 0.039736 0.026260
1 0.575307 0.631635 0.037103 0.027859
0 0.356419 0.509298 0.044227 0.019463
0 0.774678 0.514885 0.046167 0.018201
1 0.990217 0.776259 0.019362 0.042035
2 0.364120 0.489468 0.032565 0.023019
0 0.406189 0.503072 0.040320 0.018586
0 0.707665 0.507397 0.043385 0.015726
0 0.161606 0.495682 0.035770 0.018690
0 0.311794 0.504431 0.034896 0.017429
3 0.246201 0.479114 0.029897 0.018986
0 0.488707 0.488389 0.034629 0.015410
0 0.212306 0.474620 0.031738 0.014277
0 0.279526 0.487468 0.027181 0.015652
1 0.371387 0.535347 0.019643 0.019205
0 0.290949 0.472044 0.026321 0.013152
0 0.653958 0.508729 0.023810 0.013679
1 0.322654 0.526533 0.017662 0.017177
1 0.371078 0.538105 0.018807 0.014726
0 0.187710 0.464075 0.024829 0.010854
1 0.161420 0.531728 0.018967 0.013981
1 0.323374 0.530033 0.015997 0.010822
1 0.288009 0.517641 0.015487 0.010267
