2 0.151992 0.682142 0.303984 0.175290
0 0.109900 0.944418 0.219800 0.110576
0 0.920355 0.732435 0.159044 0.073423
0 0.882898 0.639475 0.149109 0.051180
3 0.507303 0.626099 0.101551 0.062846
0 0.678794 0.624978 0.127717 0.049863
1 0.778797 0.730341 0.073188 0.056904
0 0.655635 0.589918 0.104801 0.032620
3 0.549482 0.614593 0.065925 0.046898
2 0.551814 0.486530 0.078005 0.036179
3 0.541797 0.566796 0.055286 0.034907
1 0.735057 0.680849 0.050713 0.034719
0 0.703905 0.538030 0.062475 0.027598
0 0.426862 0.536207 0.057936 0.026708
3 0.725111 0.518995 0.045485 0.027163
0 0.828109 0.525541 0.056992 0.019424
0 0.597562 0.513148 0.045762 0.023090
0 0.376515 0.518843 0.046866 0.021562
3 0.397476 0.499839 0.036915 0.025445
2 0.397755 0.499831 0.036914 0.025382
0 0.440776 0.515375 0.044816 0.020558
0 0.781290 0.515626 0.046054 0.018562
3 0.988106 0.578575 0.023787 0.029902
0 0.316831 0.514702 0.037067 0.018144
0 0.360287 0.507231 0.036782 0.017938
0 0.295958 0.494162 0.035175 0.018231
0 0.449402 0.480205 0.041838 0.014450
0 0.169891 0.498077 0.031304 0.018013
3 0.252279 0.490906 0.029146 0.016979
0 0.706559 0.507008 0.035768 0.013594
1 0.180763 0.536170 0.023442 0.019123
1 0.500652 0.553789 0.022732 0.019369
3 0.231233 0.481621 0.021420 0.016924
1 0.398099 0.561195 0.019934 0.017936
0 0.301907 0.480550 0.025432 0.012522
0 0.292338 0.468012 0.023450 0.011370
1 0.369822 0.550426 0.018626 0.012677
1 0.325539 0.529140 0.017609 0.013103
1 0.294516 0.523256 0.017331 0.012049
0 0.271506 0.461505 0.019365 0.009136
