2 0.197287 0.663698 0.394574 0.195937
0 0.103378 0.943876 0.204693 0.111586
0 0.759266 0.663209 0.144749 0.054679
0 0.870115 0.656914 0.144162 0.053727
1 0.818992 0.827122 0.086045 0.061844
0 0.737546 0.596855 0.111975 0.040660
0 0.584698 0.593936 0.103883 0.042523
2 0.418002 0.586939 0.074470 0.050372
2 0.574717 0.493126 0.088957 0.040717
1 0.797433 0.723709 0.067484 0.048902
0 0.810961 0.564245 0.082040 0.035400
0 0.576518 0.567868 0.088499 0.026729
2 0.472142 0.585010 0.046856 0.039181
3 0.781919 0.531616 0.051790 0.029623
1 0.616968 0.656985 0.044750 0.032822
0 0.652412 0.527653 0.057490 0.025051
0 0.399266 0.525886 0.052864 0.024129
2 0.484665 0.543856 0.041888 0.029440
3 0.484901 0.543822 0.041707 0.029395
0 0.820679 0.525117 0.050071 0.019176
0 0.355600 0.512204 0.044460 0.020134
0 0.771340 0.514089 0.048640 0.016400
2 0.368906 0.492769 0.033363 0.022789
0 0.411480 0.506953 0.039993 0.018892
0 0.307007 0.507806 0.037961 0.019486
0 0.700971 0.507537 0.045899 0.015836
1 0.598740 0.627454 0.031576 0.020216
0 0.157057 0.496188 0.032428 0.018409
3 0.239319 0.482205 0.027051 0.020813
0 0.340069 0.499995 0.033118 0.016259
0 0.277149 0.488912 0.030897 0.016542
0 0.468230 0.484691 0.034558 0.014099
0 0.214364 0.476989 0.031546 0.015051
0 0.262877 0.493194 0.026133 0.017769
0 0.289183 0.475403 0.028519 0.014966
0 0.629041 0.504148 0.025858 0.013924
1 0.159795 0.533381 0.021806 0.016304
0 0.343999 0.486238 0.026936 0.012346
0 0.322801 0.474644 0.027801 0.011642
1 0.373419 0.544716 0.018957 0.015887
1 0.270658 0.511548 0.018096 0.016289
0 0.275734 0.463476 0.021326 0.011136
1 0.331504 0.535583 0.016947 0.012268
1 0.294052 0.520905 0.016760 0.011802
0 0.256589 0.457103 0.016053 0.009060
