0 0.123240 0.935855 0.245406 0.127870
2 0.373006 0.573545 0.180876 0.119552
0 0.770848 0.715187 0.174268 0.074825
0 0.887677 0.639851 0.139590 0.052850
2 0.713859 0.501421 0.134096 0.052664
0 0.952434 0.575122 0.094687 0.039184
0 0.610303 0.576379 0.089810 0.036454
0 0.646367 0.556145 0.079447 0.030332
0 0.517854 0.543891 0.075038 0.032018
1 0.777636 0.658598 0.052072 0.039082
0 0.593893 0.531454 0.071325 0.026124
0 0.351297 0.524367 0.055128 0.029563
0 0.504246 0.527132 0.065808 0.023055
1 0.608677 0.601812 0.044438 0.034101
1 0.167913 0.632550 0.042661 0.029232
1 0.576806 0.671889 0.043097 0.027617
0 0.395641 0.501251 0.052823 0.022052
0 0.853272 0.513526 0.058447 0.019648
0 0.806453 0.503441 0.045886 0.018458
0 0.371009 0.490216 0.040633 0.019415
0 0.581908 0.493575 0.036894 0.019316
0 0.468573 0.502129 0.032230 0.021496
0 0.192609 0.485005 0.037270 0.018518
0 0.410137 0.482404 0.033681 0.016366
0 0.291556 0.470902 0.031068 0.014953
0 0.341946 0.485204 0.030794 0.014612
3 0.261778 0.470867 0.024899 0.015817
0 0.634456 0.475507 0.028907 0.013396
0 0.497423 0.471555 0.032388 0.011900
1 0.512187 0.569534 0.023000 0.016593
0 0.221014 0.458871 0.028380 0.012699
0 0.512118 0.465547 0.027758 0.012545
0 0.308983 0.456120 0.025080 0.012531
1 0.322129 0.499376 0.015317 0.016396
1 0.296843 0.494007 0.014250 0.010735
