2 0.336660 0.595941 0.257285 0.142410
0 0.118210 0.939148 0.234799 0.121273
2 0.118014 0.939164 0.234711 0.121083
0 0.868076 0.780985 0.223101 0.093466
0 0.949955 0.682056 0.099691 0.061600
2 0.664704 0.498781 0.115507 0.048615
0 0.638891 0.597756 0.099934 0.040191
0 0.692201 0.580777 0.093151 0.036287
1 0.850973 0.699209 0.062723 0.048018
0 0.836126 0.557709 0.082817 0.034774
0 0.532817 0.559168 0.083187 0.034255
3 0.951496 0.551909 0.070932 0.040055
1 0.062952 0.667999 0.061451 0.038569
0 0.625770 0.549285 0.079132 0.029819
1 0.632683 0.708013 0.054810 0.035854
0 0.521778 0.539088 0.071708 0.022813
0 0.843281 0.518727 0.057751 0.019517
0 0.398071 0.509543 0.047212 0.022905
1 0.648967 0.631587 0.038682 0.026737
0 0.795778 0.508708 0.046009 0.018253
0 0.367622 0.498817 0.040481 0.019046
0 0.470070 0.516202 0.032557 0.021669
0 0.183372 0.490156 0.034736 0.018890
2 0.367921 0.477523 0.028609 0.022605
0 0.410029 0.491604 0.035710 0.017247
3 0.368050 0.478374 0.028272 0.021236
1 0.534387 0.590542 0.028270 0.021132
0 0.331581 0.494264 0.033638 0.015967
0 0.288743 0.478052 0.030108 0.015855
0 0.261367 0.479440 0.025600 0.016198
0 0.473100 0.474262 0.030351 0.013158
0 0.218815 0.466794 0.030360 0.012380
0 0.303524 0.462190 0.024705 0.014064
1 0.322271 0.510643 0.016468 0.016243
0 0.726466 0.513614 0.017602 0.012153
1 0.291813 0.503923 0.016315 0.011609
1 0.322015 0.512705 0.015431 0.012209
