0 0.124004 0.934613 0.247053 0.130358
2 0.383996 0.556541 0.127602 0.104000
0 0.693667 0.666843 0.142320 0.062289
2 0.758691 0.506233 0.150072 0.054920
0 0.806451 0.609029 0.117975 0.045081
0 0.046643 0.712739 0.092736 0.052565
0 0.974242 0.757387 0.051270 0.058947
0 0.582154 0.560436 0.079562 0.031907
0 0.500969 0.533551 0.066837 0.031409
0 0.605202 0.538605 0.068850 0.027327
0 0.561533 0.518688 0.062883 0.023996
2 0.336444 0.514749 0.045451 0.031739
0 0.482732 0.518793 0.059760 0.021250
1 0.520489 0.639376 0.039942 0.031534
1 0.717077 0.629325 0.042233 0.027128
0 0.858819 0.510900 0.054296 0.019430
0 0.986954 0.700485 0.025128 0.041185
0 0.615406 0.499011 0.049621 0.020679
1 0.228372 0.604156 0.032483 0.027054
0 0.395213 0.495287 0.042385 0.020559
1 0.523113 0.642338 0.034193 0.025430
0 0.347427 0.477172 0.033972 0.020958
0 0.196461 0.482874 0.035851 0.018427
0 0.367901 0.484395 0.037118 0.017378
1 0.582108 0.584357 0.025126 0.019835
0 0.404048 0.476565 0.031022 0.015363
0 0.638409 0.474370 0.032061 0.014789
1 0.484990 0.551114 0.025329 0.018677
0 0.286531 0.465963 0.032344 0.014049
0 0.517491 0.473613 0.034200 0.012722
0 0.527868 0.466163 0.030854 0.013803
3 0.256148 0.465788 0.022922 0.015016
1 0.454457 0.543099 0.019964 0.015764
0 0.481334 0.465382 0.024751 0.012657
0 0.215702 0.455396 0.024263 0.011058
1 0.317924 0.494272 0.014577 0.013107
