0 0.124244 0.934731 0.247452 0.130119
2 0.384573 0.554657 0.122993 0.102062
2 0.763389 0.508154 0.152645 0.056719
0 0.685560 0.662661 0.139968 0.060336
0 0.057386 0.708970 0.114225 0.060092
0 0.797649 0.606509 0.115108 0.043983
0 0.964343 0.754797 0.070769 0.068266
0 0.578396 0.559448 0.078599 0.032480
0 0.500133 0.533431 0.062890 0.030510
0 0.600096 0.537293 0.067149 0.027785
0 0.979413 0.693581 0.040683 0.044341
0 0.557500 0.517579 0.062330 0.023446
2 0.334901 0.514198 0.045851 0.031833
0 0.478842 0.518329 0.062275 0.021969
1 0.710188 0.625600 0.041994 0.027930
1 0.515106 0.638600 0.040500 0.027647
0 0.617912 0.500090 0.050552 0.020192
0 0.861560 0.511059 0.048821 0.018948
0 0.393809 0.494884 0.043257 0.020048
1 0.232291 0.602169 0.030450 0.026025
1 0.518912 0.640023 0.031672 0.024288
0 0.196278 0.483306 0.035707 0.018801
0 0.367344 0.484054 0.037619 0.017219
1 0.576965 0.582697 0.028258 0.019490
0 0.346986 0.479368 0.033296 0.016200
0 0.402913 0.476333 0.031469 0.014916
0 0.285706 0.465940 0.032889 0.014066
0 0.519677 0.474271 0.033807 0.012687
1 0.482605 0.549929 0.022919 0.018560
0 0.638089 0.474039 0.030550 0.013569
0 0.529754 0.466970 0.029687 0.012429
3 0.255242 0.465599 0.023618 0.014899
0 0.482248 0.466017 0.026598 0.013159
0 0.215519 0.455730 0.024107 0.010552
1 0.316861 0.492661 0.014511 0.015658
