2 0.329553 0.600521 0.267976 0.142026
0 0.117111 0.939526 0.232719 0.120509
0 0.882558 0.789419 0.231722 0.096687
0 0.955482 0.687773 0.088784 0.063096
2 0.659677 0.498626 0.112082 0.048097
0 0.641860 0.600501 0.100135 0.040696
0 0.698246 0.583934 0.093658 0.036360
1 0.862301 0.704119 0.064289 0.050123
0 0.824414 0.555948 0.081113 0.033934
3 0.941137 0.551167 0.069061 0.039765
0 0.535935 0.560600 0.079041 0.033915
1 0.047970 0.672082 0.063257 0.040416
0 0.629327 0.551525 0.081544 0.030370
1 0.637680 0.712047 0.059491 0.037373
0 0.524145 0.540853 0.073215 0.023606
1 0.644694 0.715329 0.044887 0.030750
0 0.841646 0.519564 0.059365 0.019835
1 0.654191 0.633950 0.038794 0.030116
0 0.396964 0.510797 0.049002 0.022803
0 0.794203 0.509423 0.045469 0.018345
1 0.655221 0.637042 0.032986 0.024363
0 0.366752 0.500211 0.042134 0.018261
0 0.469804 0.517612 0.033064 0.021137
0 0.180507 0.490745 0.036761 0.018433
2 0.367652 0.479191 0.028803 0.021653
0 0.409883 0.492652 0.036143 0.016943
1 0.535514 0.594484 0.028517 0.020063
0 0.352340 0.490350 0.030264 0.018508
0 0.330028 0.494988 0.031608 0.015590
3 0.261705 0.479661 0.027286 0.017745
0 0.287922 0.478911 0.029930 0.015760
0 0.351838 0.487561 0.030433 0.015167
0 0.470057 0.474303 0.028397 0.013794
0 0.302768 0.463008 0.025402 0.014358
0 0.218682 0.467900 0.029948 0.011761
1 0.321893 0.513224 0.015615 0.013694
1 0.291691 0.505579 0.015025 0.010727
