2 0.199124 0.661810 0.398248 0.194437
0 0.103487 0.943837 0.204900 0.111663
0 0.754088 0.661105 0.142900 0.054343
0 0.863092 0.654590 0.141501 0.053348
1 0.811540 0.821312 0.083373 0.063101
0 0.732806 0.595542 0.110789 0.040170
0 0.582056 0.592784 0.101516 0.042015
2 0.415349 0.585704 0.074029 0.050419
2 0.575343 0.493114 0.089329 0.040510
1 0.787571 0.720906 0.064804 0.046995
0 0.816831 0.565638 0.084639 0.034494
0 0.574014 0.566794 0.087610 0.026247
3 0.785164 0.532143 0.053422 0.029698
0 0.655165 0.527972 0.056348 0.024971
1 0.613179 0.654580 0.042362 0.032808
0 0.398941 0.525613 0.050197 0.024062
0 0.484023 0.542959 0.041275 0.028625
0 0.820234 0.525007 0.051082 0.019012
0 0.355627 0.512010 0.044552 0.020100
0 0.771202 0.514362 0.048280 0.016820
0 0.410867 0.506815 0.039716 0.019079
2 0.368592 0.492704 0.033177 0.022410
0 0.701112 0.507570 0.046554 0.015951
0 0.307176 0.507353 0.037395 0.019038
1 0.595419 0.625020 0.033275 0.021212
0 0.157264 0.496103 0.032161 0.018507
3 0.239418 0.481681 0.026979 0.020853
0 0.339864 0.499773 0.032014 0.016889
0 0.277220 0.488833 0.030987 0.016546
0 0.214085 0.475902 0.031044 0.016279
0 0.262374 0.493005 0.026220 0.017942
0 0.469387 0.484854 0.033418 0.013492
0 0.288810 0.475426 0.028044 0.014334
0 0.630942 0.504323 0.026085 0.014620
1 0.159544 0.533417 0.021673 0.015974
0 0.322846 0.474608 0.027374 0.011548
0 0.186386 0.465477 0.027065 0.011637
1 0.270313 0.511647 0.018268 0.015858
1 0.373325 0.544487 0.018738 0.015423
1 0.330476 0.533967 0.017157 0.014962
0 0.275683 0.463249 0.021383 0.011340
1 0.293053 0.520424 0.016418 0.011940
0 0.256438 0.457043 0.016172 0.009055
