2 0.124846 0.935418 0.248558 0.128765
0 0.124896 0.935424 0.248645 0.128718
0 0.085581 0.703034 0.170557 0.073777
2 0.384867 0.551355 0.110985 0.097175
0 0.942852 0.749732 0.113942 0.094606
2 0.780060 0.511551 0.160139 0.057647
0 0.660717 0.650600 0.132201 0.057203
0 0.771663 0.598778 0.110116 0.042542
0 0.958233 0.678477 0.083533 0.048500
0 0.568613 0.556495 0.075928 0.032728
0 0.489660 0.532949 0.066797 0.029718
0 0.585582 0.533695 0.063673 0.025875
0 0.471448 0.517967 0.058999 0.023133
0 0.545455 0.514738 0.060287 0.022509
2 0.328636 0.512438 0.043029 0.031318
1 0.688992 0.617379 0.040131 0.030291
1 0.563921 0.573111 0.030644 0.029720
0 0.392134 0.494152 0.037405 0.018999
1 0.500736 0.633473 0.030179 0.023109
1 0.242445 0.596368 0.028505 0.024156
0 0.344680 0.476928 0.030516 0.020757
0 0.195654 0.483687 0.034014 0.017568
0 0.457955 0.492144 0.028081 0.019658
0 0.523431 0.477302 0.037858 0.013779
0 0.871563 0.512725 0.026960 0.017982
0 0.399107 0.475736 0.029485 0.014910
1 0.472217 0.545642 0.021621 0.019959
0 0.636778 0.474629 0.031251 0.013681
0 0.282744 0.466155 0.030065 0.014009
0 0.485041 0.468232 0.029867 0.012352
0 0.533568 0.468815 0.026672 0.012031
0 0.211691 0.455670 0.020796 0.010999
1 0.313623 0.488915 0.014819 0.015239
0 0.230295 0.452049 0.020297 0.008468
