2 0.110827 0.695977 0.220932 0.165489
2 0.114857 0.945272 0.228492 0.108677
3 0.567534 0.651421 0.117757 0.070552
0 0.745788 0.648398 0.146233 0.055981
0 0.943461 0.667638 0.112681 0.058359
1 0.896200 0.785560 0.092923 0.069694
0 0.704506 0.606224 0.114067 0.041298
3 0.597077 0.633901 0.079122 0.051601
3 0.683083 0.510351 0.089504 0.037234
2 0.543712 0.486391 0.075259 0.036579
0 0.974136 0.765395 0.050945 0.049011
1 0.820276 0.716039 0.059555 0.041436
3 0.579810 0.581570 0.058039 0.038316
3 0.943555 0.568543 0.059479 0.032005
0 0.444984 0.542706 0.060887 0.028102
0 0.669389 0.529021 0.057007 0.022476
0 0.389528 0.523348 0.050891 0.022963
0 0.837019 0.526941 0.057487 0.019453
0 0.458324 0.520421 0.046376 0.021684
3 0.414740 0.504959 0.037806 0.026384
0 0.580275 0.508627 0.042046 0.020779
0 0.788970 0.517150 0.046366 0.018244
0 0.307158 0.497336 0.036199 0.019429
0 0.372399 0.511324 0.038197 0.017730
3 0.262130 0.493302 0.029540 0.020602
0 0.176624 0.499443 0.032488 0.018579
3 0.299738 0.505065 0.027710 0.020472
0 0.594889 0.495633 0.034403 0.015142
0 0.328336 0.518902 0.030735 0.015557
0 0.216175 0.469531 0.029004 0.015732
1 0.528370 0.564865 0.023001 0.019437
1 0.410453 0.570730 0.021237 0.020460
0 0.617501 0.489685 0.031180 0.013271
1 0.194869 0.539606 0.021958 0.018710
0 0.328388 0.516632 0.029135 0.012862
0 0.310165 0.484118 0.027846 0.012600
1 0.392052 0.557936 0.021306 0.015508
0 0.454010 0.479415 0.023494 0.013094
0 0.301057 0.471507 0.023794 0.011896
1 0.311155 0.527300 0.018014 0.014684
1 0.341908 0.533360 0.016910 0.015612
0 0.233735 0.458799 0.020823 0.009106
1 0.341889 0.535775 0.016062 0.011600
