0 0.121962 0.936963 0.242649 0.125612
2 0.364260 0.581254 0.205686 0.125588
0 0.802135 0.736847 0.188882 0.080882
0 0.919451 0.653559 0.148565 0.056097
2 0.696384 0.500000 0.130727 0.049577
0 0.909780 0.567931 0.095801 0.037355
0 0.619504 0.583157 0.092057 0.037414
0 0.662281 0.564237 0.082447 0.032324
0 0.522833 0.549015 0.077322 0.031698
1 0.801178 0.673067 0.054041 0.039689
0 0.604468 0.537301 0.073270 0.027044
1 0.594113 0.680037 0.049750 0.036871
1 0.136819 0.643484 0.047181 0.033525
0 0.509726 0.530888 0.067342 0.022234
0 0.353785 0.527005 0.053109 0.025543
0 0.395808 0.503939 0.052665 0.022596
0 0.850704 0.515075 0.058281 0.019756
3 0.986696 0.555430 0.026413 0.037146
0 0.803081 0.505537 0.046389 0.017900
1 0.625116 0.613684 0.035835 0.023029
2 0.368817 0.468144 0.027228 0.027670
0 0.370182 0.493224 0.039630 0.018245
0 0.571095 0.493534 0.031612 0.018330
3 0.410408 0.485254 0.034200 0.016828
0 0.192634 0.486991 0.029880 0.017318
0 0.290539 0.473066 0.031951 0.015592
1 0.519796 0.576036 0.025376 0.018628
0 0.338034 0.488545 0.028635 0.014632
0 0.631220 0.477506 0.031059 0.012936
0 0.261674 0.473929 0.024206 0.015525
0 0.489081 0.472288 0.032240 0.011619
0 0.221354 0.461782 0.028789 0.012500
0 0.503510 0.466607 0.029202 0.011655
1 0.322772 0.501936 0.016385 0.016529
1 0.295422 0.496928 0.014475 0.012618
1 0.322934 0.506526 0.015400 0.010241
