2 0.126840 0.690983 0.252370 0.169850
3 0.548769 0.641982 0.116805 0.068701
0 0.930210 0.657662 0.139580 0.055215
0 0.721893 0.639864 0.139101 0.053278
0 0.954557 0.757292 0.090246 0.066088
1 0.853542 0.765549 0.086298 0.065155
0 0.687833 0.600787 0.110526 0.038195
3 0.580169 0.627292 0.074530 0.049303
2 0.545910 0.486702 0.075385 0.036296
1 0.789817 0.702559 0.057527 0.040199
2 0.965455 0.572826 0.063753 0.032965
0 0.566704 0.576680 0.056373 0.037057
0 0.438521 0.540699 0.060293 0.027949
0 0.680282 0.532477 0.058048 0.025569
3 0.712828 0.515838 0.045664 0.028721
0 0.384945 0.521766 0.049827 0.022836
0 0.833795 0.526571 0.057971 0.019611
3 0.409324 0.503307 0.037044 0.025662
0 0.452941 0.518556 0.045656 0.020152
0 0.586351 0.510075 0.043223 0.020423
0 0.786526 0.516428 0.045743 0.018758
0 0.368529 0.509997 0.037145 0.018109
0 0.305175 0.496257 0.033455 0.019287
0 0.174485 0.498906 0.032859 0.019318
3 0.258879 0.492027 0.029067 0.020570
0 0.322579 0.518666 0.037863 0.014597
0 0.296610 0.504253 0.028122 0.019149
0 0.212519 0.469150 0.029705 0.015785
0 0.598628 0.495984 0.029324 0.015621
0 0.451005 0.479915 0.031578 0.013643
1 0.405975 0.567178 0.021791 0.019269
1 0.518808 0.561514 0.022563 0.018495
1 0.190514 0.539209 0.023016 0.017732
0 0.307913 0.483207 0.027423 0.013685
1 0.384555 0.554689 0.019197 0.015590
1 0.336898 0.531155 0.017031 0.016148
0 0.298793 0.470835 0.023922 0.011225
1 0.306427 0.526000 0.018005 0.013892
0 0.278380 0.462713 0.017069 0.010201
