2 0.101666 0.698266 0.202908 0.163800
0 0.758938 0.653219 0.153053 0.058023
3 0.579169 0.655833 0.120077 0.071968
1 0.918027 0.796202 0.100484 0.072437
0 0.950759 0.672807 0.098433 0.059168
0 0.712370 0.609242 0.115423 0.042952
3 0.604388 0.637346 0.079910 0.052381
3 0.681332 0.510078 0.085960 0.035894
2 0.542775 0.487137 0.076378 0.038758
1 0.836830 0.720676 0.063328 0.045846
0 0.587079 0.584418 0.059559 0.039046
3 0.933601 0.566675 0.058892 0.031073
0 0.447523 0.543794 0.062021 0.028839
0 0.984334 0.772152 0.030876 0.043700
0 0.663452 0.528467 0.055086 0.023994
0 0.391562 0.523920 0.051256 0.023211
0 0.837603 0.527205 0.058332 0.019673
0 0.460760 0.521114 0.046818 0.021599
3 0.416992 0.505304 0.037336 0.026665
0 0.576999 0.507930 0.042280 0.019982
0 0.789952 0.517388 0.045999 0.018170
3 0.263149 0.491708 0.030390 0.025110
0 0.373958 0.511667 0.038410 0.017430
0 0.177487 0.499773 0.032352 0.018691
3 0.301713 0.506205 0.028740 0.020526
0 0.326420 0.518841 0.037010 0.014507
1 0.532524 0.566313 0.024431 0.020790
0 0.593121 0.495595 0.032566 0.014787
1 0.411871 0.573008 0.021835 0.020436
1 0.196566 0.540313 0.021646 0.019335
0 0.327044 0.516718 0.033457 0.012025
0 0.311281 0.484819 0.029145 0.012300
1 0.396218 0.559693 0.022451 0.015494
0 0.452679 0.479344 0.024802 0.012666
0 0.366219 0.474911 0.023284 0.010751
0 0.302916 0.472733 0.023159 0.010128
1 0.314414 0.529875 0.017181 0.011100
0 0.234166 0.458980 0.020796 0.009165
1 0.345040 0.536533 0.017137 0.011061
