2 0.183303 0.670663 0.366590 0.191398
0 0.104838 0.944058 0.207724 0.111198
0 0.817502 0.685725 0.164053 0.060205
1 0.913513 0.874989 0.106023 0.079073
0 0.931915 0.682981 0.135877 0.060635
0 0.785728 0.611639 0.123519 0.044026
3 0.446025 0.600218 0.086128 0.056009
2 0.445689 0.600236 0.085594 0.056192
0 0.613727 0.603488 0.109834 0.043745
1 0.874066 0.761941 0.082100 0.055696
2 0.565947 0.489934 0.075270 0.037295
0 0.603431 0.575488 0.094206 0.028925
0 0.498599 0.595617 0.055863 0.041937
0 0.759164 0.552223 0.073014 0.032053
1 0.666931 0.682217 0.053067 0.038971
1 0.880226 0.774220 0.050870 0.031809
0 0.755022 0.524598 0.050351 0.028395
0 0.404947 0.529585 0.055501 0.025530
0 0.503195 0.551665 0.044897 0.031238
0 0.625517 0.521317 0.050798 0.024867
1 0.643967 0.646830 0.040728 0.028943
0 0.818696 0.525057 0.058278 0.019853
2 0.643631 0.499223 0.050061 0.022557
0 0.361603 0.513607 0.043644 0.020378
0 0.419846 0.509748 0.043255 0.019689
0 0.772023 0.515288 0.044416 0.018943
0 0.702933 0.507593 0.047391 0.016027
0 0.310630 0.511424 0.036885 0.019136
0 0.157656 0.496174 0.035284 0.019267
0 0.282488 0.490198 0.033521 0.017498
0 0.344637 0.503114 0.035109 0.016598
3 0.242292 0.484698 0.028937 0.020122
3 0.270097 0.495823 0.027480 0.018192
0 0.459410 0.482193 0.032556 0.013278
1 0.165069 0.534041 0.022532 0.018575
0 0.291037 0.478416 0.026504 0.015575
0 0.190508 0.465921 0.027101 0.012633
1 0.381351 0.550850 0.019018 0.016385
1 0.472439 0.544498 0.019999 0.014607
1 0.344019 0.539681 0.018025 0.014819
0 0.279465 0.465288 0.022567 0.010711
1 0.275931 0.517380 0.017428 0.011817
1 0.303983 0.524358 0.016791 0.010994
