0 0.123820 0.934661 0.246640 0.130267
2 0.384211 0.555696 0.125217 0.103110
0 0.689664 0.664446 0.141304 0.063030
2 0.761016 0.507420 0.152015 0.056804
0 0.052029 0.710737 0.103413 0.055662
0 0.802111 0.607784 0.116525 0.044559
0 0.970451 0.756265 0.058870 0.063907
0 0.580165 0.559939 0.078626 0.032299
0 0.498774 0.533202 0.069199 0.031383
0 0.602806 0.538168 0.067275 0.027620
1 0.712831 0.623348 0.043232 0.035937
0 0.559255 0.518218 0.062620 0.023878
2 0.335682 0.514521 0.046483 0.031760
0 0.983528 0.696149 0.032416 0.044457
0 0.480351 0.518764 0.061315 0.021570
1 0.517770 0.638920 0.040039 0.029561
1 0.713336 0.628515 0.041122 0.025835
0 0.860464 0.510965 0.051313 0.019422
0 0.616875 0.499236 0.047327 0.019551
0 0.394092 0.495099 0.043778 0.020242
1 0.520825 0.641246 0.032886 0.025400
1 0.230596 0.603170 0.031266 0.026276
0 0.347626 0.477105 0.034155 0.020842
0 0.196761 0.483183 0.034696 0.018966
0 0.367568 0.484247 0.037375 0.017160
1 0.578568 0.583437 0.028934 0.019086
0 0.403395 0.476616 0.031003 0.015310
0 0.285916 0.465872 0.033520 0.013867
0 0.638027 0.474117 0.031178 0.014212
1 0.484122 0.550298 0.023487 0.018857
0 0.518735 0.474051 0.033444 0.012631
0 0.528195 0.466577 0.030629 0.012976
0 0.481281 0.465495 0.027253 0.012689
3 0.255688 0.465645 0.022673 0.015050
0 0.216047 0.455817 0.023655 0.010369
1 0.317403 0.492357 0.014538 0.016818
