2 0.276550 0.620016 0.343603 0.159006
0 0.109965 0.941707 0.219931 0.116030
0 0.923311 0.857386 0.153377 0.120521
0 0.671497 0.620189 0.113915 0.044231
2 0.624796 0.497532 0.102876 0.044044
0 0.742658 0.606461 0.108036 0.041060
1 0.937790 0.745284 0.076866 0.056184
0 0.545734 0.573103 0.087899 0.036249
0 0.658327 0.567146 0.090192 0.033381
1 0.686352 0.744644 0.062261 0.046839
3 0.875803 0.544525 0.062473 0.036690
0 0.970867 0.596207 0.058265 0.037099
0 0.750827 0.545457 0.071230 0.029971
0 0.537948 0.550788 0.077044 0.024059
1 0.690518 0.751062 0.053017 0.034015
0 0.393409 0.517243 0.051944 0.023324
0 0.829380 0.522915 0.057738 0.019257
0 0.469811 0.527100 0.034998 0.024210
0 0.782981 0.513299 0.045733 0.018070
0 0.361164 0.505854 0.044034 0.018589
1 0.553495 0.612818 0.032290 0.024331
1 0.690536 0.665502 0.033097 0.023152
0 0.407035 0.498908 0.037704 0.018140
0 0.345862 0.495712 0.034332 0.019071
0 0.171119 0.493862 0.033341 0.019065
0 0.318956 0.501116 0.033482 0.016631
0 0.282553 0.484137 0.029053 0.016672
0 0.214944 0.471876 0.031622 0.014811
0 0.323318 0.481486 0.022645 0.016151
0 0.295892 0.468685 0.025644 0.013766
1 0.166232 0.527059 0.020262 0.016763
0 0.449644 0.475508 0.026829 0.012610
0 0.682630 0.510835 0.022586 0.014116
1 0.373417 0.530441 0.017427 0.016648
1 0.321489 0.521097 0.016831 0.014699
0 0.467374 0.470123 0.022652 0.009960
0 0.284066 0.459740 0.019437 0.009760
1 0.288518 0.511898 0.014685 0.012135
1 0.321490 0.523687 0.016330 0.010450
