0 0.123769 0.934872 0.246429 0.129851
2 0.123675 0.934917 0.246246 0.129828
2 0.378592 0.565459 0.154558 0.113409
0 0.737525 0.693363 0.159507 0.069137
2 0.732047 0.502221 0.141042 0.052869
0 0.853256 0.625743 0.129510 0.049198
0 0.598780 0.569088 0.085150 0.034841
0 0.511399 0.538934 0.071169 0.030989
0 0.629515 0.548297 0.073740 0.029830
1 0.751004 0.643220 0.047546 0.037643
2 0.348167 0.520696 0.055597 0.031413
0 0.581122 0.525365 0.067619 0.024845
0 0.978791 0.581374 0.042403 0.034934
0 0.495981 0.522786 0.063649 0.022168
1 0.551611 0.656800 0.043715 0.029612
0 0.855942 0.511953 0.058488 0.019410
1 0.197480 0.618318 0.036942 0.029117
0 0.399181 0.498040 0.043428 0.021602
0 0.593042 0.494334 0.047192 0.018382
1 0.599827 0.595194 0.032412 0.023239
0 0.194976 0.483625 0.037150 0.018789
0 0.371573 0.487025 0.038075 0.017278
0 0.467698 0.497824 0.029983 0.021599
0 0.815950 0.502219 0.035235 0.017687
0 0.408143 0.479058 0.032036 0.016206
1 0.502202 0.559939 0.024268 0.018933
0 0.291499 0.468256 0.029543 0.014808
0 0.344447 0.482702 0.029199 0.014593
0 0.506806 0.471894 0.033062 0.012461
0 0.637003 0.474283 0.030272 0.013349
3 0.260590 0.468012 0.024584 0.015079
1 0.469955 0.551763 0.022230 0.015229
0 0.220208 0.456709 0.025442 0.011899
1 0.321461 0.494591 0.015344 0.017237
1 0.297885 0.490275 0.012749 0.010900
