2 0.325390 0.601489 0.271771 0.144726
0 0.116111 0.939863 0.232221 0.119785
0 0.885601 0.794129 0.228798 0.097052
0 0.957673 0.690510 0.084571 0.063703
2 0.656730 0.498373 0.112376 0.047745
0 0.644480 0.602254 0.101534 0.041562
0 0.700898 0.585587 0.095397 0.036453
1 0.866923 0.706464 0.065345 0.051972
0 0.535235 0.561691 0.083305 0.033364
3 0.935819 0.550499 0.069619 0.039824
0 0.818252 0.555098 0.082040 0.033759
1 0.038945 0.674716 0.064623 0.040025
0 0.631654 0.552901 0.082029 0.030417
1 0.641729 0.713375 0.058946 0.040655
0 0.524981 0.541851 0.073730 0.023231
1 0.645962 0.717721 0.049582 0.031808
0 0.840582 0.519863 0.058647 0.019621
0 0.396147 0.511271 0.050110 0.022404
1 0.657945 0.637654 0.033735 0.025673
0 0.793558 0.509773 0.045901 0.018065
0 0.365502 0.500727 0.040503 0.018257
2 0.367103 0.478165 0.030025 0.024494
0 0.469560 0.518600 0.033459 0.021453
0 0.180497 0.490961 0.035187 0.019557
0 0.409345 0.493063 0.036301 0.017452
1 0.536946 0.595351 0.027243 0.020136
0 0.329713 0.495765 0.032365 0.016269
0 0.287472 0.479446 0.030200 0.016201
0 0.470349 0.475001 0.027306 0.013958
0 0.302428 0.462981 0.025635 0.014649
0 0.218204 0.468573 0.030268 0.011439
0 0.736788 0.504379 0.022589 0.011406
1 0.321663 0.513151 0.015775 0.015166
1 0.291621 0.506118 0.015404 0.010920
