0 0.120539 0.937763 0.239638 0.124041
2 0.354761 0.587058 0.224664 0.132168
2 0.120533 0.937851 0.239751 0.123796
0 0.824433 0.752082 0.200191 0.084857
0 0.931995 0.663388 0.136010 0.057386
2 0.683044 0.499781 0.123834 0.049115
0 0.625520 0.588641 0.093669 0.038184
0 0.882270 0.564122 0.090320 0.037234
0 0.671962 0.570178 0.086085 0.033802
1 0.818432 0.680195 0.058095 0.045988
0 0.531030 0.552246 0.068643 0.033338
0 0.612495 0.541372 0.076269 0.028378
3 0.976225 0.552916 0.047239 0.039152
1 0.607745 0.691222 0.051806 0.034030
1 0.111728 0.652659 0.051225 0.034367
0 0.514549 0.533951 0.069572 0.023181
0 0.356134 0.529279 0.054030 0.023732
0 0.848515 0.516445 0.058218 0.019607
0 0.396383 0.505554 0.050947 0.022208
1 0.633298 0.620088 0.036771 0.025093
0 0.800709 0.507003 0.045638 0.017779
0 0.369949 0.495440 0.040751 0.017983
0 0.186513 0.487892 0.037218 0.019125
0 0.469659 0.509787 0.031644 0.022022
1 0.524239 0.579493 0.027265 0.022579
3 0.410374 0.487687 0.035166 0.016783
1 0.166208 0.517808 0.028542 0.018601
0 0.290569 0.474848 0.031037 0.015133
1 0.496200 0.568435 0.023498 0.018056
0 0.566495 0.493235 0.024065 0.017251
3 0.261122 0.475652 0.024717 0.015518
0 0.483222 0.472339 0.032236 0.011623
0 0.219846 0.463522 0.028976 0.012403
0 0.498665 0.467046 0.026193 0.011623
0 0.305839 0.460150 0.024474 0.011762
1 0.322117 0.505804 0.015935 0.016291
1 0.293957 0.499822 0.015232 0.011162
0 0.296767 0.451264 0.017864 0.009349
