3 0.164219 0.403835 0.129732 0.222456
0 0.766738 0.610982 0.090480 0.124174
0 0.635693 0.577294 0.077291 0.121412
0 0.558321 0.377836 0.033621 0.050922
0 0.664595 0.367913 0.034205 0.048816
0 0.341489 0.345444 0.033020 0.048543
0 0.587893 0.325316 0.029038 0.037692
3 0.413969 0.205494 0.016010 0.038880
3 0.536335 0.226349 0.014591 0.040655
0 0.439817 0.254559 0.017442 0.025578
0 0.372129 0.259689 0.018521 0.023373
0 0.411462 0.249467 0.016335 0.023584
0 0.448384 0.236306 0.014932 0.022929
0 0.427321 0.227188 0.015099 0.022071
0 0.427460 0.229982 0.013431 0.015901
0 0.440244 0.211695 0.010397 0.012278
