0 0.237375 0.514678 0.073368 0.125913
3 0.670305 0.339401 0.066761 0.130276
0 0.848390 0.585812 0.077396 0.101381
0 0.701729 0.514715 0.065883 0.106210
0 0.570895 0.428961 0.046429 0.071728
3 0.355985 0.263341 0.034388 0.074097
0 0.615344 0.394522 0.035594 0.047982
3 0.565874 0.290256 0.025440 0.052558
0 0.595847 0.350712 0.029094 0.040087
0 0.372866 0.318784 0.027363 0.039264
0 0.540457 0.336146 0.027073 0.037644
0 0.409246 0.242908 0.014862 0.025314
0 0.544676 0.263524 0.015675 0.023389
0 0.537177 0.246492 0.014532 0.019948
0 0.433217 0.232162 0.011707 0.021787
0 0.432777 0.238690 0.012908 0.015289
