0 0.907641 0.797047 0.154620 0.226424
0 0.226614 0.820166 0.123857 0.197055
0 0.370731 0.441837 0.051819 0.074382
0 0.566006 0.376923 0.035382 0.051797
3 0.380775 0.243358 0.027531 0.059539
0 0.398626 0.351029 0.032850 0.044709
3 0.397393 0.231981 0.021811 0.053361
0 0.577394 0.321229 0.025099 0.035230
0 0.612070 0.313015 0.024196 0.034680
0 0.432732 0.298492 0.022756 0.035711
0 0.357930 0.299104 0.023836 0.029895
3 0.545987 0.218598 0.016483 0.039100
0 0.446039 0.258940 0.016865 0.031005
0 0.518941 0.258644 0.017404 0.026790
0 0.530519 0.269013 0.016703 0.024464
0 0.582943 0.273990 0.015681 0.024819
0 0.546718 0.260357 0.015077 0.022014
0 0.422310 0.255935 0.015447 0.019266
