0 0.094051 0.713477 0.130601 0.218270
0 0.703154 0.814308 0.114062 0.161346
0 0.832794 0.742656 0.108996 0.135522
3 0.648913 0.320264 0.057344 0.114966
0 0.765753 0.494774 0.057480 0.078030
0 0.651319 0.435724 0.051144 0.082070
3 0.343964 0.273626 0.038583 0.080944
0 0.551122 0.369795 0.034872 0.052876
0 0.351267 0.348167 0.032978 0.045943
0 0.596222 0.356730 0.028916 0.040394
3 0.556641 0.277414 0.022268 0.044413
0 0.580211 0.324912 0.024570 0.031791
0 0.531793 0.309952 0.023456 0.032116
3 0.598400 0.221578 0.020963 0.030243
0 0.405463 0.251341 0.015913 0.024500
0 0.539029 0.254405 0.014262 0.020776
0 0.428774 0.243533 0.014193 0.016667
0 0.405149 0.256285 0.014932 0.014764
0 0.437679 0.229028 0.010878 0.011906
