0 0.793348 0.706762 0.096882 0.145059
3 0.018082 0.560576 0.035243 0.301339
0 0.209609 0.538566 0.071159 0.103439
0 0.626189 0.388734 0.040271 0.057801
0 0.560877 0.377297 0.037535 0.058903
0 0.425239 0.303101 0.024398 0.034299
0 0.616529 0.315102 0.023912 0.034169
0 0.534338 0.309779 0.023578 0.034352
0 0.388941 0.284158 0.021839 0.032797
0 0.343349 0.292692 0.023227 0.030374
0 0.437839 0.270870 0.019822 0.031192
0 0.562275 0.287000 0.020879 0.027516
0 0.416481 0.248775 0.018264 0.029225
0 0.435720 0.228211 0.012069 0.016588
