3 0.312023 0.300417 0.051609 0.100250
0 0.272456 0.458459 0.054029 0.077722
3 0.617569 0.290843 0.043683 0.092618
0 0.660869 0.462348 0.049607 0.066713
0 0.583549 0.445696 0.050901 0.062459
0 0.675288 0.393175 0.038521 0.054067
0 0.597662 0.350007 0.033103 0.054669
0 0.531442 0.306221 0.024393 0.035344
0 0.572828 0.308786 0.022179 0.030011
3 0.544436 0.257568 0.017484 0.034267
0 0.397525 0.267520 0.019109 0.031352
0 0.563760 0.288690 0.019728 0.025750
0 0.417767 0.254534 0.017053 0.026131
0 0.522740 0.275259 0.017397 0.024722
0 0.531078 0.241271 0.011096 0.016841
0 0.457658 0.233448 0.010791 0.013675
