3 0.906430 0.831503 0.152037 0.241163
3 0.718206 0.384560 0.089629 0.167507
0 0.649453 0.667929 0.089522 0.137553
0 0.037134 0.612343 0.074109 0.116590
0 0.018135 0.877425 0.036038 0.181978
0 0.675673 0.502007 0.054549 0.075887
0 0.331671 0.381840 0.043885 0.072222
0 0.567249 0.412965 0.041040 0.056098
0 0.636773 0.422759 0.039919 0.054750
3 0.587635 0.321755 0.032156 0.066401
3 0.371644 0.249779 0.028676 0.063985
3 0.598459 0.220261 0.021541 0.031793
0 0.397263 0.284914 0.021390 0.029899
0 0.556109 0.283167 0.018060 0.027057
0 0.545845 0.259279 0.016631 0.022688
0 0.518783 0.255740 0.015707 0.022624
0 0.558394 0.250588 0.013304 0.019831
0 0.412857 0.235147 0.012303 0.018009
0 0.511306 0.240465 0.011499 0.016768
0 0.530652 0.238626 0.011925 0.015750
0 0.438154 0.229727 0.010599 0.012348
