0 0.743872 0.908113 0.134366 0.179087
3 0.305484 0.305725 0.053454 0.105201
0 0.249799 0.491213 0.061175 0.087082
3 0.613287 0.287370 0.041755 0.089734
0 0.648915 0.440268 0.048356 0.060949
0 0.572257 0.420279 0.041973 0.056891
0 0.666112 0.381833 0.036144 0.049617
0 0.591688 0.339909 0.031529 0.052605
0 0.528773 0.299090 0.022854 0.033396
0 0.395610 0.271129 0.019295 0.033909
0 0.568962 0.302683 0.021012 0.029209
3 0.542854 0.254021 0.016758 0.034685
0 0.521776 0.270759 0.017405 0.024711
0 0.561768 0.284907 0.017558 0.023808
0 0.415428 0.260661 0.017135 0.021100
0 0.429362 0.238986 0.012895 0.015178
