3 0.883310 0.543755 0.199183 0.315298
0 0.878232 0.821790 0.124548 0.165833
0 0.762897 0.958856 0.140334 0.080418
0 0.323661 0.577574 0.076244 0.113960
3 0.658320 0.429694 0.058127 0.115004
0 0.384783 0.404261 0.044022 0.067594
0 0.306936 0.403167 0.043557 0.063359
0 0.252123 0.384165 0.040383 0.054186
3 0.390983 0.232677 0.023265 0.054334
0 0.590028 0.339601 0.029039 0.042157
0 0.386705 0.295220 0.027272 0.044490
0 0.565655 0.288722 0.021263 0.031494
0 0.529572 0.284115 0.021291 0.031214
0 0.577096 0.268275 0.016980 0.023719
0 0.518950 0.259640 0.015763 0.022243
0 0.419844 0.252282 0.015798 0.021360
0 0.540219 0.251327 0.015173 0.020084
0 0.421387 0.223628 0.010653 0.011366
