0 0.778668 0.913156 0.149413 0.169103
0 0.356321 0.511785 0.056597 0.089071
0 0.672983 0.483498 0.051288 0.069843
0 0.285129 0.434523 0.046835 0.064767
0 0.685042 0.396430 0.039780 0.056979
0 0.398998 0.397127 0.038203 0.055946
0 0.416009 0.342572 0.030018 0.042562
3 0.398077 0.230065 0.020262 0.047721
0 0.533874 0.300071 0.023755 0.037443
3 0.411540 0.221158 0.019270 0.045734
3 0.554483 0.228264 0.018785 0.044012
0 0.568865 0.315886 0.024001 0.033352
0 0.431946 0.293151 0.021607 0.032803
0 0.612483 0.306249 0.021037 0.030967
0 0.562211 0.286573 0.020134 0.027023
0 0.526634 0.277931 0.019816 0.025856
0 0.442825 0.271419 0.018136 0.025386
0 0.404981 0.258719 0.016410 0.023162
0 0.452444 0.249960 0.015249 0.021420
0 0.564245 0.254470 0.014659 0.021552
0 0.514125 0.250253 0.013934 0.017064
