0 0.296403 0.668072 0.086630 0.140424
0 0.143752 0.623739 0.090058 0.126850
0 0.602372 0.478284 0.051678 0.082858
0 0.366761 0.462036 0.051413 0.077069
0 0.410012 0.347110 0.031694 0.049442
0 0.604352 0.367780 0.031909 0.043063
3 0.389676 0.237038 0.025316 0.050360
0 0.636549 0.340510 0.029054 0.042795
3 0.404163 0.226502 0.018580 0.048774
0 0.422824 0.304128 0.023837 0.033116
3 0.549483 0.222301 0.016650 0.042646
0 0.524367 0.274025 0.019226 0.029893
0 0.381989 0.277339 0.020382 0.026289
0 0.442547 0.272245 0.018925 0.027727
3 0.594081 0.285680 0.017988 0.027373
0 0.544930 0.286152 0.018303 0.025114
0 0.552878 0.269726 0.016548 0.024906
0 0.451001 0.247598 0.015763 0.022431
0 0.430720 0.246041 0.013676 0.014230
