0 0.162229 0.857844 0.140823 0.215906
0 0.374364 0.460289 0.050294 0.080695
3 0.621592 0.381506 0.040767 0.068655
3 0.354413 0.266872 0.036348 0.073280
0 0.247867 0.397985 0.043695 0.055537
0 0.562043 0.386021 0.038405 0.055387
3 0.377748 0.248291 0.028166 0.067348
3 0.422084 0.315750 0.027827 0.050010
3 0.598224 0.221993 0.021042 0.030810
0 0.391895 0.294486 0.021622 0.029488
0 0.532449 0.287856 0.018958 0.029206
3 0.540125 0.214659 0.014834 0.036111
0 0.578588 0.274699 0.017823 0.026137
0 0.404503 0.241796 0.014142 0.026143
0 0.545731 0.269664 0.016081 0.021628
0 0.428435 0.248590 0.014870 0.020512
0 0.534798 0.242142 0.011709 0.019873
