0 0.841325 0.731874 0.124338 0.189634
3 0.707407 0.374595 0.083753 0.158990
0 0.624332 0.592663 0.074653 0.115213
0 0.319650 0.399792 0.047483 0.079133
0 0.659259 0.472730 0.049443 0.067327
0 0.560115 0.392112 0.037079 0.052228
3 0.369020 0.252664 0.029264 0.066079
3 0.582503 0.314779 0.031218 0.061606
0 0.626931 0.405595 0.037702 0.050951
0 0.008592 0.663042 0.016960 0.101077
0 0.393271 0.290397 0.022906 0.031467
0 0.553231 0.279058 0.017909 0.027509
0 0.543675 0.256471 0.015645 0.022918
0 0.517712 0.253479 0.015086 0.022391
0 0.412129 0.239815 0.012663 0.013850
0 0.530100 0.236016 0.011096 0.015246
0 0.437342 0.231536 0.011533 0.014109
