3 0.829117 0.683486 0.117416 0.173769
0 0.357683 0.481596 0.053620 0.085099
3 0.378234 0.245332 0.028124 0.060891
0 0.390538 0.367484 0.035350 0.048233
0 0.560302 0.361817 0.031642 0.047002
3 0.395869 0.233202 0.022077 0.055007
0 0.429024 0.307385 0.024915 0.037000
0 0.350258 0.305380 0.025030 0.032540
0 0.607126 0.307265 0.023072 0.033945
0 0.571756 0.313303 0.023168 0.031617
3 0.598784 0.221296 0.020973 0.029327
3 0.545170 0.217734 0.015792 0.037995
0 0.444292 0.263453 0.018061 0.032245
0 0.518084 0.256624 0.015814 0.024872
0 0.580460 0.271030 0.015814 0.023867
0 0.526974 0.266296 0.015453 0.022401
0 0.545166 0.258278 0.014755 0.021509
0 0.419175 0.259352 0.015603 0.020005
0 0.415950 0.228119 0.012123 0.020953
0 0.441034 0.228242 0.011984 0.017152
