3 0.230993 0.368987 0.085683 0.151038
0 0.782380 0.636803 0.088954 0.127937
0 0.985128 0.769871 0.029295 0.114489
0 0.575653 0.432300 0.043363 0.062546
3 0.590530 0.265385 0.032433 0.073579
0 0.372401 0.307445 0.027648 0.046784
0 0.591379 0.343072 0.028584 0.038998
0 0.620737 0.327516 0.026127 0.037203
0 0.536397 0.321105 0.025295 0.034705
0 0.563342 0.293780 0.022939 0.037313
3 0.598162 0.222295 0.020992 0.032157
0 0.395586 0.287984 0.022100 0.027597
3 0.533365 0.235273 0.013828 0.035685
3 0.425459 0.207132 0.014110 0.034501
0 0.517022 0.263779 0.016796 0.024481
0 0.545167 0.270500 0.015591 0.022223
0 0.451538 0.256786 0.015796 0.021601
0 0.416990 0.253625 0.014882 0.021825
0 0.396189 0.269137 0.015239 0.017034
0 0.557200 0.261693 0.012694 0.019080
