0 0.061105 0.754750 0.122210 0.182430
0 0.684458 0.777912 0.111461 0.173239
3 0.730246 0.397411 0.096423 0.178756
0 0.076627 0.564071 0.081333 0.103216
0 0.696072 0.535970 0.061646 0.086082
0 0.651733 0.444010 0.049400 0.060114
0 0.342468 0.366903 0.040456 0.066713
0 0.575522 0.437650 0.043300 0.061230
3 0.593002 0.330794 0.034660 0.070264
3 0.374542 0.247871 0.028076 0.063153
0 0.008709 0.797942 0.017307 0.086698
0 0.558849 0.288198 0.019730 0.029701
0 0.400785 0.280738 0.020013 0.028785
0 0.546955 0.262497 0.016703 0.023455
0 0.519810 0.259124 0.016236 0.022508
0 0.560418 0.252719 0.012167 0.020227
0 0.511707 0.243090 0.012155 0.018940
0 0.413552 0.234725 0.011785 0.014549
0 0.439108 0.228163 0.010993 0.012381
