3 0.799268 0.457992 0.145272 0.240189
3 0.279594 0.330080 0.072135 0.132020
0 0.242238 0.503564 0.059238 0.082851
3 0.328994 0.291171 0.046025 0.103147
0 0.386320 0.336984 0.031685 0.041582
0 0.390512 0.284016 0.021408 0.037967
3 0.556190 0.274376 0.020404 0.034264
3 0.599049 0.221762 0.021993 0.030864
3 0.532319 0.205957 0.012944 0.033510
0 0.520522 0.260265 0.015288 0.021324
3 0.542114 0.240211 0.011988 0.021307
0 0.513841 0.238941 0.011180 0.016742
0 0.450566 0.220764 0.013555 0.012441
0 0.504817 0.220422 0.009323 0.017504
0 0.527168 0.234935 0.010590 0.013682
