3 0.776605 0.442146 0.123551 0.219270
0 0.798128 0.706676 0.097971 0.124077
0 0.307218 0.598396 0.083532 0.129230
0 0.215912 0.531586 0.071942 0.102929
0 0.612993 0.547382 0.063013 0.088519
0 0.702259 0.528929 0.059971 0.086313
0 0.175393 0.463750 0.057122 0.074112
3 0.613185 0.361499 0.041935 0.084609
0 0.366124 0.329860 0.033114 0.054990
3 0.382205 0.241031 0.026671 0.057813
0 0.568816 0.304884 0.023256 0.034004
0 0.553505 0.272326 0.018546 0.026571
0 0.409864 0.266446 0.018564 0.026342
0 0.523353 0.268036 0.017402 0.027770
0 0.514528 0.247973 0.013925 0.020901
0 0.566996 0.259122 0.013775 0.020568
0 0.534694 0.244469 0.013594 0.015983
0 0.416309 0.231487 0.010999 0.012481
