3 0.759338 0.425522 0.113555 0.204925
0 0.268720 0.700070 0.102429 0.166005
0 0.178176 0.585664 0.083771 0.119785
0 0.754868 0.634820 0.082682 0.109495
0 0.148749 0.492301 0.063102 0.082036
0 0.602144 0.502553 0.064615 0.077899
0 0.681027 0.497909 0.053035 0.073007
3 0.606017 0.350518 0.038890 0.078966
0 0.359179 0.340854 0.035936 0.058791
3 0.380109 0.243696 0.027516 0.060062
0 0.566010 0.299349 0.023014 0.031361
0 0.407061 0.270979 0.019264 0.026055
0 0.522267 0.264118 0.017650 0.027227
0 0.551161 0.268740 0.017329 0.025505
0 0.564074 0.257224 0.014328 0.020338
0 0.513720 0.246537 0.013908 0.019907
0 0.533586 0.242670 0.012826 0.017196
0 0.440718 0.222620 0.010608 0.018379
0 0.414971 0.231208 0.011064 0.016290
0 0.415369 0.233627 0.011056 0.012359
