3 0.151274 0.434821 0.125923 0.201916
0 0.637434 0.587864 0.078345 0.103473
0 0.829577 0.553442 0.067898 0.094157
0 0.682645 0.481210 0.054914 0.081730
3 0.348165 0.342893 0.034476 0.057023
3 0.581694 0.257212 0.029156 0.065452
0 0.550766 0.360661 0.031571 0.043161
0 0.379038 0.303634 0.026513 0.048914
0 0.379090 0.310944 0.026321 0.034110
0 0.574542 0.314066 0.024600 0.032244
0 0.605435 0.307877 0.023192 0.033211
0 0.552882 0.276662 0.018022 0.034137
0 0.527354 0.294054 0.020970 0.027513
0 0.445444 0.275116 0.017673 0.026663
0 0.407712 0.265238 0.017199 0.024509
0 0.455457 0.247343 0.015587 0.021983
0 0.536679 0.257573 0.015014 0.020942
0 0.454772 0.251616 0.014077 0.013870
