3 0.842793 0.704431 0.147150 0.250525
0 0.652862 0.443982 0.048487 0.068866
0 0.403270 0.364926 0.035255 0.050228
0 0.541819 0.321775 0.028090 0.044195
0 0.589276 0.329648 0.029242 0.040649
0 0.362252 0.320594 0.027509 0.041268
0 0.312430 0.323821 0.028379 0.039200
0 0.421965 0.308041 0.026595 0.041136
2 0.400690 0.226125 0.020730 0.048879
3 0.400546 0.225663 0.020399 0.048974
0 0.404241 0.266594 0.020660 0.032103
0 0.595360 0.290114 0.020018 0.029499
0 0.525408 0.282615 0.018907 0.025837
0 0.550550 0.268539 0.017384 0.022744
0 0.429627 0.236468 0.014207 0.020886
