0 0.823617 0.705433 0.102978 0.142715
3 0.243597 0.357760 0.080808 0.141919
0 0.585480 0.459501 0.048075 0.067067
3 0.592734 0.268013 0.033620 0.075010
0 0.596600 0.350214 0.030328 0.043762
0 0.376541 0.302069 0.025303 0.042215
0 0.625544 0.334053 0.026630 0.037019
0 0.539272 0.330869 0.027148 0.036159
0 0.565937 0.298840 0.022674 0.038961
0 0.399062 0.283994 0.021481 0.025043
0 0.518599 0.267961 0.018911 0.026264
0 0.547419 0.273869 0.016864 0.024104
0 0.418780 0.251187 0.014433 0.020443
0 0.452302 0.254782 0.014560 0.016933
0 0.557640 0.264407 0.012693 0.016937
