0 0.052739 0.753279 0.104890 0.230289
0 0.849117 0.581121 0.079916 0.109203
0 0.239566 0.483150 0.063748 0.121272
0 0.386211 0.446757 0.046690 0.069969
0 0.558695 0.365036 0.038682 0.058074
0 0.618443 0.390554 0.035079 0.050173
0 0.650291 0.349599 0.028671 0.041760
0 0.358116 0.331343 0.028891 0.039353
0 0.583168 0.324210 0.026867 0.038695
3 0.562988 0.236419 0.019635 0.049706
0 0.426177 0.323278 0.025000 0.038629
0 0.540198 0.319385 0.025133 0.034867
0 0.436003 0.295942 0.021561 0.030369
3 0.409322 0.226305 0.017691 0.031327
0 0.440531 0.276961 0.019671 0.028012
0 0.575536 0.269020 0.016233 0.024973
0 0.521053 0.272809 0.017378 0.023249
0 0.447422 0.256124 0.014653 0.018720
0 0.426755 0.240580 0.012533 0.017529
