0 0.183322 0.890679 0.144672 0.215162
0 0.617528 0.537558 0.065869 0.106001
3 0.681186 0.472106 0.060072 0.096786
0 0.337588 0.479938 0.054535 0.078807
3 0.367629 0.255651 0.031521 0.065083
0 0.410533 0.357803 0.033263 0.051487
3 0.387705 0.240073 0.024587 0.059691
0 0.310681 0.340404 0.031686 0.040827
0 0.543609 0.315979 0.024465 0.035773
0 0.436217 0.283602 0.022266 0.039119
3 0.598447 0.221514 0.020432 0.029687
3 0.542624 0.215627 0.015916 0.035812
0 0.591048 0.288317 0.019593 0.028939
0 0.556142 0.286642 0.018577 0.026813
0 0.407229 0.273579 0.017726 0.024729
0 0.572225 0.261365 0.014085 0.022272
0 0.539598 0.248140 0.013835 0.022300
0 0.517962 0.254748 0.014039 0.018081
0 0.435282 0.237729 0.013189 0.017435
