0 0.106772 0.678452 0.107593 0.152419
0 0.713774 0.558019 0.066508 0.099529
0 0.609103 0.361210 0.035028 0.051238
0 0.551818 0.351805 0.032879 0.051470
0 0.418336 0.323044 0.028026 0.039854
3 0.404650 0.221253 0.019449 0.045943
0 0.379320 0.297057 0.024076 0.036126
0 0.332237 0.303800 0.024592 0.033539
0 0.432561 0.283988 0.023053 0.033524
0 0.606956 0.303445 0.022395 0.032919
0 0.530544 0.297497 0.020742 0.031952
0 0.411983 0.256131 0.019361 0.029163
0 0.557347 0.279324 0.019480 0.025616
0 0.433928 0.231006 0.012806 0.019110
