3 0.888075 0.540877 0.209492 0.322921
0 0.283967 0.612502 0.092242 0.175047
3 0.304675 0.311052 0.059360 0.109749
3 0.343093 0.277866 0.039751 0.091605
0 0.305815 0.412786 0.041955 0.058997
3 0.565219 0.288691 0.022124 0.037477
0 0.398719 0.304182 0.023235 0.032818
3 0.599085 0.221884 0.021662 0.030580
3 0.394826 0.270928 0.018579 0.033875
0 0.525053 0.274385 0.017945 0.024735
0 0.516723 0.247053 0.013442 0.019280
3 0.444179 0.180580 0.009358 0.024195
0 0.506000 0.223571 0.010605 0.018909
0 0.457882 0.216930 0.009968 0.012058
