0 0.202603 0.866824 0.143535 0.235097
0 0.739086 0.914545 0.146867 0.167858
3 0.744318 0.410406 0.104090 0.191621
0 0.127196 0.656406 0.103108 0.143496
0 0.722187 0.580722 0.071032 0.092097
0 0.116512 0.524129 0.071436 0.091190
0 0.585468 0.466244 0.048448 0.069986
0 0.663448 0.467611 0.047468 0.066100
3 0.599063 0.340059 0.036128 0.073532
0 0.351752 0.352864 0.037438 0.062513
3 0.377249 0.245240 0.027843 0.061996
0 0.562249 0.293611 0.020531 0.029999
0 0.404033 0.275832 0.019390 0.028076
0 0.520687 0.260937 0.016690 0.025472
0 0.549456 0.265884 0.017101 0.023874
0 0.562619 0.254869 0.012398 0.020611
0 0.512924 0.245216 0.012579 0.018493
0 0.532513 0.241279 0.012356 0.016280
0 0.414672 0.233540 0.011774 0.013814
0 0.439824 0.227901 0.010921 0.012638
