0 0.950289 0.700878 0.098919 0.142443
0 0.158188 0.591679 0.091175 0.153491
0 0.282137 0.428915 0.050808 0.094712
0 0.570095 0.396479 0.043567 0.068931
0 0.640264 0.426321 0.040856 0.057525
0 0.406691 0.390280 0.037318 0.054383
0 0.665590 0.367227 0.031023 0.045490
0 0.591287 0.338172 0.029502 0.044810
0 0.546917 0.338412 0.030257 0.039696
3 0.565366 0.239713 0.021733 0.052275
0 0.370298 0.315478 0.025263 0.035383
0 0.434119 0.302451 0.021260 0.033432
2 0.412322 0.219613 0.017135 0.040996
3 0.412394 0.219626 0.017058 0.040944
3 0.548197 0.260883 0.016249 0.041309
0 0.441931 0.282522 0.019332 0.025663
0 0.523836 0.282213 0.018737 0.024500
0 0.579566 0.275133 0.017068 0.025529
0 0.445899 0.265869 0.018226 0.023276
0 0.516275 0.254024 0.014337 0.018306
