3 0.824001 0.481440 0.162585 0.261542
0 0.153528 0.867014 0.166175 0.255586
3 0.288351 0.322707 0.068228 0.124052
3 0.334161 0.285979 0.042547 0.098033
0 0.267920 0.467408 0.051897 0.071623
0 0.391843 0.324529 0.030452 0.038352
0 0.392171 0.278374 0.020793 0.036559
3 0.559090 0.279031 0.021421 0.034785
3 0.599073 0.221861 0.022153 0.030670
3 0.532959 0.205438 0.012985 0.031982
0 0.522005 0.264649 0.016576 0.022391
0 0.514790 0.241612 0.011406 0.017208
0 0.505129 0.220679 0.009661 0.018776
0 0.528661 0.237006 0.010236 0.014926
