0 0.203321 0.561937 0.085551 0.147267
0 0.954322 0.950495 0.090791 0.094762
3 0.662656 0.332772 0.064003 0.124585
0 0.815710 0.550277 0.069519 0.092570
0 0.682140 0.483257 0.059445 0.099517
3 0.352247 0.266791 0.036391 0.075785
0 0.563613 0.406507 0.044100 0.062237
0 0.607764 0.380465 0.033543 0.044841
3 0.562221 0.285159 0.024977 0.049658
0 0.366470 0.327882 0.029243 0.039884
0 0.590186 0.341749 0.027196 0.036072
0 0.536572 0.325892 0.025725 0.036405
0 0.407942 0.245724 0.014824 0.024222
0 0.542511 0.260277 0.015049 0.022407
0 0.431724 0.234716 0.013214 0.025478
0 0.535700 0.244084 0.013687 0.019972
0 0.513979 0.241777 0.013696 0.019591
0 0.431670 0.240029 0.013555 0.016560
0 0.407845 0.250626 0.014390 0.014753
