3 0.955460 0.658124 0.088373 0.347789
3 0.748908 0.567665 0.099553 0.181019
0 0.387554 0.406966 0.044097 0.060626
0 0.625169 0.396127 0.039785 0.059125
0 0.348166 0.341029 0.031990 0.046671
0 0.413831 0.329756 0.030558 0.048256
0 0.295677 0.339620 0.031507 0.043197
3 0.398004 0.226809 0.021636 0.050004
0 0.536725 0.306469 0.025620 0.038480
0 0.579798 0.313512 0.026418 0.036677
0 0.399086 0.273709 0.023006 0.037147
3 0.598208 0.217686 0.021326 0.030780
0 0.588902 0.282134 0.018833 0.026513
0 0.522928 0.273320 0.016696 0.025037
0 0.546935 0.261658 0.016983 0.022132
0 0.426589 0.238889 0.014799 0.024554
