0 0.331113 0.575698 0.071054 0.118565
0 0.193461 0.448977 0.054540 0.067291
3 0.346863 0.273397 0.038415 0.079225
3 0.371710 0.253071 0.030009 0.070361
0 0.409812 0.341052 0.035191 0.057749
3 0.603110 0.352353 0.034988 0.057522
0 0.547875 0.345574 0.030946 0.044909
0 0.381354 0.309431 0.024182 0.031848
0 0.528182 0.276817 0.017304 0.026685
0 0.571505 0.267363 0.016873 0.024487
0 0.402117 0.246657 0.014990 0.025930
0 0.423481 0.255727 0.015450 0.022794
0 0.541033 0.260737 0.015436 0.021765
0 0.511094 0.236094 0.012332 0.023826
0 0.562835 0.249561 0.012695 0.020553
