3 0.788018 0.624889 0.119177 0.208705
3 0.980961 0.695588 0.037574 0.332271
0 0.637312 0.417790 0.041452 0.063308
0 0.396028 0.382900 0.039340 0.056585
0 0.417314 0.317806 0.030199 0.044542
0 0.355265 0.329996 0.029223 0.043941
0 0.304140 0.330553 0.029840 0.041673
0 0.539338 0.313120 0.026573 0.040591
3 0.398905 0.226586 0.021702 0.049496
0 0.584291 0.320811 0.027270 0.038899
0 0.591843 0.285095 0.019354 0.028193
0 0.524087 0.277076 0.018174 0.026764
0 0.548899 0.264744 0.017222 0.022179
0 0.428065 0.237759 0.013892 0.022186
