0 0.062416 0.768381 0.124831 0.190970
0 0.939636 0.904350 0.120036 0.181772
3 0.267933 0.336802 0.071265 0.128824
0 0.610961 0.529759 0.059735 0.091511
3 0.599229 0.273749 0.035184 0.079721
0 0.608726 0.371968 0.033969 0.049549
0 0.547946 0.352000 0.032470 0.042193
0 0.636069 0.346734 0.028505 0.041811
0 0.573083 0.309924 0.025187 0.042307
0 0.384030 0.290585 0.022782 0.039140
0 0.521361 0.276733 0.020606 0.027110
3 0.537463 0.242697 0.015061 0.035256
0 0.404679 0.275392 0.018871 0.024536
3 0.427558 0.206812 0.013579 0.031127
0 0.553844 0.282955 0.017733 0.023389
0 0.517850 0.257248 0.015639 0.019713
0 0.422803 0.245998 0.014130 0.021192
0 0.559011 0.269932 0.013797 0.021569
