3 0.141282 0.423762 0.142763 0.238529
0 0.730089 0.554232 0.075663 0.107755
0 0.616249 0.527440 0.065147 0.107395
0 0.331194 0.361478 0.036421 0.053116
0 0.554441 0.364384 0.033911 0.048243
0 0.655418 0.358559 0.032033 0.045731
0 0.583182 0.317906 0.026953 0.035993
3 0.413308 0.208014 0.015452 0.039778
0 0.368786 0.262778 0.018902 0.025407
0 0.409266 0.252750 0.017309 0.026813
0 0.438291 0.260795 0.017842 0.025809
0 0.447214 0.242209 0.015538 0.021428
0 0.447314 0.245275 0.014843 0.015842
0 0.512328 0.242318 0.013250 0.017460
