0 0.719193 0.557621 0.067557 0.089156
0 0.616997 0.556355 0.064410 0.090961
3 0.631293 0.303990 0.049890 0.102475
3 0.329991 0.285027 0.043629 0.089649
0 0.712488 0.435091 0.045876 0.062623
0 0.619192 0.384485 0.039433 0.068144
0 0.320704 0.389661 0.041136 0.058016
0 0.540485 0.331203 0.031963 0.043032
0 0.583911 0.329458 0.025747 0.035560
3 0.549432 0.264816 0.019902 0.042456
0 0.570155 0.305099 0.021205 0.028321
0 0.526030 0.289630 0.020352 0.027878
0 0.402029 0.258303 0.017082 0.027619
0 0.423461 0.249681 0.015807 0.019735
0 0.534710 0.247542 0.012334 0.017832
0 0.434172 0.231638 0.012910 0.016033
