0 0.166306 0.598353 0.085011 0.123244
0 0.748454 0.619674 0.080097 0.117398
0 0.617063 0.372498 0.037345 0.056733
0 0.556158 0.363169 0.036110 0.055972
0 0.421797 0.312508 0.026811 0.036310
3 0.405920 0.219982 0.019414 0.045562
0 0.338102 0.297536 0.024516 0.032321
0 0.383768 0.290730 0.023113 0.033404
0 0.611830 0.309401 0.023188 0.033275
0 0.532166 0.303310 0.021124 0.032466
0 0.435785 0.277047 0.021170 0.032278
0 0.559936 0.283116 0.019961 0.025740
0 0.528841 0.227566 0.011340 0.021211
0 0.434903 0.230324 0.012192 0.016649
0 0.508825 0.232094 0.010872 0.014359
