3 0.054519 0.555404 0.108356 0.304358
0 0.647232 0.599776 0.083610 0.137016
0 0.784626 0.651415 0.082728 0.113458
0 0.306384 0.397953 0.043632 0.076181
0 0.584291 0.435678 0.049727 0.063441
0 0.737229 0.449627 0.045667 0.065284
0 0.632203 0.402677 0.040755 0.063880
0 0.354319 0.337998 0.032655 0.058573
3 0.574407 0.250195 0.026168 0.059404
0 0.536692 0.319144 0.025243 0.033872
0 0.437044 0.304884 0.022894 0.032175
0 0.593150 0.292805 0.020429 0.029709
0 0.561726 0.293669 0.019824 0.026772
0 0.396173 0.281715 0.019340 0.026974
0 0.545744 0.264722 0.016853 0.029919
0 0.522359 0.275015 0.017763 0.025439
0 0.449228 0.263546 0.015357 0.025287
