0 0.297066 0.664200 0.089592 0.147276
0 0.160390 0.479462 0.062962 0.076563
3 0.343000 0.277199 0.040153 0.082503
0 0.402059 0.355526 0.039815 0.062937
3 0.368268 0.255792 0.031208 0.071685
3 0.596031 0.340780 0.032882 0.053383
0 0.542846 0.331500 0.027899 0.041445
0 0.375221 0.316990 0.024763 0.034194
3 0.401314 0.248999 0.014587 0.027742
0 0.526200 0.271723 0.016520 0.024432
0 0.420856 0.261394 0.016065 0.023738
0 0.568801 0.264512 0.015200 0.022968
0 0.539410 0.257432 0.014259 0.020128
0 0.510381 0.235801 0.012599 0.021733
0 0.561486 0.248315 0.012803 0.018406
