3 0.195796 0.397536 0.103208 0.171926
0 0.690811 0.751752 0.104942 0.145471
0 0.907940 0.642404 0.088997 0.119936
0 0.722141 0.542510 0.066699 0.101955
3 0.586095 0.261173 0.030874 0.068664
0 0.561655 0.390150 0.036621 0.051685
0 0.361600 0.323090 0.029944 0.051848
0 0.388303 0.291892 0.024032 0.043604
0 0.582381 0.327379 0.026104 0.035570
0 0.612658 0.316290 0.024692 0.035447
0 0.558107 0.284372 0.020959 0.035314
0 0.531557 0.306446 0.022545 0.031056
3 0.424195 0.210427 0.014018 0.033168
0 0.448779 0.264337 0.016342 0.025501
0 0.412763 0.258638 0.015799 0.022808
0 0.540825 0.262980 0.014985 0.022630
0 0.514933 0.257794 0.015700 0.021476
0 0.555731 0.259178 0.013646 0.022603
