3 0.086380 0.475856 0.172761 0.295157
0 0.680284 0.475011 0.057613 0.087502
0 0.590808 0.458748 0.052104 0.084089
0 0.305010 0.400686 0.042688 0.063896
0 0.546711 0.341486 0.030760 0.043234
0 0.639802 0.340581 0.029019 0.041470
0 0.575087 0.305928 0.024562 0.033096
3 0.411414 0.211270 0.015748 0.040981
0 0.434622 0.272604 0.019560 0.028052
0 0.361527 0.272105 0.019833 0.027189
0 0.403719 0.261960 0.018530 0.027538
0 0.444350 0.249370 0.017793 0.026178
0 0.423505 0.239845 0.014883 0.018788
0 0.511330 0.239675 0.012287 0.016908
0 0.439031 0.217417 0.011624 0.017300
