3 0.917747 0.626249 0.163471 0.403499
3 0.694057 0.484615 0.073547 0.138711
0 0.364497 0.471013 0.054914 0.078304
0 0.400695 0.360608 0.039050 0.055251
0 0.331211 0.367735 0.037204 0.053726
0 0.276394 0.360199 0.035990 0.048390
3 0.394819 0.219666 0.022870 0.073563
0 0.605933 0.364586 0.033198 0.048957
3 0.394851 0.230536 0.022650 0.051960
0 0.393549 0.284639 0.025873 0.039387
0 0.571887 0.300006 0.023235 0.034695
0 0.533093 0.294481 0.022677 0.033920
0 0.582562 0.275352 0.017632 0.025798
0 0.423373 0.243045 0.015612 0.027465
0 0.520718 0.265720 0.015747 0.022919
0 0.543495 0.256825 0.016029 0.019987
0 0.423375 0.246982 0.015434 0.019445
