0 0.046015 0.790970 0.091644 0.206932
0 0.689316 0.511337 0.059433 0.087378
0 0.601692 0.349402 0.032974 0.046689
0 0.548045 0.340591 0.031169 0.048167
0 0.413549 0.335713 0.030162 0.041574
0 0.326071 0.309829 0.026527 0.035951
0 0.374002 0.304163 0.024751 0.037820
3 0.403539 0.223257 0.019850 0.046398
0 0.428878 0.292093 0.024235 0.035294
0 0.602797 0.299113 0.021288 0.031298
0 0.409551 0.259146 0.019908 0.030985
0 0.528510 0.292064 0.019847 0.029419
0 0.555003 0.275781 0.018511 0.024940
0 0.432783 0.232944 0.013183 0.019114
