3 0.185304 0.386433 0.116816 0.204705
0 0.816365 0.685558 0.110297 0.146845
0 0.658620 0.642837 0.089055 0.143847
0 0.566017 0.393791 0.039444 0.056329
0 0.674752 0.379126 0.036227 0.051844
0 0.350196 0.331058 0.031074 0.046232
0 0.593376 0.333551 0.029852 0.038865
3 0.595048 0.208644 0.021503 0.033201
3 0.536788 0.226229 0.014608 0.042921
3 0.414387 0.203539 0.014919 0.038239
0 0.375208 0.254270 0.017770 0.023699
0 0.414140 0.243685 0.016006 0.024942
0 0.441057 0.249149 0.016445 0.024271
0 0.449296 0.232745 0.015108 0.021198
3 0.513696 0.244997 0.013729 0.019873
0 0.427928 0.227359 0.013511 0.016854
0 0.449267 0.235426 0.014624 0.015312
0 0.440723 0.209397 0.010284 0.011673
