0 0.116948 0.647619 0.107266 0.181243
0 0.823953 0.734392 0.103784 0.133797
0 0.320707 0.625691 0.077576 0.127061
0 0.752323 0.472229 0.054505 0.078364
0 0.407421 0.374148 0.033203 0.050631
0 0.334011 0.365864 0.034783 0.047179
0 0.544173 0.328782 0.029899 0.046917
0 0.593226 0.349542 0.029344 0.043220
3 0.558451 0.232855 0.020990 0.048271
0 0.424547 0.327124 0.026264 0.036988
0 0.631130 0.326961 0.024624 0.036585
2 0.404727 0.223351 0.019312 0.045554
3 0.404620 0.223547 0.019408 0.045232
0 0.572822 0.306112 0.023392 0.033178
0 0.433076 0.298458 0.022996 0.031522
0 0.533260 0.297245 0.023316 0.029412
3 0.598386 0.221311 0.021004 0.029836
0 0.441708 0.268472 0.017252 0.026863
3 0.540884 0.249565 0.014325 0.032169
0 0.569992 0.262642 0.015075 0.022709
0 0.517613 0.261700 0.015311 0.020451
0 0.418546 0.247468 0.014306 0.019376
