3 0.073766 0.505561 0.146804 0.324476
0 0.663057 0.448176 0.051855 0.075320
0 0.582511 0.433202 0.050040 0.074409
0 0.287806 0.426721 0.047122 0.069182
0 0.542559 0.332451 0.027227 0.040120
0 0.633403 0.333884 0.027559 0.038660
3 0.410796 0.213184 0.017213 0.041206
0 0.571643 0.301025 0.023627 0.029946
0 0.432640 0.279740 0.021362 0.028598
0 0.357251 0.276880 0.020858 0.027841
3 0.533201 0.224253 0.015035 0.037449
0 0.400552 0.268271 0.018556 0.029167
0 0.443569 0.255290 0.017695 0.026786
0 0.422050 0.240041 0.016630 0.026002
0 0.438528 0.220147 0.011640 0.017490
